00000,19,-0.300488,0.792626,-0.468048,-0.249763,0.333217,0.202109,1.243222
00001,19,-0.298786,0.774269,-0.505551,-0.235908,0.332568,0.202820,1.238297
00002,19,-0.296420,0.754447,-0.542080,-0.221572,0.331919,0.203532,1.233372
00003,19,-0.293397,0.733201,-0.577561,-0.206780,0.331270,0.204243,1.228446
00004,19,-0.289723,0.710572,-0.611927,-0.191555,0.330621,0.204955,1.223521
00005,19,-0.285408,0.686606,-0.645109,-0.175924,0.329972,0.205666,1.218596
00006,19,-0.280460,0.661350,-0.677042,-0.159914,0.329323,0.206378,1.213671
00007,19,-0.274893,0.634854,-0.707663,-0.143553,0.328674,0.207089,1.208746
00008,19,-0.268718,0.607170,-0.736912,-0.126868,0.328026,0.207801,1.203820
00009,19,-0.261950,0.578354,-0.764731,-0.109890,0.327377,0.208512,1.198895
00010,19,-0.254605,0.548460,-0.791065,-0.092646,0.326728,0.209224,1.193970
00011,19,-0.246698,0.517549,-0.815863,-0.075168,0.326079,0.209935,1.189045
00012,19,-0.238249,0.485681,-0.839075,-0.057487,0.325430,0.210647,1.184120
00013,19,-0.229276,0.452917,-0.860655,-0.039633,0.324781,0.211358,1.179195
00014,19,-0.219799,0.419323,-0.880561,-0.021639,0.324132,0.212070,1.174269
00015,19,-0.209841,0.384963,-0.898753,-0.003536,0.323483,0.212781,1.169344
00016,19,-0.199423,0.349905,-0.915195,0.014643,0.322834,0.213493,1.164419
00017,19,-0.188569,0.314216,-0.929855,0.032866,0.322185,0.214204,1.159494
00018,19,-0.177304,0.277967,-0.942702,0.051099,0.321536,0.214916,1.154569
00019,19,-0.165652,0.241226,-0.953711,0.069310,0.320887,0.215627,1.149643
00020,19,-0.153641,0.204066,-0.962861,0.087466,0.320238,0.216339,1.144718
00021,19,-0.141297,0.166559,-0.970132,0.105534,0.319589,0.217050,1.139793
00022,19,-0.128648,0.128776,-0.975509,0.123480,0.318940,0.217762,1.134868
00023,19,-0.115722,0.090792,-0.978983,0.141272,0.318291,0.218473,1.129943
00024,19,-0.102549,0.052679,-0.980544,0.158877,0.317642,0.219185,1.125017
00025,19,-0.089159,0.014510,-0.980190,0.176262,0.316993,0.219896,1.120092
00026,19,-0.075580,-0.023641,-0.977920,0.193395,0.316344,0.220608,1.115167
00027,19,-0.061844,-0.061700,-0.973738,0.210244,0.315695,0.221319,1.110242
00028,19,-0.047983,-0.099595,-0.967652,0.226777,0.315046,0.222031,1.105317
00029,19,-0.034026,-0.137253,-0.959673,0.242963,0.314397,0.222742,1.100391
00030,19,-0.020005,-0.174601,-0.949816,0.258772,0.313748,0.223454,1.095466
00031,19,-0.005952,-0.211569,-0.938100,0.274174,0.313099,0.224165,1.090541
00032,19,0.008101,-0.248086,-0.924547,0.289138,0.312450,0.224877,1.085616
00033,19,0.022123,-0.284082,-0.909182,0.303636,0.311801,0.225588,1.080691
00034,19,0.036082,-0.319489,-0.892036,0.317641,0.311152,0.226300,1.075765
00035,19,0.049947,-0.354239,-0.873142,0.331124,0.310504,0.227011,1.070840
00036,19,0.063687,-0.388266,-0.852535,0.344060,0.309855,0.227723,1.065915
00037,19,0.077270,-0.421507,-0.830255,0.356423,0.309206,0.228434,1.060990
00038,19,0.090666,-0.453898,-0.806346,0.368188,0.308557,0.229146,1.056065
00039,19,0.103844,-0.485377,-0.780854,0.379331,0.307908,0.229857,1.051140
00040,19,0.116776,-0.515886,-0.753828,0.389831,0.307259,0.230569,1.046214
00041,19,0.129430,-0.545368,-0.725320,0.399664,0.306610,0.231280,1.041289
00042,19,0.141780,-0.573767,-0.695387,0.408812,0.305961,0.231992,1.036364
00043,19,0.153796,-0.601029,-0.664085,0.417255,0.305312,0.232703,1.031439
00044,19,0.165452,-0.627105,-0.631476,0.424974,0.304663,0.233415,1.026514
00045,19,0.176722,-0.651945,-0.597624,0.431952,0.304014,0.234126,1.021588
00046,19,0.187578,-0.675504,-0.562593,0.438175,0.303365,0.234838,1.016663
00047,19,0.197998,-0.697738,-0.526453,0.443628,0.302716,0.235549,1.011738
00048,19,0.207956,-0.718606,-0.489274,0.448298,0.302067,0.236261,1.006813
00049,19,0.217431,-0.738070,-0.451127,0.452173,0.301418,0.236972,1.001888
00050,19,0.226400,-0.756095,-0.412089,0.455243,0.300769,0.237684,0.996962
00051,19,0.234843,-0.772647,-0.372234,0.457500,0.300120,0.238395,0.992037
00052,19,0.242741,-0.787699,-0.331640,0.458936,0.299471,0.239107,0.987112
00053,19,0.250076,-0.801221,-0.290387,0.459545,0.298822,0.239818,0.982187
00054,19,0.256830,-0.813192,-0.248556,0.459322,0.298173,0.240530,0.977262
00055,19,0.262988,-0.823590,-0.206227,0.458265,0.297524,0.241241,0.972336
00056,19,0.268535,-0.832397,-0.163485,0.456373,0.296875,0.241953,0.967411
00057,19,0.273459,-0.839600,-0.120412,0.453644,0.296226,0.242664,0.962486
00058,19,0.277749,-0.845186,-0.077092,0.450082,0.295577,0.243376,0.957561
00059,19,0.281393,-0.849147,-0.033611,0.445688,0.294928,0.244087,0.952636
00060,19,0.284383,-0.851479,0.009947,0.440467,0.294279,0.244799,0.947710
00061,19,0.286712,-0.852178,0.053496,0.434426,0.293630,0.245510,0.942785
00062,19,0.288374,-0.851247,0.096951,0.427572,0.292981,0.246222,0.937860
00063,19,0.289366,-0.848690,0.140227,0.419915,0.292333,0.246933,0.932935
00064,19,0.289684,-0.844515,0.183238,0.411463,0.291684,0.247645,0.928010
00065,19,0.289326,-0.838731,0.225902,0.402231,0.291035,0.248356,0.923085
00066,19,0.288294,-0.831352,0.268133,0.392230,0.290386,0.249068,0.918159
00067,19,0.286589,-0.822396,0.309849,0.381477,0.289737,0.249779,0.913234
00068,19,0.284215,-0.811882,0.350968,0.369986,0.289088,0.250491,0.908309
00069,19,0.281175,-0.799833,0.391410,0.357777,0.288439,0.251202,0.903384
00070,19,0.277478,-0.786275,0.431095,0.344868,0.287790,0.251914,0.898459
00071,19,0.273130,-0.771236,0.469946,0.331280,0.287141,0.252625,0.893533
00072,19,0.268141,-0.754747,0.507884,0.317034,0.286492,0.253337,0.888608
00073,19,0.262523,-0.736843,0.544837,0.302154,0.285843,0.254048,0.883683
00074,19,0.256286,-0.717560,0.580732,0.286663,0.285194,0.254760,0.878758
00075,19,0.249445,-0.696938,0.615497,0.270587,0.284545,0.255471,0.873833
00076,19,0.242014,-0.675019,0.649065,0.253954,0.283896,0.256183,0.868907
00077,19,0.234012,-0.651848,0.681369,0.236789,0.283247,0.256894,0.863982
00078,19,0.225454,-0.627470,0.712346,0.219123,0.282598,0.257606,0.859057
00079,19,0.216361,-0.601935,0.741934,0.200985,0.281949,0.258317,0.854132
00080,19,0.206752,-0.575295,0.770076,0.182406,0.281300,0.259029,0.849207
00081,19,0.196649,-0.547601,0.796716,0.163418,0.280651,0.259740,0.844281
00082,19,0.186075,-0.518911,0.821801,0.144053,0.280002,0.260452,0.839356
00083,19,0.175054,-0.489279,0.845281,0.124345,0.279353,0.261163,0.834431
00084,19,0.163610,-0.458766,0.867111,0.104328,0.278704,0.261875,0.829506
00085,19,0.151770,-0.427431,0.887247,0.084037,0.278055,0.262586,0.824581
00086,19,0.139560,-0.395336,0.905648,0.063507,0.277406,0.263298,0.819655
00087,19,0.127008,-0.362544,0.922280,0.042775,0.276757,0.264009,0.814730
00088,19,0.114142,-0.329120,0.937109,0.021876,0.276108,0.264721,0.809805
00089,19,0.100992,-0.295129,0.950104,0.000849,0.275459,0.265432,0.804880
00090,19,0.087588,-0.260638,0.961241,-0.020269,0.274811,0.266144,0.799955
00091,19,0.073960,-0.225713,0.970498,-0.041440,0.274162,0.266855,0.795030
00092,19,0.060141,-0.190423,0.977855,-0.062627,0.273513,0.267567,0.790104
00093,19,0.046160,-0.154837,0.983297,-0.083791,0.272864,0.268278,0.785179
00094,19,0.032052,-0.119023,0.986815,-0.104894,0.272215,0.268990,0.780254
00095,19,0.017848,-0.083050,0.988400,-0.125897,0.271566,0.269701,0.775329
00096,19,0.003581,-0.046988,0.988049,-0.146762,0.270917,0.270413,0.770404
00097,19,-0.010715,-0.010908,0.985762,-0.167450,0.270268,0.271124,0.765478
00098,19,-0.025009,0.025123,0.981544,-0.187923,0.269619,0.271836,0.760553
00099,19,-0.039265,0.061035,0.975402,-0.208144,0.268970,0.272547,0.755628
