00000,13,-0.243561,-0.910142,-0.323625,-0.087103,-0.543641,0.787362,3.282294
00001,13,-0.251778,-0.916406,-0.293760,-0.102537,-0.550134,0.798484,3.301658
00002,13,-0.259268,-0.921628,-0.263530,-0.118037,-0.556627,0.809605,3.321023
00003,13,-0.266020,-0.925802,-0.232978,-0.133587,-0.563120,0.820727,3.340387
00004,13,-0.272019,-0.928920,-0.202145,-0.149166,-0.569613,0.831848,3.359752
00005,13,-0.277254,-0.930977,-0.171074,-0.164758,-0.576106,0.842970,3.379116
00006,13,-0.281712,-0.931970,-0.139809,-0.180343,-0.582599,0.854091,3.398481
00007,13,-0.285381,-0.931896,-0.108392,-0.195903,-0.589092,0.865213,3.417845
00008,13,-0.288250,-0.930755,-0.076868,-0.211419,-0.595584,0.876334,3.437210
00009,13,-0.290306,-0.928548,-0.045280,-0.226870,-0.602077,0.887455,3.456574
00010,13,-0.291539,-0.925278,-0.013674,-0.242238,-0.608570,0.898577,3.475939
00011,13,-0.291938,-0.920947,0.017906,-0.257502,-0.615063,0.909698,3.495303
00012,13,-0.291493,-0.915564,0.049415,-0.272640,-0.621556,0.920820,3.514668
00013,13,-0.290195,-0.909134,0.080808,-0.287633,-0.628049,0.931941,3.534032
00014,13,-0.288033,-0.901667,0.112039,-0.302458,-0.634542,0.943063,3.553397
00015,13,-0.285000,-0.893174,0.143062,-0.317093,-0.641035,0.954184,3.572761
00016,13,-0.281089,-0.883668,0.173833,-0.331514,-0.647528,0.965306,3.592126
00017,13,-0.276292,-0.873163,0.204304,-0.345699,-0.654021,0.976427,3.611490
00018,13,-0.270604,-0.861676,0.234432,-0.359624,-0.660514,0.987549,3.630855
00019,13,-0.264020,-0.849225,0.264169,-0.373263,-0.667007,0.998670,3.650219
00020,13,-0.256536,-0.835830,0.293470,-0.386591,-0.673499,1.009792,3.669584
00021,13,-0.248150,-0.821513,0.322291,-0.399583,-0.679992,1.020913,3.688948
00022,13,-0.238862,-0.806298,0.350586,-0.412212,-0.686485,1.032034,3.708313
00023,13,-0.228670,-0.790210,0.378310,-0.424451,-0.692978,1.043156,3.727677
00024,13,-0.217578,-0.773279,0.405421,-0.436272,-0.699471,1.054277,3.747042
00025,13,-0.205589,-0.755532,0.431873,-0.447649,-0.705964,1.065399,3.766406
00026,13,-0.192709,-0.737003,0.457625,-0.458551,-0.712457,1.076520,3.785771
00027,13,-0.178944,-0.717724,0.482634,-0.468951,-0.718950,1.087642,3.805135
00028,13,-0.164305,-0.697731,0.506860,-0.478820,-0.725443,1.098763,3.824500
00029,13,-0.148802,-0.677061,0.530261,-0.488128,-0.731936,1.109885,3.843864
00030,13,-0.132449,-0.655754,0.552800,-0.496846,-0.738429,1.121006,3.863229
00031,13,-0.115262,-0.633850,0.574439,-0.504945,-0.744921,1.132128,3.882593
00032,13,-0.097260,-0.611391,0.595141,-0.512395,-0.751414,1.143249,3.901958
00033,13,-0.078462,-0.588422,0.614872,-0.519168,-0.757907,1.154371,3.921322
00034,13,-0.058892,-0.564989,0.633598,-0.525235,-0.764400,1.165492,3.940687
00035,13,-0.038575,-0.541139,0.651290,-0.530567,-0.770893,1.176613,3.960051
00036,13,-0.017540,-0.516920,0.667917,-0.535138,-0.777386,1.187735,3.979416
00037,13,0.004183,-0.492382,0.683452,-0.538920,-0.783879,1.198856,3.998780
00038,13,0.026560,-0.467576,0.697872,-0.541888,-0.790372,1.209978,4.018145
00039,13,0.049556,-0.442552,0.711152,-0.544017,-0.796865,1.221099,4.037510
00040,13,0.073133,-0.417365,0.723274,-0.545282,-0.803358,1.232221,4.056874
00041,13,0.097249,-0.392066,0.734220,-0.545663,-0.809851,1.243342,4.076239
00042,13,0.121861,-0.366709,0.743975,-0.545138,-0.816344,1.254464,4.095603
00043,13,0.146924,-0.341348,0.752527,-0.543689,-0.822836,1.265585,4.114968
00044,13,0.172390,-0.316036,0.759869,-0.541297,-0.829329,1.276707,4.134332
00045,13,0.198209,-0.290828,0.765992,-0.537948,-0.835822,1.287828,4.153697
00046,13,0.224330,-0.265775,0.770895,-0.533629,-0.842315,1.298950,4.173061
00047,13,0.250699,-0.240931,0.774578,-0.528328,-0.848808,1.310071,4.192426
00048,13,0.277262,-0.216348,0.777043,-0.522038,-0.855301,1.321192,4.211790
00049,13,0.303960,-0.192076,0.778297,-0.514751,-0.861794,1.332314,4.231155
00050,13,0.330738,-0.168165,0.778349,-0.506464,-0.868287,1.343435,4.250519
00051,13,0.357536,-0.144664,0.777211,-0.497175,-0.874780,1.354557,4.269884
00052,13,0.384296,-0.121618,0.774898,-0.486887,-0.881273,1.365678,4.289248
00053,13,0.410956,-0.099073,0.771428,-0.475603,-0.887766,1.376800,4.308613
00054,13,0.437457,-0.077072,0.766822,-0.463330,-0.894258,1.387921,4.327977
00055,13,0.463739,-0.055656,0.761104,-0.450078,-0.900751,1.399043,4.347342
00056,13,0.489741,-0.034863,0.754299,-0.435858,-0.907244,1.410164,4.366706
00057,13,0.515404,-0.014731,0.746435,-0.420685,-0.913737,1.421286,4.386071
00058,13,0.540670,0.004708,0.737545,-0.404576,-0.920230,1.432407,4.405435
00059,13,0.565479,0.023422,0.727659,-0.387552,-0.926723,1.443529,4.424800
00060,13,0.589776,0.041381,0.716814,-0.369635,-0.933216,1.454650,4.444164
00061,13,0.613504,0.058561,0.705045,-0.350849,-0.939709,1.465771,4.463529
00062,13,0.636610,0.074937,0.692390,-0.331221,-0.946202,1.476893,4.482893
00063,13,0.659041,0.090489,0.678890,-0.310781,-0.952695,1.488014,4.502258
00064,13,0.680747,0.105200,0.664584,-0.289559,-0.959188,1.499136,4.521622
00065,13,0.701680,0.119053,0.649514,-0.267589,-0.965681,1.510257,4.540987
00066,13,0.721792,0.132037,0.633722,-0.244906,-0.972173,1.521379,4.560351
00067,13,0.741041,0.144141,0.617252,-0.221545,-0.978666,1.532500,4.579716
00068,13,0.759384,0.155359,0.600146,-0.197546,-0.985159,1.543622,4.599080
00069,13,0.776782,0.165685,0.582449,-0.172947,-0.991652,1.554743,4.618445
00070,13,0.793200,0.175117,0.564204,-0.147789,-0.998145,1.565865,4.637809
00071,13,0.808602,0.183656,0.545455,-0.122114,-1.004638,1.576986,4.657174
00072,13,0.822958,0.191302,0.526245,-0.095965,-1.011131,1.588108,4.676538
00073,13,0.836240,0.198062,0.506617,-0.069383,-1.017624,1.599229,4.695903
00074,13,0.848420,0.203939,0.486613,-0.042415,-1.024117,1.610350,4.715267
00075,13,0.859477,0.208944,0.466277,-0.015104,-1.030610,1.621472,4.734632
00076,13,0.869389,0.213084,0.445648,0.012506,-1.037103,1.632593,4.753996
00077,13,0.878138,0.216372,0.424768,0.040368,-1.043595,1.643715,4.773361
00078,13,0.885709,0.218819,0.403675,0.068437,-1.050088,1.654836,4.792725
00079,13,0.892089,0.220441,0.382410,0.096669,-1.056581,1.665958,4.812090
00080,13,0.897269,0.221251,0.361009,0.125017,-1.063074,1.677079,4.831454
00081,13,0.901239,0.221267,0.339508,0.153437,-1.069567,1.688201,4.850819
00082,13,0.903995,0.220505,0.317945,0.181883,-1.076060,1.699322,4.870183
00083,13,0.905534,0.218983,0.296352,0.210311,-1.082553,1.710444,4.889548
00084,13,0.905854,0.216719,0.274764,0.238677,-1.089046,1.721565,4.908913
00085,13,0.904957,0.213732,0.253213,0.266937,-1.095539,1.732687,4.928277
00086,13,0.902845,0.210043,0.231730,0.295048,-1.102032,1.743808,4.947642
00087,13,0.899526,0.205670,0.210345,0.322967,-1.108525,1.754929,4.967006
00088,13,0.895005,0.200634,0.189088,0.350652,-1.115018,1.766051,4.986371
00089,13,0.889293,0.194956,0.167987,0.378062,-1.121510,1.777172,5.005735
00090,13,0.882399,0.188655,0.147069,0.405156,-1.128003,1.788294,5.025100
00091,13,0.874337,0.181752,0.126360,0.431895,-1.134496,1.799415,5.044464
00092,13,0.865122,0.174268,0.105886,0.458239,-1.140989,1.810537,5.063829
00093,13,0.854768,0.166223,0.085671,0.484151,-1.147482,1.821658,5.083193
00094,13,0.843294,0.157638,0.065739,0.509592,-1.153975,1.832780,5.102558
00095,13,0.830718,0.148531,0.046113,0.534527,-1.160468,1.843901,5.121922
00096,13,0.817061,0.138924,0.026815,0.558921,-1.166961,1.855023,5.141287
00097,13,0.802344,0.128836,0.007866,0.582737,-1.173454,1.866144,5.160651
00098,13,0.786591,0.118287,-0.010711,0.605944,-1.179947,1.877266,5.180016
00099,13,0.769826,0.107295,-0.028897,0.628507,-1.186440,1.888387,5.199380
