00000,5,0.553542,0.461021,-0.352128,-0.597540,13.418486,4.546979,95.626590
00001,5,0.635232,0.463194,-0.402911,-0.468606,13.879429,4.235869,95.626543
00002,5,0.683954,0.469019,-0.452748,-0.327483,14.340372,3.924760,95.626495
00003,5,0.699431,0.476488,-0.500586,-0.182117,14.801315,3.613650,95.626447
00004,5,0.683386,0.483810,-0.545320,-0.039182,15.262258,3.302541,95.626400
00005,5,0.638658,0.489594,-0.585817,0.096073,15.723201,2.991431,95.626352
00006,5,0.568527,0.492916,-0.620959,0.219586,16.184144,2.680321,95.626304
00007,5,0.476327,0.493304,-0.649700,0.328103,16.645087,2.369212,95.626257
00008,5,0.365317,0.490662,-0.671127,0.418784,17.106030,2.058102,95.626209
00009,5,0.238750,0.485151,-0.684545,0.488899,17.566973,1.746993,95.626161
00010,5,0.100077,0.477055,-0.689553,0.535646,18.027916,1.435883,95.626114
00011,5,-0.046747,0.466620,-0.686134,0.556145,18.488859,1.124774,95.626066
00012,5,-0.196915,0.453900,-0.674746,0.547645,18.949802,0.813664,95.626018
00013,5,-0.344481,0.438625,-0.656409,0.508002,19.410745,0.502554,95.625971
00014,5,-0.482300,0.420144,-0.632770,0.436423,19.871688,0.191445,95.625923
00015,5,-0.602395,0.397476,-0.606087,0.334349,20.332631,-0.119665,95.625875
00016,5,-0.696873,0.369501,-0.579079,0.206159,20.793574,-0.430774,95.625828
00017,5,-0.759279,0.335248,-0.554609,0.059255,21.254517,-0.741884,95.625780
00018,5,-0.785894,0.294179,-0.535229,-0.096730,21.715459,-1.052993,95.625732
00019,5,-0.776408,0.246353,-0.522752,-0.251453,22.176402,-1.364103,95.625684
00020,5,-0.733652,0.192418,-0.517986,-0.395498,22.637345,-1.675213,95.625637
00021,5,-0.662593,0.133484,-0.520748,-0.521509,23.098288,-1.986322,95.625589
00022,5,-0.569133,0.070961,-0.530089,-0.624544,23.559231,-2.297432,95.625541
00023,5,-0.459150,0.006437,-0.544624,-0.701800,24.020174,-2.608541,95.625494
00024,5,-0.337970,-0.058398,-0.562848,-0.752041,24.481117,-2.919651,95.625446
00025,5,-0.210247,-0.121786,-0.583380,-0.775003,24.942060,-3.230760,95.625398
00026,5,-0.080094,-0.181925,-0.605097,-0.770937,25.403003,-3.541870,95.625351
00027,5,0.048652,-0.237003,-0.627195,-0.740329,25.863946,-3.852980,95.625303
00028,5,0.172123,-0.285249,-0.649155,-0.683815,26.324889,-4.164089,95.625255
00029,5,0.286125,-0.325015,-0.670657,-0.602257,26.785832,-4.475199,95.625208
00030,5,0.385940,-0.354904,-0.691431,-0.497005,27.246775,-4.786308,95.625160
00031,5,0.466280,-0.373935,-0.711076,-0.370303,27.707718,-5.097418,95.625112
00032,5,0.521526,-0.381777,-0.728877,-0.225816,28.168661,-5.408528,95.625065
00033,5,0.546359,-0.378988,-0.743697,-0.069079,28.629604,-5.719637,95.625017
00034,5,0.536761,-0.367216,-0.753996,0.092345,29.090547,-6.030747,95.624969
00035,5,0.491181,-0.349205,-0.758043,0.249330,29.551490,-6.341856,95.624922
00036,5,0.411394,-0.328521,-0.754260,0.392325,30.012433,-6.652966,95.624874
00037,5,0.302552,-0.308993,-0.741567,0.512894,30.473376,-6.964075,95.624826
00038,5,0.172323,-0.294039,-0.719575,0.605025,30.934319,-7.275185,95.624778
00039,5,0.029445,-0.286136,-0.688554,0.665695,31.395262,-7.586295,95.624731
00040,5,-0.117649,-0.286585,-0.649267,0.694606,31.856205,-7.897404,95.624683
00041,5,-0.261718,-0.295600,-0.602780,0.693382,32.317148,-8.208514,95.624635
00042,5,-0.397004,-0.312571,-0.550335,0.664692,32.778091,-8.519623,95.624588
00043,5,-0.519105,-0.336399,-0.493302,0.611569,33.239034,-8.830733,95.624540
00044,5,-0.624624,-0.365788,-0.433191,0.537017,33.699977,-9.141842,95.624492
00045,5,-0.710800,-0.399463,-0.371675,0.443901,34.160920,-9.452952,95.624445
00046,5,-0.775182,-0.436311,-0.310614,0.335024,34.621863,-9.764062,95.624397
