00000,02,1.000000,0.000196,0.000000,0.000000,14.996500,0.000000,40.005000
00001,02,0.999803,0.019830,0.000000,0.000000,14.646500,0.000000,40.505000
00002,02,0.999221,0.039456,0.000000,0.000000,14.296500,0.000000,41.005000
00003,02,0.998254,0.059067,0.000000,0.000000,13.946500,0.000000,41.505000
00004,02,0.996902,0.078655,0.000000,0.000000,13.596500,0.000000,42.005000
00005,02,0.995165,0.098213,0.000000,0.000000,13.246500,0.000000,42.505000
00006,02,0.993045,0.117732,0.000000,0.000000,12.896500,0.000000,43.005000
00007,02,0.990542,0.137207,0.000000,0.000000,12.546500,0.000000,43.505000
00008,02,0.987658,0.156628,0.000000,0.000000,12.196500,0.000000,44.005000
00009,02,0.984392,0.175990,0.000000,0.000000,11.846500,0.000000,44.505000
00010,02,0.980747,0.195283,0.000000,0.000000,11.496500,0.000000,45.005000
00011,02,0.976724,0.214501,0.000000,0.000000,11.146500,0.000000,45.505000
00012,02,0.972324,0.233636,0.000000,0.000000,10.796500,0.000000,46.005000
00013,02,0.967549,0.252682,0.000000,0.000000,10.446500,0.000000,46.505000
00014,02,0.962402,0.271629,0.000000,0.000000,10.096500,0.000000,47.005000
00015,02,0.956883,0.290473,0.000000,0.000000,9.746500,0.000000,47.505000
00016,02,0.950996,0.309204,0.000000,0.000000,9.396500,0.000000,48.005000
00017,02,0.944742,0.327816,0.000000,0.000000,9.046500,0.000000,48.505000
00018,02,0.938123,0.346301,0.000000,0.000000,8.696500,0.000000,49.005000
00019,02,0.931143,0.364653,0.000000,0.000000,8.346500,0.000000,49.505000
00020,02,0.923804,0.382865,0.000000,0.000000,7.996500,0.000000,50.005000
00021,02,0.916109,0.400929,0.000000,0.000000,7.646500,0.000000,50.505000
00022,02,0.908061,0.418838,0.000000,0.000000,7.296500,0.000000,51.005000
00023,02,0.899663,0.436586,0.000000,0.000000,6.946500,0.000000,51.505000
00024,02,0.890917,0.454165,0.000000,0.000000,6.596500,0.000000,52.005000
00025,02,0.881829,0.471570,0.000000,0.000000,6.246500,0.000000,52.505000
00026,02,0.872400,0.488793,0.000000,0.000000,5.896500,0.000000,53.005000
00027,02,0.862635,0.505827,0.000000,0.000000,5.546500,0.000000,53.505000
00028,02,0.852538,0.522666,0.000000,0.000000,5.196500,0.000000,54.005000
00029,02,0.842111,0.539304,0.000000,0.000000,4.846500,0.000000,54.505000
00030,02,0.831360,0.555733,0.000000,0.000000,4.496500,0.000000,55.005000
00031,02,0.820289,0.571949,0.000000,0.000000,4.146500,0.000000,55.505000
00032,02,0.808902,0.587944,0.000000,0.000000,3.796500,0.000000,56.005000
00033,02,0.797202,0.603712,0.000000,0.000000,3.446500,0.000000,56.505000
00034,02,0.785195,0.619248,0.000000,0.000000,3.096500,0.000000,57.005000
00035,02,0.772886,0.634545,0.000000,0.000000,2.746500,0.000000,57.505000
00036,02,0.760278,0.649597,0.000000,0.000000,2.396500,0.000000,58.005000
00037,02,0.747378,0.664399,0.000000,0.000000,2.046500,0.000000,58.505000
00038,02,0.734189,0.678945,0.000000,0.000000,1.696500,0.000000,59.005000
00039,02,0.720717,0.693229,0.000000,0.000000,1.346500,0.000000,59.505000
00040,02,0.706968,0.707246,0.000000,0.000000,0.996500,0.000000,60.005000
00041,02,0.692946,0.720990,0.000000,0.000000,0.646500,0.000000,60.505000
00042,02,0.678657,0.734456,0.000000,0.000000,0.296500,0.000000,61.005000
00043,02,0.664106,0.747639,0.000000,0.000000,-0.053500,0.000000,61.505000
00044,02,0.649299,0.760533,0.000000,0.000000,-0.403500,0.000000,62.005000
00045,02,0.634241,0.773135,0.000000,0.000000,-0.753500,0.000000,62.505000
00046,02,0.618940,0.785438,0.000000,0.000000,-1.103500,0.000000,63.005000
00047,02,0.603399,0.797439,0.000000,0.000000,-1.453500,0.000000,63.505000
00048,02,0.587626,0.809132,0.000000,0.000000,-1.803500,0.000000,64.005000
00049,02,0.571627,0.820514,0.000000,0.000000,-2.153500,0.000000,64.505000
00050,02,0.555407,0.831579,0.000000,0.000000,-2.503500,0.000000,65.005000
00051,02,0.538973,0.842323,0.000000,0.000000,-2.853500,0.000000,65.505000
00052,02,0.522331,0.852743,0.000000,0.000000,-3.203500,0.000000,66.005000
00053,02,0.505488,0.862834,0.000000,0.000000,-3.553500,0.000000,66.505000
00054,02,0.488450,0.872592,0.000000,0.000000,-3.903500,0.000000,67.005000
00055,02,0.471224,0.882014,0.000000,0.000000,-4.253500,0.000000,67.505000
00056,02,0.453816,0.891096,0.000000,0.000000,-4.603500,0.000000,68.005000
00057,02,0.436233,0.899834,0.000000,0.000000,-4.953500,0.000000,68.505000
00058,02,0.418481,0.908225,0.000000,0.000000,-5.303500,0.000000,69.005000
00059,02,0.400569,0.916267,0.000000,0.000000,-5.653500,0.000000,69.505000
00060,02,0.382502,0.923955,0.000000,0.000000,-6.003500,0.000000,70.005000
00061,02,0.364288,0.931286,0.000000,0.000000,-6.353500,0.000000,70.505000
00062,02,0.345933,0.938259,0.000000,0.000000,-6.703500,0.000000,71.005000
00063,02,0.327445,0.944870,0.000000,0.000000,-7.053500,0.000000,71.505000
00064,02,0.308830,0.951117,0.000000,0.000000,-7.403500,0.000000,72.005000
00065,02,0.290097,0.956997,0.000000,0.000000,-7.753500,0.000000,72.505000
00066,02,0.271251,0.962508,0.000000,0.000000,-8.103500,0.000000,73.005000
00067,02,0.252302,0.967649,0.000000,0.000000,-8.453500,0.000000,73.505000
00068,02,0.233254,0.972416,0.000000,0.000000,-8.803500,0.000000,74.005000
00069,02,0.214117,0.976808,0.000000,0.000000,-9.153500,0.000000,74.505000
00070,02,0.194898,0.980824,0.000000,0.000000,-9.503500,0.000000,75.005000
00071,02,0.175603,0.984461,0.000000,0.000000,-9.853500,0.000000,75.505000
00072,02,0.156241,0.987719,0.000000,0.000000,-10.203500,0.000000,76.005000
00073,02,0.136818,0.990596,0.000000,0.000000,-10.553500,0.000000,76.505000
00074,02,0.117342,0.993091,0.000000,0.000000,-10.903500,0.000000,77.005000
00075,02,0.097822,0.995204,0.000000,0.000000,-11.253500,0.000000,77.505000
00076,02,0.078263,0.996933,0.000000,0.000000,-11.603500,0.000000,78.005000
00077,02,0.058675,0.998277,0.000000,0.000000,-11.953500,0.000000,78.505000
00078,02,0.039064,0.999237,0.000000,0.000000,-12.303500,0.000000,79.005000
00079,02,0.019437,0.999811,0.000000,0.000000,-12.653500,0.000000,79.505000
00080,02,-0.000196,1.000000,0.000000,0.000000,-13.003500,0.000000,80.005000
00081,02,-0.019830,0.999803,0.000000,0.000000,-13.353500,0.000000,80.505000
00082,02,-0.039456,0.999221,0.000000,0.000000,-13.703500,0.000000,81.005000
00083,02,-0.059067,0.998254,0.000000,0.000000,-14.053500,0.000000,81.505000
00084,02,-0.078655,0.996902,0.000000,0.000000,-14.403500,0.000000,82.005000
00085,02,-0.098213,0.995165,0.000000,0.000000,-14.753500,0.000000,82.505000
00086,02,-0.117732,0.993045,0.000000,0.000000,-15.103500,0.000000,83.005000
00087,02,-0.137207,0.990542,0.000000,0.000000,-15.453500,0.000000,83.505000
00088,02,-0.156628,0.987658,0.000000,0.000000,-15.803500,0.000000,84.005000
00089,02,-0.175990,0.984392,0.000000,0.000000,-16.153500,0.000000,84.505000
00090,02,-0.195283,0.980747,0.000000,0.000000,-16.503500,0.000000,85.005000
00091,02,-0.214501,0.976724,0.000000,0.000000,-16.853500,0.000000,85.505000
00092,02,-0.233636,0.972324,0.000000,0.000000,-17.203500,0.000000,86.005000
00093,02,-0.252682,0.967549,0.000000,0.000000,-17.553500,0.000000,86.505000
00094,02,-0.271629,0.962402,0.000000,0.000000,-17.903500,0.000000,87.005000
00095,02,-0.290473,0.956883,0.000000,0.000000,-18.253500,0.000000,87.505000
00096,02,-0.309204,0.950996,0.000000,0.000000,-18.603500,0.000000,88.005000
00097,02,-0.327816,0.944742,0.000000,0.000000,-18.953500,0.000000,88.505000
00098,02,-0.346301,0.938123,0.000000,0.000000,-19.303500,0.000000,89.005000
00099,02,-0.364653,0.931143,0.000000,0.000000,-19.653500,0.000000,89.505000
00100,02,-0.382865,0.923804,0.000000,0.000000,-20.003500,0.000000,90.005000
00101,02,-0.400929,0.916109,0.000000,0.000000,-20.353500,0.000000,90.505000
00102,02,-0.418838,0.908061,0.000000,0.000000,-20.703500,0.000000,91.005000
00103,02,-0.436586,0.899663,0.000000,0.000000,-21.053500,0.000000,91.505000
00104,02,-0.454165,0.890917,0.000000,0.000000,-21.403500,0.000000,92.005000
00105,02,-0.471570,0.881829,0.000000,0.000000,-21.753500,0.000000,92.505000
00106,02,-0.488793,0.872400,0.000000,0.000000,-22.103500,0.000000,93.005000
00107,02,-0.505827,0.862635,0.000000,0.000000,-22.453500,0.000000,93.505000
00108,02,-0.522666,0.852538,0.000000,0.000000,-22.803500,0.000000,94.005000
00109,02,-0.539304,0.842111,0.000000,0.000000,-23.153500,0.000000,94.505000
00110,02,-0.555733,0.831361,0.000000,0.000000,-23.503500,0.000000,95.005000
00111,02,-0.571949,0.820289,0.000000,0.000000,-23.853500,0.000000,95.505000
00112,02,-0.587944,0.808902,0.000000,0.000000,-24.203500,0.000000,96.005000
00113,02,-0.603712,0.797202,0.000000,0.000000,-24.553500,0.000000,96.505000
00114,02,-0.619248,0.785195,0.000000,0.000000,-24.903500,0.000000,97.005000
00115,02,-0.634545,0.772886,0.000000,0.000000,-25.253500,0.000000,97.505000
00116,02,-0.649597,0.760278,0.000000,0.000000,-25.603500,0.000000,98.005000
00117,02,-0.664399,0.747378,0.000000,0.000000,-25.953500,0.000000,98.505000
00118,02,-0.678945,0.734189,0.000000,0.000000,-26.303500,0.000000,99.005000
00119,02,-0.693229,0.720718,0.000000,0.000000,-26.653500,0.000000,99.505000
00120,02,-0.707246,0.706968,0.000000,0.000000,-27.003500,0.000000,100.005000
00121,02,-0.720990,0.692946,0.000000,0.000000,-27.353500,0.000000,100.505000
00122,02,-0.734456,0.678657,0.000000,0.000000,-27.703500,0.000000,101.005000
00123,02,-0.747639,0.664106,0.000000,0.000000,-28.053500,0.000000,101.505000
00124,02,-0.760533,0.649299,0.000000,0.000000,-28.403500,0.000000,102.005000
00125,02,-0.773135,0.634242,0.000000,0.000000,-28.753500,0.000000,102.505000
00126,02,-0.785438,0.618940,0.000000,0.000000,-29.103500,0.000000,103.005000
00127,02,-0.797439,0.603399,0.000000,0.000000,-29.453500,0.000000,103.505000
00128,02,-0.809132,0.587626,0.000000,0.000000,-29.803500,0.000000,104.005000
00129,02,-0.820514,0.571627,0.000000,0.000000,-30.153500,0.000000,104.505000
00130,02,-0.831579,0.555407,0.000000,0.000000,-30.503500,0.000000,105.005000
00131,02,-0.842323,0.538973,0.000000,0.000000,-30.853500,0.000000,105.505000
00132,02,-0.852743,0.522331,0.000000,0.000000,-31.203500,0.000000,106.005000
00133,02,-0.862834,0.505488,0.000000,0.000000,-31.553500,0.000000,106.505000
00134,02,-0.872592,0.488450,0.000000,0.000000,-31.903500,0.000000,107.005000
00135,02,-0.882014,0.471224,0.000000,0.000000,-32.253500,0.000000,107.505000
00136,02,-0.891096,0.453816,0.000000,0.000000,-32.603500,0.000000,108.005000
00137,02,-0.899834,0.436233,0.000000,0.000000,-32.953500,0.000000,108.505000
00138,02,-0.908225,0.418481,0.000000,0.000000,-33.303500,0.000000,109.005000
00139,02,-0.916267,0.400569,0.000000,0.000000,-33.653500,0.000000,109.505000
00140,02,-0.923955,0.382502,0.000000,0.000000,-34.003500,0.000000,110.005000
00141,02,-0.931286,0.364288,0.000000,0.000000,-34.353500,0.000000,110.505000
00142,02,-0.938259,0.345933,0.000000,0.000000,-34.703500,0.000000,111.005000
00143,02,-0.944870,0.327445,0.000000,0.000000,-35.053500,0.000000,111.505000
00144,02,-0.951117,0.308830,0.000000,0.000000,-35.403500,0.000000,112.005000
00145,02,-0.956997,0.290097,0.000000,0.000000,-35.753500,0.000000,112.505000
00146,02,-0.962508,0.271251,0.000000,0.000000,-36.103500,0.000000,113.005000
00147,02,-0.967649,0.252302,0.000000,0.000000,-36.453500,0.000000,113.505000
00148,02,-0.972416,0.233254,0.000000,0.000000,-36.803500,0.000000,114.005000
00149,02,-0.976808,0.214117,0.000000,0.000000,-37.153500,0.000000,114.505000
00150,02,-0.980824,0.194898,0.000000,0.000000,-37.503500,0.000000,115.005000
00151,02,-0.984461,0.175603,0.000000,0.000000,-37.853500,0.000000,115.505000
00152,02,-0.987719,0.156241,0.000000,0.000000,-38.203500,0.000000,116.005000
00153,02,-0.990596,0.136818,0.000000,0.000000,-38.553500,0.000000,116.505000
00154,02,-0.993091,0.117342,0.000000,0.000000,-38.903500,0.000000,117.005000
00155,02,-0.995204,0.097822,0.000000,0.000000,-39.253500,0.000000,117.505000
00156,02,-0.996933,0.078263,0.000000,0.000000,-39.603500,0.000000,118.005000
00157,02,-0.998277,0.058675,0.000000,0.000000,-39.953500,0.000000,118.505000
00158,02,-0.999237,0.039064,0.000000,0.000000,-40.303500,0.000000,119.005000
00159,02,-0.999811,0.019437,0.000000,0.000000,-40.653500,0.000000,119.505000
00160,02,-1.000000,-0.000196,0.000000,0.000000,-41.003500,0.000000,120.005000
00161,02,-0.999803,-0.019830,0.000000,0.000000,-41.353500,0.000000,120.505000
00162,02,-0.999221,-0.039456,0.000000,0.000000,-41.703500,0.000000,121.005000
00163,02,-0.998254,-0.059067,0.000000,0.000000,-42.053500,0.000000,121.505000
00164,02,-0.996902,-0.078655,0.000000,0.000000,-42.403500,0.000000,122.005000
00165,02,-0.995165,-0.098212,0.000000,0.000000,-42.753500,0.000000,122.505000
00166,02,-0.993045,-0.117732,0.000000,0.000000,-43.103500,0.000000,123.005000
00167,02,-0.990542,-0.137207,0.000000,0.000000,-43.453500,0.000000,123.505000
00168,02,-0.987658,-0.156628,0.000000,0.000000,-43.803500,0.000000,124.005000
00169,02,-0.984392,-0.175990,0.000000,0.000000,-44.153500,0.000000,124.505000
00170,02,-0.980747,-0.195283,0.000000,0.000000,-44.503500,0.000000,125.005000
00171,02,-0.976724,-0.214501,0.000000,0.000000,-44.853500,0.000000,125.505000
00172,02,-0.972324,-0.233636,0.000000,0.000000,-45.203500,0.000000,126.005000
00173,02,-0.967549,-0.252682,0.000000,0.000000,-45.553500,0.000000,126.505000
00174,02,-0.962402,-0.271629,0.000000,0.000000,-45.903500,0.000000,127.005000
00175,02,-0.956883,-0.290473,0.000000,0.000000,-46.253500,0.000000,127.505000
00176,02,-0.950996,-0.309204,0.000000,0.000000,-46.603500,0.000000,128.005000
00177,02,-0.944742,-0.327816,0.000000,0.000000,-46.953500,0.000000,128.505000
00178,02,-0.938123,-0.346301,0.000000,0.000000,-47.303500,0.000000,129.005000
00179,02,-0.931143,-0.364653,0.000000,0.000000,-47.653500,0.000000,129.505000
00180,02,-0.923804,-0.382865,0.000000,0.000000,-48.003500,0.000000,130.005000
00181,02,-0.916109,-0.400929,0.000000,0.000000,-48.353500,0.000000,130.505000
00182,02,-0.908061,-0.418838,0.000000,0.000000,-48.703500,0.000000,131.005000
00183,02,-0.899663,-0.436586,0.000000,0.000000,-49.053500,0.000000,131.505000
00184,02,-0.890917,-0.454165,0.000000,0.000000,-49.403500,0.000000,132.005000
00185,02,-0.881829,-0.471570,0.000000,0.000000,-49.753500,0.000000,132.505000
00186,02,-0.872400,-0.488792,0.000000,0.000000,-50.103500,0.000000,133.005000
00187,02,-0.862635,-0.505827,0.000000,0.000000,-50.453500,0.000000,133.505000
00188,02,-0.852538,-0.522666,0.000000,0.000000,-50.803500,0.000000,134.005000
00189,02,-0.842111,-0.539304,0.000000,0.000000,-51.153500,0.000000,134.505000
00190,02,-0.831361,-0.555733,0.000000,0.000000,-51.503500,0.000000,135.005000
00191,02,-0.820289,-0.571949,0.000000,0.000000,-51.853500,0.000000,135.505000
00192,02,-0.808902,-0.587944,0.000000,0.000000,-52.203500,0.000000,136.005000
00193,02,-0.797202,-0.603712,0.000000,0.000000,-52.553500,0.000000,136.505000
00194,02,-0.785195,-0.619248,0.000000,0.000000,-52.903500,0.000000,137.005000
00195,02,-0.772886,-0.634545,0.000000,0.000000,-53.253500,0.000000,137.505000
00196,02,-0.760278,-0.649597,0.000000,0.000000,-53.603500,0.000000,138.005000
00197,02,-0.747378,-0.664399,0.000000,0.000000,-53.953500,0.000000,138.505000
00198,02,-0.734189,-0.678945,0.000000,0.000000,-54.303500,0.000000,139.005000
00199,02,-0.720718,-0.693229,0.000000,0.000000,-54.653500,0.000000,139.505000
00200,02,-0.706968,-0.707246,0.000000,0.000000,-55.003500,0.000000,140.005000
00201,02,-0.692946,-0.720990,0.000000,0.000000,-55.353500,0.000000,140.505000
00202,02,-0.678657,-0.734456,0.000000,0.000000,-55.703500,0.000000,141.005000
00203,02,-0.664106,-0.747639,0.000000,0.000000,-56.053500,0.000000,141.505000
00204,02,-0.649299,-0.760533,0.000000,0.000000,-56.403500,0.000000,142.005000
00205,02,-0.634242,-0.773135,0.000000,0.000000,-56.753500,0.000000,142.505000
00206,02,-0.618940,-0.785438,0.000000,0.000000,-57.103500,0.000000,143.005000
00207,02,-0.603399,-0.797439,0.000000,0.000000,-57.453500,0.000000,143.505000
00208,02,-0.587626,-0.809132,0.000000,0.000000,-57.803500,0.000000,144.005000
00209,02,-0.571627,-0.820514,0.000000,0.000000,-58.153500,0.000000,144.505000
00210,02,-0.555407,-0.831579,0.000000,0.000000,-58.503500,0.000000,145.005000
00211,02,-0.538973,-0.842323,0.000000,0.000000,-58.853500,0.000000,145.505000
00212,02,-0.522331,-0.852743,0.000000,0.000000,-59.203500,0.000000,146.005000
00213,02,-0.505488,-0.862834,0.000000,0.000000,-59.553500,0.000000,146.505000
00214,02,-0.488450,-0.872592,0.000000,0.000000,-59.903500,0.000000,147.005000
00215,02,-0.471224,-0.882014,0.000000,0.000000,-60.253500,0.000000,147.505000
00216,02,-0.453816,-0.891096,0.000000,0.000000,-60.603500,0.000000,148.005000
00217,02,-0.436233,-0.899834,0.000000,0.000000,-60.953500,0.000000,148.505000
00218,02,-0.418481,-0.908225,0.000000,0.000000,-61.303500,0.000000,149.005000
00219,02,-0.400569,-0.916267,0.000000,0.000000,-61.653500,0.000000,149.505000
00220,02,-0.382502,-0.923955,0.000000,0.000000,-62.003500,0.000000,150.005000
00221,02,-0.364288,-0.931286,0.000000,0.000000,-62.353500,0.000000,150.505000
00222,02,-0.345933,-0.938259,0.000000,0.000000,-62.703500,0.000000,151.005000
00223,02,-0.327445,-0.944870,0.000000,0.000000,-63.053500,0.000000,151.505000
00224,02,-0.308830,-0.951117,0.000000,0.000000,-63.403500,0.000000,152.005000
00225,02,-0.290097,-0.956997,0.000000,0.000000,-63.753500,0.000000,152.505000
00226,02,-0.271252,-0.962508,0.000000,0.000000,-64.103500,0.000000,153.005000
00227,02,-0.252302,-0.967649,0.000000,0.000000,-64.453500,0.000000,153.505000
00228,02,-0.233254,-0.972416,0.000000,0.000000,-64.803500,0.000000,154.005000
00229,02,-0.214117,-0.976808,0.000000,0.000000,-65.153500,0.000000,154.505000
00230,02,-0.194898,-0.980824,0.000000,0.000000,-65.503500,0.000000,155.005000
00231,02,-0.175603,-0.984461,0.000000,0.000000,-65.853500,0.000000,155.505000
00232,02,-0.156241,-0.987719,0.000000,0.000000,-66.203500,0.000000,156.005000
00233,02,-0.136818,-0.990596,0.000000,0.000000,-66.553500,0.000000,156.505000
00234,02,-0.117342,-0.993091,0.000000,0.000000,-66.903500,0.000000,157.005000
00235,02,-0.097822,-0.995204,0.000000,0.000000,-67.253500,0.000000,157.505000
00236,02,-0.078263,-0.996933,0.000000,0.000000,-67.603500,0.000000,158.005000
