00000,5,-0.649678,0.017044,0.737406,-0.184006,18.382311,26.318648,84.251544
00001,5,-0.696225,0.020462,0.715602,-0.052566,18.375512,26.023573,84.449498
00002,5,-0.715655,0.021484,0.692651,0.087228,18.368713,25.728498,84.647451
00003,5,-0.706408,0.018837,0.669495,0.228928,18.361914,25.433423,84.845405
00004,5,-0.668905,0.011409,0.647098,0.365647,18.355115,25.138347,85.043358
00005,5,-0.605555,-0.001555,0.626345,0.490908,18.348316,24.843272,85.241312
00006,5,-0.520334,-0.020327,0.607930,0.599382,18.341517,24.548197,85.439265
00007,5,-0.418095,-0.044683,0.592309,0.687290,18.334718,24.253122,85.637219
00008,5,-0.303875,-0.073964,0.579701,0.752419,18.327919,23.958046,85.835172
00009,5,-0.182392,-0.107182,0.570149,0.793834,18.321120,23.662971,86.033126
00010,5,-0.057806,-0.143133,0.563608,0.811490,18.314321,23.367896,86.231079
00011,5,0.066288,-0.180491,0.560027,0.805852,18.307522,23.072821,86.429033
00012,5,0.186713,-0.217875,0.559418,0.777637,18.300723,22.777745,86.626986
00013,5,0.300490,-0.253904,0.561872,0.727693,18.293924,22.482670,86.824939
00014,5,0.404617,-0.287236,0.567548,0.657015,18.287125,22.187595,87.022893
00015,5,0.495891,-0.316613,0.576609,0.566894,18.280326,21.892520,87.220846
00016,5,0.570844,-0.340924,0.589129,0.459166,18.273527,21.597444,87.418800
00017,5,0.625841,-0.359283,0.604973,0.336518,18.266728,21.302369,87.616753
00018,5,0.657382,-0.371141,0.623689,0.202763,18.259929,21.007294,87.814707
00019,5,0.662609,-0.376399,0.644444,0.062952,18.253130,20.712219,88.012660
00020,5,0.639917,-0.375495,0.666040,-0.076799,18.246331,20.417143,88.210614
00021,5,0.589477,-0.369404,0.687039,-0.209838,18.239532,20.122068,88.408567
00022,5,0.513448,-0.359534,0.705952,-0.329752,18.232733,19.826993,88.606521
00023,5,0.415743,-0.347507,0.721448,-0.431169,18.225934,19.531918,88.804474
00024,5,0.301449,-0.334895,0.732509,-0.510297,18.219135,19.236842,89.002428
00025,5,0.176080,-0.322997,0.738491,-0.565065,18.212337,18.941767,89.200381
00026,5,0.044963,-0.312705,0.739113,-0.594898,18.205538,18.646692,89.398334
00027,5,-0.087145,-0.304480,0.734398,-0.600297,18.198739,18.351617,89.596288
00028,5,-0.216165,-0.298413,0.724602,-0.582385,18.191940,18.056542,89.794241
00029,5,-0.338603,-0.294336,0.710166,-0.542565,18.185141,17.761466,89.992195
00030,5,-0.451360,-0.291939,0.691669,-0.482327,18.178342,17.466391,90.190148
00031,5,-0.551516,-0.290893,0.669803,-0.403203,18.171543,17.171316,90.388102
00032,5,-0.636154,-0.290949,0.645354,-0.306878,18.164744,16.876241,90.586055
00033,5,-0.702267,-0.292006,0.619171,-0.195396,18.157945,16.581165,90.784009
00034,5,-0.746809,-0.294167,0.592144,-0.071450,18.151146,16.286090,90.981962
00035,5,-0.766923,-0.297744,0.565166,0.061340,18.144347,15.991015,91.179916
00036,5,-0.760350,-0.303239,0.539084,0.198244,18.137548,15.695940,91.377869
00037,5,-0.725974,-0.311263,0.514654,0.333475,18.130749,15.400864,91.575822
00038,5,-0.664349,-0.322434,0.492485,0.460579,18.123950,15.105789,91.773776
00039,5,-0.577983,-0.337245,0.472993,0.573129,18.117151,14.810714,91.971729
00040,5,-0.471225,-0.355949,0.456378,0.665556,18.110352,14.515639,92.169683
00041,5,-0.349716,-0.378484,0.442631,0.733842,18.103553,14.220563,92.367636
00042,5,-0.219609,-0.404460,0.431581,0.775835,18.096754,13.925488,92.565590
00043,5,-0.086808,-0.433197,0.422964,0.791141,18.089955,13.630413,92.763543
00044,5,0.043529,-0.463795,0.416511,0.780715,18.083156,13.335338,92.961497
00045,5,0.167189,-0.495214,0.412023,0.746355,18.076357,13.040262,93.159450
00046,5,0.280825,-0.526350,0.409425,0.690262,18.069558,12.745187,93.357404
00047,5,0.381740,-0.556090,0.408787,0.614760,18.062759,12.450112,93.555357
00048,5,0.467615,-0.583357,0.410310,0.522182,18.055960,12.155037,93.753311
00049,5,0.536284,-0.607141,0.414279,0.414911,18.049161,11.859961,93.951264
00050,5,0.585575,-0.626532,0.420979,0.295523,18.042362,11.564886,94.149217
00051,5,0.613292,-0.640758,0.430590,0.167012,18.035563,11.269811,94.347171
00052,5,0.617341,-0.649229,0.443057,0.033027,18.028764,10.974736,94.545124
00053,5,0.596037,-0.651619,0.457970,-0.101955,18.021965,10.679660,94.743078
00054,5,0.548560,-0.647948,0.474480,-0.232621,18.015166,10.384585,94.941031
00055,5,0.475456,-0.638671,0.491303,-0.353074,18.008367,10.089510,95.138985
00056,5,0.379017,-0.624710,0.506831,-0.457388,18.001568,9.794435,95.336938
00057,5,0.263343,-0.607404,0.519347,-0.540359,17.994769,9.499359,95.534892
00058,5,0.133980,-0.588344,0.527292,-0.598216,17.987970,9.204284,95.732845
00059,5,-0.002775,-0.569143,0.529489,-0.629053,17.981171,8.909209,95.930799
00060,5,-0.140667,-0.551204,0.525274,-0.632829,17.974372,8.614134,96.128752
00061,5,-0.274121,-0.535556,0.514501,-0.611002,17.967573,8.319058,96.326706
00062,5,-0.398559,-0.522808,0.497479,-0.565982,17.960774,8.023983,96.524659
00063,5,-0.510426,-0.513191,0.474857,-0.500609,17.953975,7.728908,96.722612
00064,5,-0.607008,-0.506668,0.447530,-0.417784,17.947176,7.433833,96.920566
00065,5,-0.686164,-0.503057,0.416559,-0.320295,17.940377,7.138757,97.118519
00066,5,-0.746081,-0.502141,0.383113,-0.210809,17.933578,6.843682,97.316473
00067,5,-0.785085,-0.503760,0.348427,-0.092001,17.926779,6.548607,97.514426
00068,5,-0.801583,-0.507847,0.313768,0.033231,17.919980,6.253532,97.712380
00069,5,-0.794125,-0.514445,0.280386,0.161532,17.913181,5.958456,97.910333
00070,5,-0.761636,-0.523674,0.249458,0.288869,17.906382,5.663381,98.108287
00071,5,-0.703778,-0.535669,0.222006,0.410447,17.899584,5.368306,98.306240
00072,5,-0.621410,-0.550504,0.198808,0.520834,17.892785,5.073231,98.504194
00073,5,-0.516985,-0.568115,0.180300,0.614379,17.885986,4.778155,98.702147
00074,5,-0.394716,-0.588247,0.166517,0.685883,17.879187,4.483080,98.900101
00075,5,-0.260344,-0.610447,0.157087,0.731367,17.872388,4.188005,99.098054
00076,5,-0.120518,-0.634091,0.151308,0.748671,17.865589,3.892930,99.296007
00077,5,0.018044,-0.658444,0.148292,0.737654,17.858790,3.597854,99.493961
00078,5,0.149328,-0.682714,0.147137,0.699965,17.851991,3.302779,99.691914
00079,5,0.268495,-0.706107,0.147076,0.638506,17.845192,3.007704,99.889868
00080,5,0.371996,-0.727858,0.147579,0.556831,17.838393,2.712629,100.087821
00081,5,0.457403,-0.747256,0.148395,0.458658,17.831594,2.417553,100.285775
00082,5,0.523104,-0.763664,0.149535,0.347587,17.824795,2.122478,100.483728
00083,5,0.567977,-0.776531,0.151216,0.227009,17.817996,1.827403,100.681682
00084,5,0.591141,-0.785408,0.153784,0.100178,17.811197,1.532328,100.879635
00085,5,0.591823,-0.789953,0.157610,-0.029630,17.804398,1.237252,101.077589
00086,5,0.569355,-0.789948,0.162981,-0.158913,17.797599,0.942177,101.275542
00087,5,0.523326,-0.785313,0.169980,-0.283757,17.790800,0.647102,101.473495
00088,5,0.453874,-0.776134,0.178379,-0.399741,17.784001,0.352027,101.671449
00089,5,0.362076,-0.762699,0.187557,-0.502008,17.777202,0.056951,101.869402
00090,5,0.250350,-0.745539,0.196481,-0.585567,17.770403,-0.238124,102.067356
00091,5,0.122694,-0.725461,0.203787,-0.645850,17.763604,-0.533199,102.265309
00092,5,-0.015380,-0.703520,0.207950,-0.679395,17.756805,-0.828274,102.463263
00093,5,-0.157321,-0.680941,0.207527,-0.684471,17.750006,-1.123350,102.661216
00094,5,-0.296302,-0.658970,0.201398,-0.661363,17.743207,-1.418425,102.859170
00095,5,-0.426055,-0.638708,0.188938,-0.612234,17.736408,-1.713500,103.057123
00096,5,-0.541477,-0.620986,0.170073,-0.540604,17.729609,-2.008575,103.255077
00097,5,-0.638881,-0.606315,0.145228,-0.450688,17.722810,-2.303651,103.453030
00098,5,-0.715903,-0.594918,0.115229,-0.346808,17.716011,-2.598726,103.650984
00099,5,-0.771204,-0.586817,0.081179,-0.233020,17.709212,-2.893801,103.848937
00100,5,-0.804127,-0.581935,0.044358,-0.112968,17.702413,-3.188876,104.046890
00101,5,-0.814392,-0.580195,0.006140,0.010061,17.695614,-3.483952,104.244844
00102,5,-0.801910,-0.581574,-0.032055,0.132978,17.688815,-3.779027,104.442797
00103,5,-0.766732,-0.586127,-0.068812,0.252668,17.682016,-4.074102,104.640751
00104,5,-0.709122,-0.593962,-0.102766,0.365777,17.675217,-4.369177,104.838704
00105,5,-0.629777,-0.605170,-0.132654,0.468563,17.668418,-4.664253,105.036658
00106,5,-0.530136,-0.619735,-0.157404,0.556872,17.661619,-4.959328,105.234611
00107,5,-0.412737,-0.637426,-0.176233,0.626319,17.654820,-5.254403,105.432565
00108,5,-0.281493,-0.657715,-0.188767,0.672709,17.648021,-5.549478,105.630518
00109,5,-0.141729,-0.679754,-0.195139,0.692651,17.641222,-5.844554,105.828472
00110,5,0.000130,-0.702436,-0.196018,0.684221,17.634423,-6.139629,106.026425
00111,5,0.137229,-0.724523,-0.192537,0.647427,17.627624,-6.434704,106.224379
