00000,8,-0.183944,0.711720,-0.621019,0.271947,-4.925575,2.693079,14.171581
00001,8,-0.156474,0.726413,-0.609043,0.277320,-4.931962,2.694434,14.182740
00002,8,-0.128453,0.739850,-0.596855,0.282640,-4.938349,2.695788,14.193900
00003,8,-0.099918,0.752014,-0.584487,0.287864,-4.944735,2.697143,14.205060
00004,8,-0.070909,0.762889,-0.571972,0.292953,-4.951122,2.698498,14.216220
00005,8,-0.041466,0.772462,-0.559339,0.297862,-4.957508,2.699852,14.227379
00006,8,-0.011631,0.780726,-0.546621,0.302552,-4.963895,2.701207,14.238539
00007,8,0.018550,0.787673,-0.533846,0.306979,-4.970282,2.702562,14.249699
00008,8,0.049035,0.793301,-0.521042,0.311102,-4.976668,2.703916,14.260858
00009,8,0.079776,0.797611,-0.508236,0.314880,-4.983055,2.705271,14.272018
00010,8,0.110727,0.800604,-0.495453,0.318273,-4.989441,2.706626,14.283178
00011,8,0.141840,0.802289,-0.482719,0.321241,-4.995828,2.707980,14.294338
00012,8,0.173065,0.802674,-0.470056,0.323744,-5.002215,2.709335,14.305497
00013,8,0.204353,0.801771,-0.457486,0.325745,-5.008601,2.710690,14.316657
00014,8,0.235653,0.799595,-0.445029,0.327207,-5.014988,2.712044,14.327817
00015,8,0.266916,0.796165,-0.432703,0.328094,-5.021375,2.713399,14.338976
00016,8,0.298088,0.791501,-0.420526,0.328372,-5.027761,2.714754,14.350136
00017,8,0.329119,0.785626,-0.408513,0.328008,-5.034148,2.716108,14.361296
00018,8,0.359957,0.778568,-0.396677,0.326971,-5.040534,2.717463,14.372455
00019,8,0.390551,0.770354,-0.385032,0.325231,-5.046921,2.718817,14.383615
00020,8,0.420847,0.761016,-0.373588,0.322761,-5.053308,2.720172,14.394775
00021,8,0.450795,0.750588,-0.362353,0.319535,-5.059694,2.721527,14.405935
00022,8,0.480343,0.739105,-0.351335,0.315530,-5.066081,2.722881,14.417094
00023,8,0.509439,0.726605,-0.340540,0.310723,-5.072467,2.724236,14.428254
00024,8,0.538035,0.713130,-0.329970,0.305097,-5.078854,2.725591,14.439414
00025,8,0.566079,0.698720,-0.319629,0.298633,-5.085241,2.726945,14.450573
00026,8,0.593523,0.683420,-0.309517,0.291318,-5.091627,2.728300,14.461733
00027,8,0.620318,0.667276,-0.299633,0.283140,-5.098014,2.729655,14.472893
00028,8,0.646416,0.650335,-0.289974,0.274088,-5.104401,2.731009,14.484053
00029,8,0.671773,0.632646,-0.280536,0.264157,-5.110787,2.732364,14.495212
00030,8,0.696343,0.614259,-0.271314,0.253341,-5.117174,2.733719,14.506372
00031,8,0.720081,0.595224,-0.262299,0.241640,-5.123560,2.735073,14.517532
00032,8,0.742947,0.575595,-0.253483,0.229054,-5.129947,2.736428,14.528691
00033,8,0.764899,0.555425,-0.244856,0.215588,-5.136334,2.737783,14.539851
00034,8,0.785898,0.534766,-0.236408,0.201248,-5.142720,2.739137,14.551011
00035,8,0.805907,0.513674,-0.228123,0.186043,-5.149107,2.740492,14.562170
00036,8,0.824890,0.492204,-0.219990,0.169987,-5.155493,2.741846,14.573330
00037,8,0.842814,0.470411,-0.211993,0.153093,-5.161880,2.743201,14.584490
00038,8,0.859646,0.448349,-0.204116,0.135381,-5.168267,2.744556,14.595650
00039,8,0.875358,0.426075,-0.196341,0.116870,-5.174653,2.745910,14.606809
00040,8,0.889922,0.403643,-0.188651,0.097584,-5.181040,2.747265,14.617969
00041,8,0.903312,0.381108,-0.181027,0.077550,-5.187427,2.748620,14.629129
00042,8,0.915506,0.358523,-0.173448,0.056795,-5.193813,2.749974,14.640288
00043,8,0.926483,0.335943,-0.165896,0.035351,-5.200200,2.751329,14.651448
00044,8,0.936225,0.313421,-0.158349,0.013251,-5.206586,2.752684,14.662608
00045,8,0.944716,0.291007,-0.150785,-0.009467,-5.212973,2.754038,14.673768
00046,8,0.951944,0.268752,-0.143184,-0.032766,-5.219360,2.755393,14.684927
00047,8,0.957896,0.246706,-0.135524,-0.056604,-5.225746,2.756748,14.696087
00048,8,0.962566,0.224918,-0.127782,-0.080938,-5.232133,2.758102,14.707247
00049,8,0.965947,0.203432,-0.119937,-0.105724,-5.238519,2.759457,14.718406
00050,8,0.968036,0.182295,-0.111966,-0.130914,-5.244906,2.760811,14.729566
00051,8,0.968833,0.161549,-0.103847,-0.156459,-5.251293,2.762166,14.740726
00052,8,0.968341,0.141236,-0.095560,-0.182308,-5.257679,2.763521,14.751886
00053,8,0.966564,0.121394,-0.087083,-0.208409,-5.264066,2.764875,14.763045
00054,8,0.963509,0.102062,-0.078394,-0.234708,-5.270453,2.766230,14.774205
00055,8,0.959187,0.083273,-0.069475,-0.261151,-5.276839,2.767585,14.785365
00056,8,0.953609,0.065060,-0.060306,-0.287680,-5.283226,2.768939,14.796524
00057,8,0.946792,0.047455,-0.050867,-0.314239,-5.289612,2.770294,14.807684
00058,8,0.938752,0.030483,-0.041141,-0.340769,-5.295999,2.771649,14.818844
00059,8,0.929509,0.014171,-0.031111,-0.367211,-5.302386,2.773003,14.830003
00060,8,0.919086,-0.001458,-0.020762,-0.393507,-5.308772,2.774358,14.841163
00061,8,0.907507,-0.016385,-0.010077,-0.419596,-5.315159,2.775713,14.852323
00062,8,0.894799,-0.030592,0.000955,-0.445418,-5.321546,2.777067,14.863483
00063,8,0.880992,-0.044065,0.012347,-0.470913,-5.327932,2.778422,14.874642
00064,8,0.866115,-0.056791,0.024111,-0.496022,-5.334319,2.779777,14.885802
00065,8,0.850203,-0.068762,0.036254,-0.520684,-5.340705,2.781131,14.896962
00066,8,0.833290,-0.079971,0.048787,-0.544842,-5.347092,2.782486,14.908121
00067,8,0.815413,-0.090414,0.061713,-0.568435,-5.353479,2.783840,14.919281
00068,8,0.796610,-0.100091,0.075039,-0.591407,-5.359865,2.785195,14.930441
00069,8,0.776923,-0.109003,0.088767,-0.613702,-5.366252,2.786550,14.941601
00070,8,0.756391,-0.117156,0.102899,-0.635263,-5.372638,2.787904,14.952760
00071,8,0.735059,-0.124556,0.117433,-0.656036,-5.379025,2.789259,14.963920
00072,8,0.712970,-0.131212,0.132368,-0.675970,-5.385412,2.790614,14.975080
00073,8,0.690171,-0.137138,0.147699,-0.695013,-5.391798,2.791968,14.986239
00074,8,0.666706,-0.142349,0.163420,-0.713115,-5.398185,2.793323,14.997399
00075,8,0.642625,-0.146861,0.179525,-0.730230,-5.404572,2.794678,15.008559
00076,8,0.617974,-0.150695,0.196002,-0.746313,-5.410958,2.796032,15.019719
00077,8,0.592802,-0.153871,0.212840,-0.761320,-5.417345,2.797387,15.030878
00078,8,0.567159,-0.156415,0.230026,-0.775211,-5.423731,2.798742,15.042038
00079,8,0.541095,-0.158352,0.247544,-0.787948,-5.430118,2.800096,15.053198
00080,8,0.514658,-0.159711,0.265378,-0.799496,-5.436505,2.801451,15.064357
00081,8,0.487899,-0.160521,0.283509,-0.809821,-5.442891,2.802806,15.075517
00082,8,0.460867,-0.160814,0.301915,-0.818894,-5.449278,2.804160,15.086677
00083,8,0.433613,-0.160623,0.320574,-0.826687,-5.455664,2.805515,15.097836
00084,8,0.406186,-0.159983,0.339463,-0.833177,-5.462051,2.806869,15.108996
00085,8,0.378634,-0.158929,0.358555,-0.838341,-5.468438,2.808224,15.120156
00086,8,0.351006,-0.157499,0.377823,-0.842163,-5.474824,2.809579,15.131316
00087,8,0.323351,-0.155731,0.397239,-0.844626,-5.481211,2.810933,15.142475
00088,8,0.295714,-0.153663,0.416772,-0.845720,-5.487598,2.812288,15.153635
00089,8,0.268142,-0.151336,0.436390,-0.845436,-5.493984,2.813643,15.164795
00090,8,0.240680,-0.148789,0.456060,-0.843768,-5.500371,2.814997,15.175954
00091,8,0.213372,-0.146065,0.475748,-0.840714,-5.506757,2.816352,15.187114
00092,8,0.186262,-0.143202,0.495420,-0.836277,-5.513144,2.817707,15.198274
00093,8,0.159389,-0.140243,0.515037,-0.830460,-5.519531,2.819061,15.209434
00094,8,0.132795,-0.137229,0.534565,-0.823271,-5.525917,2.820416,15.220593
00095,8,0.106517,-0.134201,0.553963,-0.814721,-5.532304,2.821771,15.231753
00096,8,0.080594,-0.131198,0.573193,-0.804824,-5.538690,2.823125,15.242913
00097,8,0.055059,-0.128263,0.592215,-0.793598,-5.545077,2.824480,15.254072
00098,8,0.029948,-0.125432,0.610991,-0.781064,-5.551464,2.825835,15.265232
00099,8,0.005291,-0.122747,0.629478,-0.767244,-5.557850,2.827189,15.276392
