00000,67,0.094466,0.709997,0.481289,-0.505313,4.052101,-1.468427,13.274246
00001,67,0.093865,0.710431,0.482817,-0.503354,4.011118,-1.458089,13.265490
00002,67,0.093263,0.710860,0.484341,-0.501392,3.970134,-1.447750,13.256735
00003,67,0.092659,0.711283,0.485863,-0.499427,3.929151,-1.437412,13.247979
00004,67,0.092053,0.711702,0.487381,-0.497459,3.888168,-1.427074,13.239224
00005,67,0.091445,0.712116,0.488896,-0.495489,3.847184,-1.416736,13.230469
00006,67,0.090835,0.712526,0.490408,-0.493515,3.806201,-1.406397,13.221713
00007,67,0.090224,0.712930,0.491916,-0.491538,3.765217,-1.396059,13.212958
00008,67,0.089611,0.713329,0.493421,-0.489558,3.724234,-1.385721,13.204202
00009,67,0.088997,0.713723,0.494923,-0.487575,3.683251,-1.375383,13.195447
00010,67,0.088380,0.714113,0.496422,-0.485590,3.642267,-1.365044,13.186691
00011,67,0.087763,0.714497,0.497917,-0.483601,3.601284,-1.354706,13.177936
00012,67,0.087143,0.714876,0.499409,-0.481610,3.560301,-1.344368,13.169180
00013,67,0.086522,0.715251,0.500898,-0.479616,3.519317,-1.334030,13.160425
00014,67,0.085899,0.715620,0.502384,-0.477618,3.478334,-1.323691,13.151669
00015,67,0.085274,0.715985,0.503866,-0.475619,3.437350,-1.313353,13.142914
00016,67,0.084648,0.716345,0.505345,-0.473616,3.396367,-1.303015,13.134158
00017,67,0.084020,0.716699,0.506820,-0.471610,3.355384,-1.292677,13.125403
00018,67,0.083390,0.717049,0.508292,-0.469602,3.314400,-1.282338,13.116648
00019,67,0.082759,0.717394,0.509761,-0.467590,3.273417,-1.272000,13.107892
00020,67,0.082126,0.717734,0.511226,-0.465576,3.232434,-1.261662,13.099137
00021,67,0.081491,0.718069,0.512688,-0.463560,3.191450,-1.251324,13.090381
00022,67,0.080855,0.718399,0.514146,-0.461540,3.150467,-1.240985,13.081626
00023,67,0.080217,0.718724,0.515602,-0.459518,3.109484,-1.230647,13.072870
00024,67,0.079577,0.719044,0.517053,-0.457493,3.068500,-1.220309,13.064115
00025,67,0.078936,0.719359,0.518501,-0.455465,3.027517,-1.209970,13.055359
00026,67,0.078293,0.719669,0.519946,-0.453435,2.986533,-1.199632,13.046604
00027,67,0.077649,0.719974,0.521387,-0.451402,2.945550,-1.189294,13.037848
00028,67,0.077003,0.720274,0.522825,-0.449366,2.904567,-1.178956,13.029093
00029,67,0.076355,0.720570,0.524259,-0.447327,2.863583,-1.168617,13.020337
00030,67,0.075706,0.720860,0.525690,-0.445286,2.822600,-1.158279,13.011582
00031,67,0.075055,0.721146,0.527117,-0.443242,2.781617,-1.147941,13.002827
00032,67,0.074403,0.721426,0.528540,-0.441196,2.740633,-1.137603,12.994071
00033,67,0.073749,0.721702,0.529960,-0.439147,2.699650,-1.127264,12.985316
00034,67,0.073093,0.721972,0.531377,-0.437095,2.658666,-1.116926,12.976560
00035,67,0.072436,0.722238,0.532790,-0.435041,2.617683,-1.106588,12.967805
00036,67,0.071777,0.722498,0.534199,-0.432984,2.576700,-1.096250,12.959049
00037,67,0.071117,0.722754,0.535605,-0.430925,2.535716,-1.085911,12.950294
00038,67,0.070455,0.723005,0.537007,-0.428863,2.494733,-1.075573,12.941538
00039,67,0.069792,0.723251,0.538405,-0.426799,2.453750,-1.065235,12.932783
00040,67,0.069127,0.723492,0.539800,-0.424732,2.412766,-1.054897,12.924027
00041,67,0.068460,0.723728,0.541191,-0.422662,2.371783,-1.044558,12.915272
00042,67,0.067792,0.723959,0.542579,-0.420590,2.330800,-1.034220,12.906516
00043,67,0.067122,0.724185,0.543963,-0.418516,2.289816,-1.023882,12.897761
00044,67,0.066451,0.724406,0.545343,-0.416439,2.248833,-1.013544,12.889006
00045,67,0.065778,0.724622,0.546720,-0.414360,2.207849,-1.003205,12.880250
00046,67,0.065104,0.724833,0.548093,-0.412278,2.166866,-0.992867,12.871495
00047,67,0.064428,0.725039,0.549462,-0.410194,2.125883,-0.982529,12.862739
00048,67,0.063751,0.725241,0.550827,-0.408107,2.084899,-0.972191,12.853984
00049,67,0.063072,0.725437,0.552189,-0.406018,2.043916,-0.961852,12.845228
00050,67,0.062392,0.725628,0.553547,-0.403927,2.002933,-0.951514,12.836473
00051,67,0.061710,0.725815,0.554901,-0.401833,1.961949,-0.941176,12.827717
00052,67,0.061027,0.725997,0.556251,-0.399737,1.920966,-0.930838,12.818962
00053,67,0.060342,0.726173,0.557598,-0.397638,1.879982,-0.920499,12.810206
00054,67,0.059656,0.726345,0.558941,-0.395537,1.838999,-0.910161,12.801451
00055,67,0.058968,0.726512,0.560280,-0.393434,1.798016,-0.899823,12.792695
00056,67,0.058279,0.726673,0.561615,-0.391328,1.757032,-0.889485,12.783940
00057,67,0.057588,0.726830,0.562946,-0.389221,1.716049,-0.879146,12.775185
00058,67,0.056896,0.726982,0.564274,-0.387111,1.675066,-0.868808,12.766429
00059,67,0.056202,0.727129,0.565598,-0.384998,1.634082,-0.858470,12.757674
00060,67,0.055507,0.727271,0.566918,-0.382884,1.593099,-0.848132,12.748918
00061,67,0.054810,0.727408,0.568234,-0.380767,1.552116,-0.837793,12.740163
00062,67,0.054112,0.727541,0.569546,-0.378648,1.511132,-0.827455,12.731407
00063,67,0.053413,0.727668,0.570854,-0.376526,1.470149,-0.817117,12.722652
00064,67,0.052712,0.727790,0.572158,-0.374403,1.429165,-0.806779,12.713896
00065,67,0.052010,0.727908,0.573459,-0.372277,1.388182,-0.796440,12.705141
00066,67,0.051306,0.728020,0.574755,-0.370149,1.347199,-0.786102,12.696385
00067,67,0.050601,0.728128,0.576048,-0.368019,1.306215,-0.775764,12.687630
00068,67,0.049894,0.728230,0.577337,-0.365887,1.265232,-0.765426,12.678874
00069,67,0.049186,0.728328,0.578621,-0.363753,1.224249,-0.755087,12.670119
00070,67,0.048477,0.728421,0.579902,-0.361617,1.183265,-0.744749,12.661364
00071,67,0.047766,0.728509,0.581179,-0.359478,1.142282,-0.734411,12.652608
00072,67,0.047054,0.728592,0.582451,-0.357337,1.101298,-0.724073,12.643853
00073,67,0.046340,0.728670,0.583720,-0.355195,1.060315,-0.713734,12.635097
00074,67,0.045625,0.728743,0.584985,-0.353050,1.019332,-0.703396,12.626342
00075,67,0.044909,0.728811,0.586246,-0.350903,0.978348,-0.693058,12.617586
00076,67,0.044191,0.728875,0.587503,-0.348754,0.937365,-0.682720,12.608831
00077,67,0.043472,0.728933,0.588755,-0.346604,0.896382,-0.672381,12.600075
00078,67,0.042752,0.728987,0.590004,-0.344451,0.855398,-0.662043,12.591320
00079,67,0.042030,0.729035,0.591249,-0.342296,0.814415,-0.651705,12.582564
00080,67,0.041307,0.729079,0.592489,-0.340139,0.773432,-0.641367,12.573809
00081,67,0.040583,0.729118,0.593726,-0.337980,0.732448,-0.631028,12.565054
00082,67,0.039857,0.729152,0.594958,-0.335819,0.691465,-0.620690,12.556298
00083,67,0.039130,0.729180,0.596186,-0.333657,0.650481,-0.610352,12.547543
00084,67,0.038401,0.729205,0.597410,-0.331492,0.609498,-0.600014,12.538787
00085,67,0.037672,0.729224,0.598630,-0.329325,0.568515,-0.589675,12.530032
00086,67,0.036940,0.729238,0.599846,-0.327157,0.527531,-0.579337,12.521276
00087,67,0.036208,0.729247,0.601058,-0.324987,0.486548,-0.568999,12.512521
00088,67,0.035474,0.729252,0.602266,-0.322814,0.445565,-0.558661,12.503765
00089,67,0.034739,0.729252,0.603469,-0.320640,0.404581,-0.548322,12.495010
00090,67,0.034003,0.729246,0.604669,-0.318464,0.363598,-0.537984,12.486254
00091,67,0.033265,0.729236,0.605864,-0.316287,0.322615,-0.527646,12.477499
00092,67,0.032527,0.729221,0.607055,-0.314107,0.281631,-0.517308,12.468743
00093,67,0.031787,0.729201,0.608241,-0.311926,0.240648,-0.506969,12.459988
00094,67,0.031045,0.729176,0.609424,-0.309742,0.199664,-0.496631,12.451233
00095,67,0.030302,0.729147,0.610602,-0.307558,0.158681,-0.486293,12.442477
00096,67,0.029559,0.729112,0.611776,-0.305371,0.117698,-0.475955,12.433722
00097,67,0.028813,0.729073,0.612946,-0.303182,0.076714,-0.465616,12.424966
00098,67,0.028067,0.729028,0.614112,-0.300992,0.035731,-0.455278,12.416211
00099,67,0.027319,0.728979,0.615273,-0.298800,-0.005252,-0.444940,12.407455
00100,67,0.026570,0.728925,0.616430,-0.296607,-0.046236,-0.434602,12.398700
00101,67,0.025820,0.728866,0.617583,-0.294411,-0.087219,-0.424263,12.389944
00102,67,0.025069,0.728803,0.618732,-0.292214,-0.128203,-0.413925,12.381189
00103,67,0.024316,0.728734,0.619876,-0.290016,-0.169186,-0.403587,12.372433
00104,67,0.023563,0.728661,0.621016,-0.287815,-0.210169,-0.393249,12.363678
00105,67,0.022808,0.728582,0.622152,-0.285614,-0.251153,-0.382910,12.354922
00106,67,0.022051,0.728499,0.623283,-0.283410,-0.292136,-0.372572,12.346167
00107,67,0.021294,0.728411,0.624410,-0.281205,-0.333119,-0.362234,12.337412
00108,67,0.020536,0.728318,0.625533,-0.278998,-0.374103,-0.351896,12.328656
00109,67,0.019776,0.728221,0.626651,-0.276790,-0.415086,-0.341557,12.319901
00110,67,0.019015,0.728118,0.627765,-0.274580,-0.456069,-0.331219,12.311145
00111,67,0.018253,0.728011,0.628874,-0.272368,-0.497053,-0.320881,12.302390
00112,67,0.017490,0.727898,0.629979,-0.270155,-0.538036,-0.310543,12.293634
00113,67,0.016725,0.727781,0.631080,-0.267941,-0.579020,-0.300204,12.284879
00114,67,0.015960,0.727659,0.632177,-0.265725,-0.620003,-0.289866,12.276123
00115,67,0.015193,0.727533,0.633269,-0.263507,-0.660986,-0.279528,12.267368
00116,67,0.014425,0.727401,0.634356,-0.261288,-0.701970,-0.269190,12.258612
00117,67,0.013656,0.727265,0.635439,-0.259068,-0.742953,-0.258851,12.249857
00118,67,0.012886,0.727124,0.636518,-0.256846,-0.783936,-0.248513,12.241101
00119,67,0.012115,0.726978,0.637592,-0.254623,-0.824920,-0.238175,12.232346
00120,67,0.011342,0.726827,0.638662,-0.252398,-0.865903,-0.227837,12.223591
00121,67,0.010569,0.726671,0.639728,-0.250172,-0.906887,-0.217498,12.214835
00122,67,0.009794,0.726511,0.640789,-0.247944,-0.947870,-0.207160,12.206080
00123,67,0.009019,0.726346,0.641845,-0.245715,-0.988853,-0.196822,12.197324
00124,67,0.008242,0.726175,0.642897,-0.243485,-1.029837,-0.186483,12.188569
00125,67,0.007464,0.726001,0.643944,-0.241253,-1.070820,-0.176145,12.179813
00126,67,0.006685,0.725821,0.644987,-0.239020,-1.111803,-0.165807,12.171058
00127,67,0.005905,0.725637,0.646026,-0.236786,-1.152787,-0.155469,12.162302
00128,67,0.005124,0.725447,0.647060,-0.234550,-1.193770,-0.145130,12.153547
00129,67,0.004342,0.725253,0.648089,-0.232313,-1.234753,-0.134792,12.144791
00130,67,0.003559,0.725055,0.649114,-0.230075,-1.275737,-0.124454,12.136036
00131,67,0.002775,0.724851,0.650134,-0.227835,-1.316720,-0.114116,12.127280
00132,67,0.001990,0.724643,0.651150,-0.225595,-1.357704,-0.103777,12.118525
00133,67,0.001203,0.724430,0.652161,-0.223352,-1.398687,-0.093439,12.109770
00134,67,0.000416,0.724212,0.653168,-0.221109,-1.439670,-0.083101,12.101014
00135,67,-0.000372,0.723989,0.654170,-0.218865,-1.480654,-0.072763,12.092259
00136,67,-0.001162,0.723762,0.655167,-0.216619,-1.521637,-0.062424,12.083503
00137,67,-0.001952,0.723529,0.656160,-0.214372,-1.562620,-0.052086,12.074748
00138,67,-0.002743,0.723292,0.657148,-0.212124,-1.603604,-0.041748,12.065992
00139,67,-0.003536,0.723051,0.658132,-0.209875,-1.644587,-0.031410,12.057237
00140,67,-0.004329,0.722804,0.659111,-0.207625,-1.685571,-0.021071,12.048481
00141,67,-0.005123,0.722553,0.660085,-0.205374,-1.726554,-0.010733,12.039726
00142,67,-0.005918,0.722297,0.661055,-0.203121,-1.767537,-0.000395,12.030970
00143,67,-0.006715,0.722037,0.662020,-0.200867,-1.808521,0.009943,12.022215
00144,67,-0.007512,0.721771,0.662980,-0.198613,-1.849504,0.020282,12.013459
00145,67,-0.008310,0.721501,0.663936,-0.196357,-1.890487,0.030620,12.004704
00146,67,-0.009109,0.721226,0.664887,-0.194100,-1.931471,0.040958,11.995949
00147,67,-0.009909,0.720947,0.665834,-0.191842,-1.972454,0.051296,11.987193
00148,67,-0.010710,0.720662,0.666775,-0.189583,-2.013437,0.061635,11.978438
00149,67,-0.011512,0.720373,0.667712,-0.187323,-2.054421,0.071973,11.969682
00150,67,-0.012315,0.720079,0.668645,-0.185063,-2.095404,0.082311,11.960927
00151,67,-0.013119,0.719781,0.669572,-0.182801,-2.136388,0.092649,11.952171
00152,67,-0.013924,0.719478,0.670495,-0.180538,-2.177371,0.102988,11.943416
00153,67,-0.014729,0.719170,0.671413,-0.178274,-2.218354,0.113326,11.934660
00154,67,-0.015536,0.718857,0.672327,-0.176009,-2.259338,0.123664,11.925905
00155,67,-0.016343,0.718540,0.673235,-0.173744,-2.300321,0.134002,11.917149
00156,67,-0.017151,0.718218,0.674139,-0.171477,-2.341304,0.144341,11.908394
00157,67,-0.017961,0.717892,0.675039,-0.169210,-2.382288,0.154679,11.899638
00158,67,-0.018771,0.717560,0.675933,-0.166941,-2.423271,0.165017,11.890883
00159,67,-0.019582,0.717224,0.676823,-0.164672,-2.464254,0.175355,11.882128
00160,67,-0.020393,0.716884,0.677708,-0.162402,-2.505238,0.185694,11.873372
00161,67,-0.021206,0.716538,0.678588,-0.160131,-2.546221,0.196032,11.864617
00162,67,-0.022019,0.716188,0.679463,-0.157859,-2.587205,0.206370,11.855861
00163,67,-0.022834,0.715834,0.680333,-0.155587,-2.628188,0.216708,11.847106
00164,67,-0.023649,0.715474,0.681199,-0.153313,-2.669171,0.227047,11.838350
00165,67,-0.024465,0.715110,0.682060,-0.151039,-2.710155,0.237385,11.829595
00166,67,-0.025282,0.714742,0.682916,-0.148764,-2.751138,0.247723,11.820839
00167,67,-0.026099,0.714369,0.683767,-0.146489,-2.792121,0.258061,11.812084
00168,67,-0.026918,0.713991,0.684613,-0.144212,-2.833105,0.268400,11.803328
00169,67,-0.027737,0.713608,0.685455,-0.141935,-2.874088,0.278738,11.794573
00170,67,-0.028557,0.713221,0.686292,-0.139658,-2.915072,0.289076,11.785817
00171,67,-0.029378,0.712829,0.687123,-0.137379,-2.956055,0.299414,11.777062
00172,67,-0.030199,0.712433,0.687950,-0.135100,-2.997038,0.309753,11.768307
00173,67,-0.031022,0.712032,0.688772,-0.132820,-3.038022,0.320091,11.759551
00174,67,-0.031845,0.711626,0.689590,-0.130540,-3.079005,0.330429,11.750796
00175,67,-0.032669,0.711216,0.690402,-0.128258,-3.119988,0.340767,11.742040
00176,67,-0.033493,0.710801,0.691209,-0.125977,-3.160972,0.351106,11.733285
00177,67,-0.034319,0.710381,0.692012,-0.123694,-3.201955,0.361444,11.724529
00178,67,-0.035145,0.709957,0.692809,-0.121411,-3.242938,0.371782,11.715774
00179,67,-0.035972,0.709529,0.693602,-0.119128,-3.283922,0.382120,11.707018
00180,67,-0.036799,0.709095,0.694390,-0.116844,-3.324905,0.392459,11.698263
00181,67,-0.037627,0.708658,0.695172,-0.114559,-3.365889,0.402797,11.689507
00182,67,-0.038456,0.708215,0.695950,-0.112274,-3.406872,0.413135,11.680752
00183,67,-0.039286,0.707768,0.696723,-0.109988,-3.447855,0.423473,11.671996
00184,67,-0.040117,0.707317,0.697491,-0.107702,-3.488839,0.433812,11.663241
00185,67,-0.040948,0.706861,0.698254,-0.105415,-3.529822,0.444150,11.654486
00186,67,-0.041779,0.706400,0.699012,-0.103128,-3.570805,0.454488,11.645730
00187,67,-0.042612,0.705935,0.699765,-0.100841,-3.611789,0.464826,11.636975
00188,67,-0.043445,0.705465,0.700514,-0.098553,-3.652772,0.475165,11.628219
00189,67,-0.044279,0.704991,0.701257,-0.096264,-3.693756,0.485503,11.619464
00190,67,-0.045113,0.704512,0.701995,-0.093975,-3.734739,0.495841,11.610708
00191,67,-0.045948,0.704028,0.702728,-0.091686,-3.775722,0.506179,11.601953
00192,67,-0.046784,0.703540,0.703456,-0.089396,-3.816706,0.516518,11.593197
00193,67,-0.047620,0.703048,0.704179,-0.087106,-3.857689,0.526856,11.584442
00194,67,-0.048457,0.702551,0.704897,-0.084816,-3.898672,0.537194,11.575686
00195,67,-0.049295,0.702049,0.705610,-0.082525,-3.939656,0.547532,11.566931
00196,67,-0.050133,0.701544,0.706319,-0.080234,-3.980639,0.557871,11.558175
00197,67,-0.050972,0.701033,0.707022,-0.077942,-4.021622,0.568209,11.549420
00198,67,-0.051812,0.700518,0.707720,-0.075650,-4.062606,0.578547,11.540665
00199,67,-0.052652,0.699999,0.708413,-0.073358,-4.103589,0.588885,11.531909
00200,67,-0.053492,0.699475,0.709100,-0.071066,-4.144573,0.599224,11.523154
00201,67,-0.054334,0.698946,0.709783,-0.068774,-4.185556,0.609562,11.514398
