00000,02,-0.396740,-0.678988,-0.379938,0.487052,-6.198985,-4.502167,44.163038
00001,02,-0.397762,-0.679696,-0.380431,0.484841,-6.222377,-4.502536,44.148292
00002,02,-0.398777,-0.680402,-0.380924,0.482625,-6.245769,-4.502905,44.133545
00003,02,-0.399785,-0.681104,-0.381418,0.480406,-6.269161,-4.503274,44.118799
00004,02,-0.400787,-0.681802,-0.381913,0.478182,-6.292553,-4.503642,44.104052
00005,02,-0.401782,-0.682497,-0.382408,0.475955,-6.315945,-4.504011,44.089306
00006,02,-0.402771,-0.683189,-0.382904,0.473723,-6.339337,-4.504380,44.074559
00007,02,-0.403752,-0.683877,-0.383401,0.471488,-6.362729,-4.504749,44.059813
00008,02,-0.404727,-0.684561,-0.383898,0.469248,-6.386121,-4.505118,44.045066
00009,02,-0.405696,-0.685243,-0.384396,0.467005,-6.409513,-4.505487,44.030320
00010,02,-0.406657,-0.685920,-0.384894,0.464758,-6.432905,-4.505855,44.015573
00011,02,-0.407612,-0.686595,-0.385393,0.462507,-6.456296,-4.506224,44.000827
00012,02,-0.408560,-0.687266,-0.385892,0.460252,-6.479688,-4.506593,43.986080
00013,02,-0.409502,-0.687933,-0.386392,0.457993,-6.503080,-4.506962,43.971334
00014,02,-0.410436,-0.688597,-0.386893,0.455730,-6.526472,-4.507331,43.956587
00015,02,-0.411364,-0.689257,-0.387394,0.453464,-6.549864,-4.507700,43.941841
00016,02,-0.412285,-0.689914,-0.387896,0.451194,-6.573256,-4.508068,43.927094
00017,02,-0.413199,-0.690568,-0.388398,0.448920,-6.596648,-4.508437,43.912348
00018,02,-0.414107,-0.691218,-0.388901,0.446643,-6.620040,-4.508806,43.897601
00019,02,-0.415007,-0.691864,-0.389404,0.444362,-6.643432,-4.509175,43.882855
00020,02,-0.415901,-0.692508,-0.389907,0.442077,-6.666824,-4.509544,43.868108
00021,02,-0.416787,-0.693147,-0.390412,0.439789,-6.690216,-4.509913,43.853362
00022,02,-0.417667,-0.693783,-0.390916,0.437497,-6.713608,-4.510282,43.838616
00023,02,-0.418540,-0.694416,-0.391421,0.435201,-6.737000,-4.510650,43.823869
00024,02,-0.419406,-0.695045,-0.391927,0.432902,-6.760392,-4.511019,43.809123
00025,02,-0.420266,-0.695670,-0.392433,0.430599,-6.783784,-4.511388,43.794376
00026,02,-0.421118,-0.696293,-0.392939,0.428293,-6.807176,-4.511757,43.779630
00027,02,-0.421963,-0.696911,-0.393446,0.425984,-6.830567,-4.512126,43.764883
00028,02,-0.422802,-0.697526,-0.393954,0.423670,-6.853959,-4.512495,43.750137
00029,02,-0.423633,-0.698138,-0.394461,0.421354,-6.877351,-4.512863,43.735390
00030,02,-0.424457,-0.698746,-0.394970,0.419034,-6.900743,-4.513232,43.720644
00031,02,-0.425275,-0.699350,-0.395478,0.416711,-6.924135,-4.513601,43.705897
00032,02,-0.426085,-0.699951,-0.395987,0.414384,-6.947527,-4.513970,43.691151
00033,02,-0.426889,-0.700548,-0.396496,0.412054,-6.970919,-4.514339,43.676404
00034,02,-0.427685,-0.701142,-0.397006,0.409721,-6.994311,-4.514708,43.661658
00035,02,-0.428475,-0.701733,-0.397516,0.407384,-7.017703,-4.515076,43.646911
00036,02,-0.429257,-0.702320,-0.398026,0.405044,-7.041095,-4.515445,43.632165
00037,02,-0.430032,-0.702903,-0.398537,0.402701,-7.064487,-4.515814,43.617418
00038,02,-0.430801,-0.703482,-0.399048,0.400355,-7.087879,-4.516183,43.602672
00039,02,-0.431562,-0.704059,-0.399560,0.398005,-7.111271,-4.516552,43.587925
00040,02,-0.432316,-0.704631,-0.400071,0.395652,-7.134663,-4.516921,43.573179
00041,02,-0.433063,-0.705200,-0.400583,0.393297,-7.158055,-4.517290,43.558432
00042,02,-0.433803,-0.705766,-0.401096,0.390938,-7.181447,-4.517658,43.543686
00043,02,-0.434535,-0.706328,-0.401608,0.388576,-7.204839,-4.518027,43.528939
00044,02,-0.435261,-0.706886,-0.402121,0.386210,-7.228230,-4.518396,43.514193
00045,02,-0.435979,-0.707441,-0.402634,0.383842,-7.251622,-4.518765,43.499446
00046,02,-0.436691,-0.707992,-0.403148,0.381471,-7.275014,-4.519134,43.484700
00047,02,-0.437395,-0.708540,-0.403661,0.379097,-7.298406,-4.519503,43.469953
00048,02,-0.438092,-0.709084,-0.404175,0.376720,-7.321798,-4.519871,43.455207
00049,02,-0.438782,-0.709625,-0.404689,0.374340,-7.345190,-4.520240,43.440460
00050,02,-0.439464,-0.710162,-0.405204,0.371956,-7.368582,-4.520609,43.425714
00051,02,-0.440140,-0.710695,-0.405718,0.369571,-7.391974,-4.520978,43.410967
00052,02,-0.440808,-0.711225,-0.406233,0.367182,-7.415366,-4.521347,43.396221
00053,02,-0.441469,-0.711751,-0.406748,0.364790,-7.438758,-4.521716,43.381474
00054,02,-0.442123,-0.712274,-0.407263,0.362396,-7.462150,-4.522084,43.366728
00055,02,-0.442769,-0.712793,-0.407778,0.359998,-7.485542,-4.522453,43.351981
00056,02,-0.443409,-0.713308,-0.408294,0.357598,-7.508934,-4.522822,43.337235
00057,02,-0.444041,-0.713820,-0.408810,0.355196,-7.532326,-4.523191,43.322488
00058,02,-0.444665,-0.714328,-0.409325,0.352790,-7.555718,-4.523560,43.307742
00059,02,-0.445283,-0.714833,-0.409841,0.350382,-7.579110,-4.523929,43.292995
00060,02,-0.445893,-0.715334,-0.410358,0.347971,-7.602501,-4.524297,43.278249
00061,02,-0.446496,-0.715831,-0.410874,0.345557,-7.625893,-4.524666,43.263502
00062,02,-0.447091,-0.716325,-0.411390,0.343141,-7.649285,-4.525035,43.248756
00063,02,-0.447679,-0.716815,-0.411906,0.340723,-7.672677,-4.525404,43.234009
00064,02,-0.448260,-0.717302,-0.412423,0.338301,-7.696069,-4.525773,43.219263
00065,02,-0.448834,-0.717785,-0.412940,0.335877,-7.719461,-4.526142,43.204516
00066,02,-0.449400,-0.718264,-0.413456,0.333451,-7.742853,-4.526511,43.189770
00067,02,-0.449959,-0.718740,-0.413973,0.331022,-7.766245,-4.526879,43.175023
00068,02,-0.450511,-0.719212,-0.414490,0.328591,-7.789637,-4.527248,43.160277
00069,02,-0.451055,-0.719681,-0.415007,0.326157,-7.813029,-4.527617,43.145530
00070,02,-0.451591,-0.720146,-0.415523,0.323721,-7.836421,-4.527986,43.130784
00071,02,-0.452121,-0.720607,-0.416040,0.321282,-7.859813,-4.528355,43.116037
00072,02,-0.452643,-0.721065,-0.416557,0.318841,-7.883205,-4.528724,43.101291
00073,02,-0.453157,-0.721519,-0.417074,0.316398,-7.906597,-4.529092,43.086544
00074,02,-0.453664,-0.721970,-0.417591,0.313952,-7.929989,-4.529461,43.071798
00075,02,-0.454164,-0.722416,-0.418108,0.311505,-7.953381,-4.529830,43.057051
00076,02,-0.454656,-0.722860,-0.418625,0.309054,-7.976773,-4.530199,43.042305
00077,02,-0.455141,-0.723299,-0.419142,0.306602,-8.000164,-4.530568,43.027558
00078,02,-0.455619,-0.723735,-0.419659,0.304147,-8.023556,-4.530937,43.012812
00079,02,-0.456089,-0.724167,-0.420175,0.301691,-8.046948,-4.531305,42.998065
00080,02,-0.456551,-0.724596,-0.420692,0.299232,-8.070340,-4.531674,42.983319
00081,02,-0.457006,-0.725021,-0.421209,0.296771,-8.093732,-4.532043,42.968572
00082,02,-0.457454,-0.725443,-0.421725,0.294307,-8.117124,-4.532412,42.953826
00083,02,-0.457894,-0.725860,-0.422242,0.291842,-8.140516,-4.532781,42.939079
00084,02,-0.458326,-0.726274,-0.422758,0.289375,-8.163908,-4.533150,42.924333
00085,02,-0.458751,-0.726685,-0.423275,0.286905,-8.187300,-4.533519,42.909586
00086,02,-0.459169,-0.727092,-0.423791,0.284434,-8.210692,-4.533887,42.894840
00087,02,-0.459579,-0.727495,-0.424307,0.281961,-8.234084,-4.534256,42.880093
00088,02,-0.459981,-0.727895,-0.424823,0.279485,-8.257476,-4.534625,42.865347
00089,02,-0.460376,-0.728291,-0.425338,0.277008,-8.280868,-4.534994,42.850601
00090,02,-0.460764,-0.728683,-0.425854,0.274529,-8.304260,-4.535363,42.835854
00091,02,-0.461144,-0.729071,-0.426370,0.272048,-8.327652,-4.535732,42.821108
00092,02,-0.461516,-0.729456,-0.426885,0.269565,-8.351044,-4.536100,42.806361
00093,02,-0.461881,-0.729838,-0.427400,0.267081,-8.374435,-4.536469,42.791615
00094,02,-0.462238,-0.730216,-0.427915,0.264594,-8.397827,-4.536838,42.776868
00095,02,-0.462588,-0.730590,-0.428430,0.262106,-8.421219,-4.537207,42.762122
00096,02,-0.462930,-0.730960,-0.428944,0.259616,-8.444611,-4.537576,42.747375
00097,02,-0.463264,-0.731327,-0.429458,0.257124,-8.468003,-4.537945,42.732629
00098,02,-0.463591,-0.731690,-0.429972,0.254631,-8.491395,-4.538313,42.717882
00099,02,-0.463910,-0.732049,-0.430486,0.252136,-8.514787,-4.538682,42.703136
00100,02,-0.464222,-0.732405,-0.431000,0.249639,-8.538179,-4.539051,42.688389
00101,02,-0.464526,-0.732757,-0.431513,0.247141,-8.561571,-4.539420,42.673643
00102,02,-0.464823,-0.733106,-0.432026,0.244641,-8.584963,-4.539789,42.658896
00103,02,-0.465112,-0.733451,-0.432539,0.242140,-8.608355,-4.540158,42.644150
00104,02,-0.465393,-0.733792,-0.433051,0.239637,-8.631747,-4.540527,42.629403
00105,02,-0.465666,-0.734129,-0.433563,0.237133,-8.655139,-4.540895,42.614657
00106,02,-0.465932,-0.734463,-0.434075,0.234627,-8.678531,-4.541264,42.599910
00107,02,-0.466190,-0.734793,-0.434587,0.232119,-8.701923,-4.541633,42.585164
00108,02,-0.466441,-0.735120,-0.435098,0.229610,-8.725315,-4.542002,42.570417
00109,02,-0.466684,-0.735443,-0.435609,0.227100,-8.748707,-4.542371,42.555671
00110,02,-0.466919,-0.735762,-0.436119,0.224589,-8.772098,-4.542740,42.540924
00111,02,-0.467147,-0.736078,-0.436630,0.222076,-8.795490,-4.543108,42.526178
00112,02,-0.467367,-0.736390,-0.437139,0.219562,-8.818882,-4.543477,42.511431
00113,02,-0.467579,-0.736698,-0.437649,0.217046,-8.842274,-4.543846,42.496685
00114,02,-0.467784,-0.737003,-0.438158,0.214529,-8.865666,-4.544215,42.481938
00115,02,-0.467981,-0.737304,-0.438667,0.212011,-8.889058,-4.544584,42.467192
00116,02,-0.468170,-0.737601,-0.439175,0.209492,-8.912450,-4.544953,42.452445
00117,02,-0.468351,-0.737895,-0.439683,0.206972,-8.935842,-4.545321,42.437699
00118,02,-0.468525,-0.738185,-0.440190,0.204450,-8.959234,-4.545690,42.422952
00119,02,-0.468691,-0.738471,-0.440697,0.201928,-8.982626,-4.546059,42.408206
00120,02,-0.468850,-0.738754,-0.441204,0.199404,-9.006018,-4.546428,42.393459
00121,02,-0.469000,-0.739033,-0.441710,0.196879,-9.029410,-4.546797,42.378713
00122,02,-0.469143,-0.739308,-0.442215,0.194353,-9.052802,-4.547166,42.363966
00123,02,-0.469279,-0.739580,-0.442720,0.191826,-9.076194,-4.547534,42.349220
00124,02,-0.469406,-0.739848,-0.443225,0.189298,-9.099586,-4.547903,42.334473
00125,02,-0.469526,-0.740113,-0.443729,0.186770,-9.122978,-4.548272,42.319727
00126,02,-0.469638,-0.740374,-0.444233,0.184240,-9.146369,-4.548641,42.304980
00127,02,-0.469742,-0.740631,-0.444736,0.181709,-9.169761,-4.549010,42.290234
00128,02,-0.469839,-0.740884,-0.445239,0.179178,-9.193153,-4.549379,42.275487
00129,02,-0.469927,-0.741134,-0.445741,0.176645,-9.216545,-4.549748,42.260741
00130,02,-0.470008,-0.741380,-0.446242,0.174112,-9.239937,-4.550116,42.245994
00131,02,-0.470082,-0.741623,-0.446743,0.171578,-9.263329,-4.550485,42.231248
00132,02,-0.470147,-0.741862,-0.447244,0.169043,-9.286721,-4.550854,42.216501
00133,02,-0.470205,-0.742097,-0.447744,0.166507,-9.310113,-4.551223,42.201755
00134,02,-0.470255,-0.742329,-0.448243,0.163971,-9.333505,-4.551592,42.187008
00135,02,-0.470297,-0.742557,-0.448741,0.161434,-9.356897,-4.551961,42.172262
00136,02,-0.470332,-0.742781,-0.449240,0.158896,-9.380289,-4.552329,42.157515
00137,02,-0.470358,-0.743002,-0.449737,0.156358,-9.403681,-4.552698,42.142769
00138,02,-0.470377,-0.743219,-0.450234,0.153819,-9.427073,-4.553067,42.128022
00139,02,-0.470388,-0.743432,-0.450730,0.151280,-9.450465,-4.553436,42.113276
00140,02,-0.470391,-0.743642,-0.451226,0.148740,-9.473857,-4.553805,42.098529
00141,02,-0.470387,-0.743848,-0.451721,0.146199,-9.497249,-4.554174,42.083783
00142,02,-0.470375,-0.744051,-0.452215,0.143658,-9.520641,-4.554542,42.069036
00143,02,-0.470354,-0.744250,-0.452709,0.141116,-9.544032,-4.554911,42.054290
00144,02,-0.470327,-0.744445,-0.453201,0.138574,-9.567424,-4.555280,42.039543
00145,02,-0.470291,-0.744637,-0.453694,0.136032,-9.590816,-4.555649,42.024797
00146,02,-0.470247,-0.744825,-0.454185,0.133489,-9.614208,-4.556018,42.010050
00147,02,-0.470196,-0.745009,-0.454676,0.130946,-9.637600,-4.556387,41.995304
00148,02,-0.470137,-0.745190,-0.455166,0.128402,-9.660992,-4.556756,41.980557
00149,02,-0.470070,-0.745367,-0.455656,0.125859,-9.684384,-4.557124,41.965811
00150,02,-0.469995,-0.745540,-0.456144,0.123315,-9.707776,-4.557493,41.951064
00151,02,-0.469913,-0.745710,-0.456632,0.120770,-9.731168,-4.557862,41.936318
00152,02,-0.469822,-0.745876,-0.457119,0.118226,-9.754560,-4.558231,41.921571
00153,02,-0.469724,-0.746039,-0.457606,0.115681,-9.777952,-4.558600,41.906825
00154,02,-0.469618,-0.746198,-0.458091,0.113136,-9.801344,-4.558969,41.892078
00155,02,-0.469504,-0.746353,-0.458576,0.110591,-9.824736,-4.559337,41.877332
00156,02,-0.469383,-0.746505,-0.459060,0.108046,-9.848128,-4.559706,41.862586
00157,02,-0.469253,-0.746653,-0.459543,0.105500,-9.871520,-4.560075,41.847839
00158,02,-0.469116,-0.746798,-0.460026,0.102955,-9.894912,-4.560444,41.833093
00159,02,-0.468971,-0.746939,-0.460507,0.100409,-9.918303,-4.560813,41.818346
00160,02,-0.468818,-0.747076,-0.460988,0.097864,-9.941695,-4.561182,41.803600
00161,02,-0.468657,-0.747210,-0.461468,0.095319,-9.965087,-4.561550,41.788853
00162,02,-0.468488,-0.747340,-0.461947,0.092773,-9.988479,-4.561919,41.774107
00163,02,-0.468312,-0.747466,-0.462425,0.090228,-10.011871,-4.562288,41.759360
00164,02,-0.468128,-0.747589,-0.462902,0.087683,-10.035263,-4.562657,41.744614
00165,02,-0.467936,-0.747709,-0.463378,0.085138,-10.058655,-4.563026,41.729867
00166,02,-0.467736,-0.747824,-0.463854,0.082593,-10.082047,-4.563395,41.715121
00167,02,-0.467528,-0.747936,-0.464328,0.080048,-10.105439,-4.563764,41.700374
00168,02,-0.467312,-0.748045,-0.464802,0.077504,-10.128831,-4.564132,41.685628
00169,02,-0.467089,-0.748150,-0.465275,0.074960,-10.152223,-4.564501,41.670881
00170,02,-0.466858,-0.748251,-0.465747,0.072416,-10.175615,-4.564870,41.656135
00171,02,-0.466618,-0.748349,-0.466217,0.069872,-10.199007,-4.565239,41.641388
00172,02,-0.466372,-0.748443,-0.466687,0.067329,-10.222399,-4.565608,41.626642
00173,02,-0.466117,-0.748534,-0.467156,0.064786,-10.245791,-4.565977,41.611895
00174,02,-0.465854,-0.748621,-0.467624,0.062243,-10.269183,-4.566345,41.597149
00175,02,-0.465584,-0.748704,-0.468091,0.059701,-10.292575,-4.566714,41.582402
00176,02,-0.465306,-0.748784,-0.468557,0.057160,-10.315966,-4.567083,41.567656
00177,02,-0.465019,-0.748861,-0.469022,0.054618,-10.339358,-4.567452,41.552909
00178,02,-0.464725,-0.748933,-0.469486,0.052078,-10.362750,-4.567821,41.538163
00179,02,-0.464424,-0.749002,-0.469949,0.049537,-10.386142,-4.568190,41.523416
00180,02,-0.464114,-0.749068,-0.470411,0.046998,-10.409534,-4.568558,41.508670
00181,02,-0.463797,-0.749130,-0.470872,0.044459,-10.432926,-4.568927,41.493923
00182,02,-0.463471,-0.749189,-0.471331,0.041920,-10.456318,-4.569296,41.479177
00183,02,-0.463138,-0.749244,-0.471790,0.039382,-10.479710,-4.569665,41.464430
00184,02,-0.462798,-0.749295,-0.472248,0.036845,-10.503102,-4.570034,41.449684
00185,02,-0.462449,-0.749343,-0.472704,0.034309,-10.526494,-4.570403,41.434937
00186,02,-0.462092,-0.749387,-0.473160,0.031773,-10.549886,-4.570771,41.420191
00187,02,-0.461728,-0.749428,-0.473614,0.029238,-10.573278,-4.571140,41.405444
00188,02,-0.461356,-0.749465,-0.474067,0.026703,-10.596670,-4.571509,41.390698
00189,02,-0.460976,-0.749499,-0.474519,0.024170,-10.620062,-4.571878,41.375951
00190,02,-0.460588,-0.749529,-0.474970,0.021637,-10.643454,-4.572247,41.361205
00191,02,-0.460192,-0.749556,-0.475420,0.019105,-10.666846,-4.572616,41.346458
00192,02,-0.459789,-0.749579,-0.475869,0.016575,-10.690237,-4.572985,41.331712
00193,02,-0.459378,-0.749598,-0.476316,0.014045,-10.713629,-4.573353,41.316965
00194,02,-0.458958,-0.749615,-0.476763,0.011515,-10.737021,-4.573722,41.302219
00195,02,-0.458532,-0.749627,-0.477208,0.008987,-10.760413,-4.574091,41.287472
00196,02,-0.458097,-0.749636,-0.477652,0.006460,-10.783805,-4.574460,41.272726
00197,02,-0.457654,-0.749642,-0.478094,0.003934,-10.807197,-4.574829,41.257979
00198,02,-0.457204,-0.749644,-0.478536,0.001409,-10.830589,-4.575198,41.243233
00199,02,-0.456746,-0.749642,-0.478976,-0.001115,-10.853981,-4.575566,41.228486
00200,02,-0.456280,-0.749637,-0.479415,-0.003638,-10.877373,-4.575935,41.213740
00201,02,-0.455807,-0.749629,-0.479853,-0.006159,-10.900765,-4.576304,41.198993
00202,02,-0.455325,-0.749617,-0.480290,-0.008680,-10.924157,-4.576673,41.184247
00203,02,-0.454836,-0.749601,-0.480725,-0.011199,-10.947549,-4.577042,41.169500
00204,02,-0.454339,-0.749583,-0.481159,-0.013717,-10.970941,-4.577411,41.154754
00205,02,-0.453834,-0.749560,-0.481592,-0.016234,-10.994333,-4.577779,41.140007
00206,02,-0.453321,-0.749534,-0.482023,-0.018750,-11.017725,-4.578148,41.125261
00207,02,-0.452801,-0.749505,-0.482454,-0.021264,-11.041117,-4.578517,41.110514
00208,02,-0.452273,-0.749472,-0.482882,-0.023777,-11.064509,-4.578886,41.095768
00209,02,-0.451737,-0.749436,-0.483310,-0.026289,-11.087900,-4.579255,41.081021
00210,02,-0.451193,-0.749396,-0.483736,-0.028799,-11.111292,-4.579624,41.066275
00211,02,-0.450642,-0.749353,-0.484161,-0.031308,-11.134684,-4.579993,41.051528
00212,02,-0.450083,-0.749306,-0.484585,-0.033815,-11.158076,-4.580361,41.036782
00213,02,-0.449516,-0.749256,-0.485007,-0.036321,-11.181468,-4.580730,41.022035
00214,02,-0.448941,-0.749203,-0.485428,-0.038826,-11.204860,-4.581099,41.007289
00215,02,-0.448359,-0.749146,-0.485847,-0.041329,-11.228252,-4.581468,40.992542
00216,02,-0.447768,-0.749085,-0.486265,-0.043830,-11.251644,-4.581837,40.977796
00217,02,-0.447171,-0.749021,-0.486682,-0.046330,-11.275036,-4.582206,40.963049
00218,02,-0.446565,-0.748954,-0.487097,-0.048828,-11.298428,-4.582574,40.948303
00219,02,-0.445952,-0.748883,-0.487511,-0.051324,-11.321820,-4.582943,40.933556
00220,02,-0.445331,-0.748809,-0.487923,-0.053819,-11.345212,-4.583312,40.918810
00221,02,-0.444702,-0.748732,-0.488334,-0.056312,-11.368604,-4.583681,40.904063
00222,02,-0.444065,-0.748651,-0.488743,-0.058804,-11.391996,-4.584050,40.889317
00223,02,-0.443421,-0.748567,-0.489151,-0.061294,-11.415388,-4.584419,40.874571
00224,02,-0.442769,-0.748479,-0.489558,-0.063782,-11.438780,-4.584787,40.859824
00225,02,-0.442109,-0.748388,-0.489963,-0.066268,-11.462171,-4.585156,40.845078
00226,02,-0.441442,-0.748293,-0.490366,-0.068752,-11.485563,-4.585525,40.830331
00227,02,-0.440767,-0.748195,-0.490769,-0.071235,-11.508955,-4.585894,40.815585
00228,02,-0.440084,-0.748094,-0.491169,-0.073715,-11.532347,-4.586263,40.800838
00229,02,-0.439394,-0.747989,-0.491568,-0.076194,-11.555739,-4.586632,40.786092
00230,02,-0.438696,-0.747881,-0.491966,-0.078671,-11.579131,-4.587001,40.771345
00231,02,-0.437990,-0.747770,-0.492362,-0.081145,-11.602523,-4.587369,40.756599
00232,02,-0.437277,-0.747655,-0.492756,-0.083618,-11.625915,-4.587738,40.741852
