00000,7,-0.029908,0.388056,0.657288,-0.645361,-2.952857,-0.031428,11.173835
00001,7,-0.059714,0.406071,0.634941,-0.654515,-2.854198,-0.063159,11.252012
00002,7,-0.089653,0.422755,0.611406,-0.662890,-2.755539,-0.094890,11.330188
00003,7,-0.119641,0.438064,0.586707,-0.670492,-2.656880,-0.126621,11.408365
00004,7,-0.149589,0.451963,0.560870,-0.677331,-2.558221,-0.158352,11.486542
00005,7,-0.179409,0.464416,0.533922,-0.683416,-2.459562,-0.190083,11.564718
00006,7,-0.209011,0.475395,0.505894,-0.688756,-2.360903,-0.221813,11.642895
00007,7,-0.238301,0.484873,0.476819,-0.693364,-2.262244,-0.253544,11.721072
00008,7,-0.267187,0.492831,0.446732,-0.697251,-2.163585,-0.285275,11.799249
00009,7,-0.295574,0.499251,0.415671,-0.700430,-2.064926,-0.317006,11.877425
00010,7,-0.323365,0.504123,0.383674,-0.702915,-1.966267,-0.348737,11.955602
00011,7,-0.350466,0.507440,0.350786,-0.704718,-1.867608,-0.380467,12.033779
00012,7,-0.376780,0.509201,0.317051,-0.705854,-1.768949,-0.412198,12.111955
00013,7,-0.402210,0.509411,0.282516,-0.706338,-1.670290,-0.443929,12.190132
00014,7,-0.426659,0.508078,0.247232,-0.706183,-1.571631,-0.475660,12.268309
00015,7,-0.450032,0.505220,0.211251,-0.705406,-1.472972,-0.507391,12.346486
00016,7,-0.472234,0.500855,0.174630,-0.704020,-1.374313,-0.539122,12.424662
00017,7,-0.493170,0.495012,0.137426,-0.702040,-1.275654,-0.570852,12.502839
00018,7,-0.512750,0.487724,0.099700,-0.699481,-1.176995,-0.602583,12.581016
00019,7,-0.530882,0.479028,0.061515,-0.696356,-1.078336,-0.634314,12.659192
00020,7,-0.547479,0.468971,0.022939,-0.692681,-0.979677,-0.666045,12.737369
00021,7,-0.562458,0.457602,-0.015961,-0.688467,-0.881018,-0.697776,12.815546
00022,7,-0.575736,0.444980,-0.055113,-0.683728,-0.782358,-0.729507,12.893722
00023,7,-0.587236,0.431167,-0.094444,-0.678475,-0.683699,-0.761237,12.971899
00024,7,-0.596887,0.416232,-0.133875,-0.672721,-0.585040,-0.792968,13.050076
00025,7,-0.604621,0.400249,-0.173330,-0.666476,-0.486381,-0.824699,13.128253
00026,7,-0.610377,0.383301,-0.212728,-0.659748,-0.387722,-0.856430,13.206429
00027,7,-0.614097,0.365472,-0.251985,-0.652548,-0.289063,-0.888161,13.284606
00028,7,-0.615735,0.346853,-0.291016,-0.644882,-0.190404,-0.919891,13.362783
00029,7,-0.615248,0.327541,-0.329737,-0.636758,-0.091745,-0.951622,13.440959
00030,7,-0.612603,0.307635,-0.368058,-0.628181,0.006914,-0.983353,13.519136
00031,7,-0.607774,0.287241,-0.405892,-0.619156,0.105573,-1.015084,13.597313
00032,7,-0.600746,0.266467,-0.443150,-0.609687,0.204232,-1.046815,13.675490
00033,7,-0.591510,0.245424,-0.479741,-0.599776,0.302891,-1.078546,13.753666
00034,7,-0.580071,0.224226,-0.515576,-0.589424,0.401550,-1.110276,13.831843
00035,7,-0.566441,0.202988,-0.550567,-0.578633,0.500209,-1.142007,13.910020
00036,7,-0.550642,0.181827,-0.584625,-0.567403,0.598868,-1.173738,13.988196
00037,7,-0.532709,0.160860,-0.617663,-0.555731,0.697527,-1.205469,14.066373
00038,7,-0.512686,0.140204,-0.649597,-0.543618,0.796186,-1.237200,14.144550
00039,7,-0.490627,0.119975,-0.680343,-0.531059,0.894845,-1.268930,14.222726
00040,7,-0.466599,0.100288,-0.709823,-0.518053,0.993504,-1.300661,14.300903
00041,7,-0.440677,0.081252,-0.737959,-0.504596,1.092163,-1.332392,14.379080
00042,7,-0.412949,0.062976,-0.764680,-0.490685,1.190822,-1.364123,14.457257
00043,7,-0.383509,0.045564,-0.789917,-0.476316,1.289481,-1.395854,14.535433
00044,7,-0.352464,0.029113,-0.813605,-0.461484,1.388140,-1.427585,14.613610
00045,7,-0.319927,0.013717,-0.835688,-0.446188,1.486799,-1.459315,14.691787
00046,7,-0.286022,-0.000540,-0.856112,-0.430422,1.585458,-1.491046,14.769963
00047,7,-0.250879,-0.013577,-0.874829,-0.414186,1.684117,-1.522777,14.848140
00048,7,-0.214632,-0.025325,-0.891799,-0.397475,1.782776,-1.554508,14.926317
00049,7,-0.177426,-0.035720,-0.906986,-0.380289,1.881435,-1.586239,15.004494
00050,7,-0.139406,-0.044709,-0.920363,-0.362627,1.980094,-1.617970,15.082670
00051,7,-0.100724,-0.052247,-0.931908,-0.344489,2.078753,-1.649700,15.160847
00052,7,-0.061533,-0.058297,-0.941605,-0.325875,2.177412,-1.681431,15.239024
00053,7,-0.021987,-0.062834,-0.949446,-0.306790,2.276071,-1.713162,15.317200
00054,7,0.017757,-0.065842,-0.955429,-0.287236,2.374730,-1.744893,15.395377
00055,7,0.057543,-0.067312,-0.959558,-0.267218,2.473389,-1.776624,15.473554
00056,7,0.097217,-0.067249,-0.961844,-0.246743,2.572048,-1.808354,15.551730
00057,7,0.136627,-0.065662,-0.962303,-0.225818,2.670707,-1.840085,15.629907
00058,7,0.175624,-0.062574,-0.960957,-0.204454,2.769366,-1.871816,15.708084
00059,7,0.214063,-0.058012,-0.957834,-0.182660,2.868025,-1.903547,15.786261
00060,7,0.251803,-0.052015,-0.952966,-0.160451,2.966684,-1.935278,15.864437
00061,7,0.288709,-0.044628,-0.946391,-0.137840,3.065343,-1.967009,15.942614
00062,7,0.324651,-0.035903,-0.938149,-0.114843,3.164002,-1.998739,16.020791
00063,7,0.359508,-0.025901,-0.928286,-0.091477,3.262661,-2.030470,16.098967
00064,7,0.393163,-0.014685,-0.916851,-0.067763,3.361320,-2.062201,16.177144
00065,7,0.425509,-0.002329,-0.903895,-0.043720,3.459979,-2.093932,16.255321
00066,7,0.456443,0.011094,-0.889472,-0.019371,3.558638,-2.125663,16.333498
00067,7,0.485875,0.025501,-0.873641,0.005259,3.657297,-2.157394,16.411674
00068,7,0.513718,0.040809,-0.856458,0.030146,3.755956,-2.189124,16.489851
00069,7,0.539896,0.056931,-0.837984,0.055262,3.854615,-2.220855,16.568028
00070,7,0.564340,0.073776,-0.818281,0.080579,3.953274,-2.252586,16.646204
00071,7,0.586991,0.091252,-0.797411,0.106067,4.051933,-2.284317,16.724381
00072,7,0.607795,0.109266,-0.775437,0.131696,4.150592,-2.316048,16.802558
00073,7,0.626709,0.127724,-0.752421,0.157433,4.249251,-2.347778,16.880734
00074,7,0.643695,0.146530,-0.728428,0.183244,4.347910,-2.379509,16.958911
00075,7,0.658725,0.165590,-0.703520,0.209095,4.446569,-2.411240,17.037088
00076,7,0.671777,0.184808,-0.677761,0.234951,4.545228,-2.442971,17.115265
00077,7,0.682836,0.204093,-0.651213,0.260775,4.643887,-2.474702,17.193441
00078,7,0.691895,0.223350,-0.623937,0.286529,4.742546,-2.506433,17.271618
00079,7,0.698952,0.242489,-0.595996,0.312176,4.841205,-2.538163,17.349795
00080,7,0.704013,0.261422,-0.567449,0.337677,4.939864,-2.569894,17.427971
00081,7,0.707090,0.280061,-0.538355,0.362992,5.038523,-2.601625,17.506148
00082,7,0.708199,0.298321,-0.508773,0.388082,5.137182,-2.633356,17.584325
00083,7,0.707364,0.316122,-0.478761,0.412906,5.235841,-2.665087,17.662502
00084,7,0.704611,0.333384,-0.448374,0.437423,5.334501,-2.696818,17.740678
00085,7,0.699975,0.350031,-0.417666,0.461593,5.433160,-2.728548,17.818855
00086,7,0.693491,0.365991,-0.386693,0.485375,5.531819,-2.760279,17.897032
00087,7,0.685203,0.381194,-0.355506,0.508727,5.630478,-2.792010,17.975208
00088,7,0.675157,0.395575,-0.324156,0.531608,5.729137,-2.823741,18.053385
00089,7,0.663401,0.409070,-0.292693,0.553977,5.827796,-2.855472,18.131562
00090,7,0.649990,0.421622,-0.261167,0.575795,5.926455,-2.887202,18.209738
00091,7,0.634981,0.433175,-0.229624,0.597019,6.025114,-2.918933,18.287915
00092,7,0.618432,0.443679,-0.198110,0.617610,6.123773,-2.950664,18.366092
00093,7,0.600409,0.453086,-0.166671,0.637529,6.222432,-2.982395,18.444269
00094,7,0.580975,0.461352,-0.135349,0.656736,6.321091,-3.014126,18.522445
00095,7,0.560199,0.468439,-0.104188,0.675194,6.419750,-3.045857,18.600622
00096,7,0.538152,0.474311,-0.073228,0.692863,6.518409,-3.077587,18.678799
00097,7,0.514905,0.478935,-0.042508,0.709709,6.617068,-3.109318,18.756975
00098,7,0.490534,0.482286,-0.012068,0.725693,6.715727,-3.141049,18.835152
00099,7,0.465114,0.484338,0.018056,0.740783,6.814386,-3.172780,18.913329
