00000,11,-0.502046,-0.332989,0.647845,-0.466225,-1.550209,-3.687190,15.823143
00001,11,-0.507033,-0.339567,0.620651,-0.492345,-1.539880,-3.703347,15.810601
00002,11,-0.510663,-0.345872,0.592748,-0.517924,-1.529551,-3.719504,15.798059
00003,11,-0.512942,-0.351854,0.564193,-0.542931,-1.519222,-3.735660,15.785517
00004,11,-0.513883,-0.357465,0.535043,-0.567338,-1.508893,-3.751817,15.772975
00005,11,-0.513501,-0.362658,0.505351,-0.591114,-1.498564,-3.767974,15.760433
00006,11,-0.511817,-0.367386,0.475172,-0.614233,-1.488235,-3.784131,15.747891
00007,11,-0.508853,-0.371607,0.444558,-0.636667,-1.477906,-3.800287,15.735349
00008,11,-0.504638,-0.375278,0.413563,-0.658387,-1.467577,-3.816444,15.722806
00009,11,-0.499202,-0.378359,0.382235,-0.679366,-1.457248,-3.832601,15.710264
00010,11,-0.492580,-0.380812,0.350623,-0.699579,-1.446919,-3.848758,15.697722
00011,11,-0.484808,-0.382602,0.318777,-0.718998,-1.436590,-3.864914,15.685180
00012,11,-0.475926,-0.383696,0.286741,-0.737599,-1.426261,-3.881071,15.672638
00013,11,-0.465977,-0.384063,0.254561,-0.755354,-1.415932,-3.897228,15.660096
00014,11,-0.455005,-0.383675,0.222281,-0.772240,-1.405603,-3.913385,15.647554
00015,11,-0.443058,-0.382507,0.189942,-0.788232,-1.395274,-3.929541,15.635012
00016,11,-0.430185,-0.380536,0.157586,-0.803305,-1.384945,-3.945698,15.622470
00017,11,-0.416437,-0.377743,0.125251,-0.817436,-1.374616,-3.961855,15.609928
00018,11,-0.401866,-0.374111,0.092976,-0.830602,-1.364287,-3.978012,15.597386
00019,11,-0.386528,-0.369626,0.060797,-0.842779,-1.353958,-3.994168,15.584844
00020,11,-0.370478,-0.364277,0.028749,-0.853945,-1.343629,-4.010325,15.572301
00021,11,-0.353771,-0.358057,-0.003134,-0.864078,-1.333300,-4.026482,15.559759
00022,11,-0.336468,-0.350960,-0.034819,-0.873158,-1.322971,-4.042639,15.547217
00023,11,-0.318625,-0.342984,-0.066274,-0.881163,-1.312642,-4.058795,15.534675
00024,11,-0.300302,-0.334133,-0.097470,-0.888073,-1.302313,-4.074952,15.522133
00025,11,-0.281559,-0.324410,-0.128378,-0.893869,-1.291984,-4.091109,15.509591
00026,11,-0.262456,-0.313822,-0.158970,-0.898533,-1.281655,-4.107266,15.497049
00027,11,-0.243053,-0.302383,-0.189219,-0.902045,-1.271326,-4.123422,15.484507
00028,11,-0.223411,-0.290104,-0.219099,-0.904391,-1.260997,-4.139579,15.471965
00029,11,-0.203591,-0.277005,-0.248586,-0.905552,-1.250668,-4.155736,15.459423
00030,11,-0.183651,-0.263105,-0.277656,-0.905514,-1.240339,-4.171893,15.446881
00031,11,-0.163651,-0.248429,-0.306286,-0.904262,-1.230010,-4.188050,15.434339
00032,11,-0.143651,-0.233004,-0.334455,-0.901784,-1.219681,-4.204206,15.421796
00033,11,-0.123708,-0.216859,-0.362140,-0.898066,-1.209352,-4.220363,15.409254
00034,11,-0.103880,-0.200029,-0.389322,-0.893099,-1.199023,-4.236520,15.396712
00035,11,-0.084224,-0.182549,-0.415982,-0.886872,-1.188694,-4.252677,15.384170
00036,11,-0.064793,-0.164460,-0.442099,-0.879377,-1.178364,-4.268833,15.371628
00037,11,-0.045643,-0.145803,-0.467655,-0.870607,-1.168035,-4.284990,15.359086
00038,11,-0.026825,-0.126625,-0.492634,-0.860557,-1.157706,-4.301147,15.346544
00039,11,-0.008390,-0.106973,-0.517016,-0.849223,-1.147377,-4.317304,15.334002
00040,11,0.009613,-0.086899,-0.540786,-0.836604,-1.137048,-4.333460,15.321460
00041,11,0.027137,-0.066456,-0.563928,-0.822698,-1.126719,-4.349617,15.308918
00042,11,0.044138,-0.045702,-0.586423,-0.807509,-1.116390,-4.365774,15.296376
00043,11,0.060572,-0.024694,-0.608258,-0.791039,-1.106061,-4.381931,15.283834
00044,11,0.076400,-0.003494,-0.629417,-0.773295,-1.095732,-4.398087,15.271291
00045,11,0.091584,0.017833,-0.649884,-0.754285,-1.085403,-4.414244,15.258749
00046,11,0.106089,0.039223,-0.669644,-0.734019,-1.075074,-4.430401,15.246207
00047,11,0.119882,0.060607,-0.688682,-0.712511,-1.064745,-4.446558,15.233665
00048,11,0.132934,0.081917,-0.706984,-0.689776,-1.054416,-4.462714,15.221123
00049,11,0.145220,0.103080,-0.724535,-0.665834,-1.044087,-4.478871,15.208581
00050,11,0.156716,0.124026,-0.741320,-0.640704,-1.033758,-4.495028,15.196039
00051,11,0.167403,0.144680,-0.757326,-0.614411,-1.023429,-4.511185,15.183497
00052,11,0.177265,0.164968,-0.772537,-0.586984,-1.013100,-4.527341,15.170955
00053,11,0.186289,0.184816,-0.786939,-0.558451,-1.002771,-4.543498,15.158413
00054,11,0.194465,0.204148,-0.800518,-0.528846,-0.992442,-4.559655,15.145871
00055,11,0.201790,0.222888,-0.813260,-0.498207,-0.982113,-4.575812,15.133329
00056,11,0.208262,0.240962,-0.825151,-0.466573,-0.971784,-4.591968,15.120786
00057,11,0.213884,0.258297,-0.836176,-0.433988,-0.961455,-4.608125,15.108244
00058,11,0.218662,0.274817,-0.846323,-0.400499,-0.951126,-4.624282,15.095702
00059,11,0.222606,0.290453,-0.855577,-0.366157,-0.940797,-4.640439,15.083160
00060,11,0.225731,0.305133,-0.863926,-0.331016,-0.930468,-4.656596,15.070618
00061,11,0.228057,0.318791,-0.871355,-0.295132,-0.920139,-4.672752,15.058076
00062,11,0.229604,0.331360,-0.877853,-0.258567,-0.909810,-4.688909,15.045534
00063,11,0.230401,0.342779,-0.883406,-0.221385,-0.899481,-4.705066,15.032992
00064,11,0.230475,0.352988,-0.888005,-0.183652,-0.889152,-4.721223,15.020450
00065,11,0.229863,0.361933,-0.891636,-0.145440,-0.878823,-4.737379,15.007908
00066,11,0.228600,0.369563,-0.894290,-0.106820,-0.868494,-4.753536,14.995366
00067,11,0.226727,0.375831,-0.895957,-0.067870,-0.858165,-4.769693,14.982824
00068,11,0.224289,0.380696,-0.896629,-0.028667,-0.847836,-4.785850,14.970281
00069,11,0.221333,0.384123,-0.896296,0.010708,-0.837507,-4.802006,14.957739
00070,11,0.217907,0.386080,-0.894953,0.050172,-0.827178,-4.818163,14.945197
00071,11,0.214064,0.386545,-0.892594,0.089642,-0.816849,-4.834320,14.932655
00072,11,0.209858,0.385498,-0.889214,0.129032,-0.806520,-4.850477,14.920113
00073,11,0.205345,0.382928,-0.884810,0.168256,-0.796191,-4.866633,14.907571
00074,11,0.200583,0.378831,-0.879381,0.207226,-0.785862,-4.882790,14.895029
00075,11,0.195629,0.373207,-0.872926,0.245856,-0.775533,-4.898947,14.882487
00076,11,0.190543,0.366067,-0.865447,0.284058,-0.765204,-4.915104,14.869945
00077,11,0.185385,0.357426,-0.856947,0.321747,-0.754875,-4.931260,14.857403
00078,11,0.180214,0.347306,-0.847430,0.358837,-0.744546,-4.947417,14.844861
00079,11,0.175088,0.335738,-0.836902,0.395244,-0.734217,-4.963574,14.832319
00080,11,0.170067,0.322758,-0.825373,0.430888,-0.723888,-4.979731,14.819776
00081,11,0.165207,0.308408,-0.812851,0.465687,-0.713559,-4.995887,14.807234
00082,11,0.160562,0.292738,-0.799348,0.499567,-0.703230,-5.012044,14.794692
00083,11,0.156187,0.275804,-0.784878,0.532452,-0.692901,-5.028201,14.782150
00084,11,0.152131,0.257667,-0.769455,0.564273,-0.682572,-5.044358,14.769608
00085,11,0.148443,0.238392,-0.753096,0.594963,-0.672243,-5.060514,14.757066
00086,11,0.145167,0.218053,-0.735819,0.624460,-0.661914,-5.076671,14.744524
00087,11,0.142345,0.196724,-0.717645,0.652705,-0.651585,-5.092828,14.731982
00088,11,0.140014,0.174486,-0.698594,0.679645,-0.641256,-5.108985,14.719440
00089,11,0.138209,0.151422,-0.678689,0.705231,-0.630927,-5.125141,14.706898
00090,11,0.136959,0.127620,-0.657954,0.729419,-0.620598,-5.141298,14.694356
00091,11,0.136291,0.103168,-0.636415,0.752168,-0.610269,-5.157455,14.681814
00092,11,0.136225,0.078157,-0.614098,0.773446,-0.599940,-5.173612,14.669271
00093,11,0.136778,0.052680,-0.591030,0.793221,-0.589611,-5.189769,14.656729
00094,11,0.137964,0.026831,-0.567240,0.811471,-0.579282,-5.205925,14.644187
00095,11,0.139790,0.000703,-0.542756,0.828175,-0.568953,-5.222082,14.631645
00096,11,0.142259,-0.025610,-0.517610,0.843318,-0.558624,-5.238239,14.619103
00097,11,0.145371,-0.052015,-0.491832,0.856891,-0.548295,-5.254396,14.606561
00098,11,0.149122,-0.078420,-0.465453,0.868888,-0.537966,-5.270552,14.594019
00099,11,0.153500,-0.104733,-0.438505,0.879308,-0.527637,-5.286709,14.581477
