00000,19,0.398507,-0.346001,0.509521,-0.679606,-0.013383,0.019368,0.134194
00001,19,-0.458854,-0.887036,0.049294,-0.013821,0.006534,0.023696,0.134206
00002,19,0.350911,0.461636,0.810304,-0.084626,0.002986,0.000467,0.134263
00003,19,-0.370077,-0.411553,0.832264,-0.031685,-0.045472,0.022700,0.134384
00004,19,-0.237195,-0.603140,0.614675,0.449594,-0.033237,0.002767,0.134510
00005,19,-0.267270,0.439270,0.624955,0.587401,0.046510,-0.011589,0.134257
00006,19,0.072892,0.398473,-0.905819,0.124091,0.022355,-0.025454,0.134701
00007,19,-0.065968,-0.833627,-0.166108,-0.522611,0.001911,0.007661,0.134685
00008,19,-0.837510,-0.175214,0.206886,0.474421,-0.028328,-0.040566,0.134389
00009,19,-0.634192,-0.539480,-0.319377,0.452504,-0.024053,0.001423,0.135367
00010,19,0.499195,-0.666645,0.144814,0.534245,0.048305,0.034259,0.134438
00011,19,-0.893791,0.173043,0.393332,-0.128393,-0.037724,0.026908,0.134576
00012,19,0.170484,0.345662,0.725771,-0.569833,-0.040383,-0.011314,0.134795
00013,19,-0.302826,-0.112351,-0.850983,-0.414127,-0.010585,-0.023334,0.135756
00014,19,0.524792,-0.263035,-0.508703,0.629783,-0.042925,-0.034165,0.135239
00015,19,0.412113,-0.555043,-0.154189,-0.705915,-0.029597,-0.044545,0.134344
00016,19,0.407444,0.364194,0.061579,0.835201,0.048059,0.001882,0.134553
00017,19,0.721135,-0.048789,-0.326264,0.609209,-0.021778,-0.043937,0.134350
00018,19,-0.274984,-0.795739,-0.527629,-0.113095,-0.012113,0.012749,0.134599
00019,19,0.826955,-0.361896,-0.333894,0.271462,-0.018893,-0.003524,0.135356
00020,19,0.234234,-0.461424,-0.410543,0.750784,0.009448,0.021413,0.134580
00021,19,0.273106,0.836387,-0.439670,-0.180445,-0.026864,0.037488,0.136963
00022,19,-0.478623,0.227063,0.174776,0.829949,-0.036133,0.011916,0.136621
00023,19,-0.208418,-0.117573,0.870181,0.430724,-0.008471,-0.027548,0.134293
00024,19,-0.042997,0.058657,-0.956813,0.281460,0.037780,-0.025392,0.136908
00025,19,-0.804316,-0.096877,0.281715,0.514128,0.046816,0.003472,0.134427
00026,19,-0.787921,0.414045,-0.377665,-0.255179,-0.020044,-0.025270,0.137616
00027,19,-0.150009,0.640294,0.700900,-0.276153,-0.010876,-0.005832,0.136917
00028,19,-0.660402,-0.541294,-0.460832,-0.241875,-0.038660,-0.026213,0.135257
00029,19,0.023003,-0.162999,-0.092771,0.981986,-0.013696,-0.042597,0.136258
00030,19,-0.833776,-0.450815,0.080393,0.308416,0.020999,0.044800,0.135891
00031,19,0.361700,-0.798322,0.394933,0.275469,-0.037502,0.043034,0.136020
00032,19,0.716057,-0.549841,0.210716,0.374882,-0.017100,0.006516,0.134972
00033,19,-0.441286,0.305582,-0.420053,-0.731739,0.012202,0.048885,0.137002
00034,19,-0.002143,0.208667,0.832610,-0.513044,-0.015462,0.041784,0.136726
00035,19,0.279708,-0.185893,0.909450,0.245171,-0.001528,0.029217,0.136308
00036,19,-0.719184,-0.349565,-0.592273,-0.098950,0.030803,0.039712,0.136177
00037,19,0.044994,-0.380909,-0.923118,0.027145,0.033511,0.003829,0.137106
00038,19,-0.209352,0.749560,-0.613110,0.135744,0.039028,-0.043700,0.134214
00039,19,0.221838,0.308385,-0.418856,0.824771,-0.036734,0.044792,0.138419
00040,19,0.257583,-0.339801,0.803091,0.416211,0.029514,-0.011854,0.138750
00041,19,0.930437,0.339059,-0.123624,-0.063585,-0.049007,0.034785,0.135297
00042,19,0.631549,-0.474819,-0.511122,0.338300,0.012770,-0.018233,0.138945
00043,19,-0.388867,-0.620319,-0.058372,-0.678660,-0.033787,0.032302,0.139878
00044,19,-0.616028,-0.009773,-0.337541,0.711674,0.048487,-0.021173,0.136367
00045,19,0.598985,0.695097,-0.184456,0.352183,0.006947,-0.011771,0.138205
00046,19,-0.421361,0.355390,0.759647,-0.345094,0.008115,-0.041804,0.139110
00047,19,0.129675,-0.892655,-0.196995,-0.384114,-0.026395,-0.043873,0.137137
00048,19,-0.466468,0.246024,-0.821881,0.215387,-0.008152,0.027997,0.134530
00049,19,0.057978,-0.518864,0.795411,0.307798,-0.034249,0.039792,0.139940
00050,19,-0.136819,-0.372966,0.415304,-0.818352,-0.048445,0.046897,0.139797
00051,19,-0.360807,-0.685355,0.089133,-0.626228,-0.025474,-0.000551,0.137966
00052,19,-0.485067,-0.230507,0.059005,0.841484,0.014351,-0.015946,0.136141
00053,19,-0.556255,-0.324125,0.616947,-0.452658,-0.047286,0.049956,0.139242
00054,19,-0.198689,-0.531519,-0.431038,-0.701581,0.021832,-0.012086,0.137775
00055,19,0.187546,0.479837,0.839356,-0.173393,0.046353,0.040908,0.134650
00056,19,-0.093814,0.641174,0.251441,-0.718939,-0.041803,0.002766,0.138398
00057,19,-0.035654,-0.953969,-0.192655,0.227058,-0.029753,0.017192,0.137198
00058,19,-0.532040,-0.214703,0.593257,-0.564697,-0.007651,0.040547,0.137790
00059,19,-0.463885,0.710193,-0.526410,-0.057693,-0.024635,0.034336,0.136830
00060,19,0.152044,0.762243,-0.386807,-0.496234,0.003453,0.023210,0.138967
00061,19,0.700008,-0.637836,-0.018399,0.320648,-0.044060,0.041565,0.140908
00062,19,0.594620,0.685491,-0.077887,0.412870,0.002181,0.002432,0.140644
00063,19,0.515607,0.287018,0.626425,0.509275,0.001688,0.010502,0.134347
00064,19,0.041338,0.106390,0.348236,-0.930432,0.033277,-0.024186,0.141186
00065,19,0.542442,-0.508410,0.596178,0.303065,-0.001399,0.028704,0.141049
00066,19,0.164539,0.489481,-0.797497,0.311985,0.016322,0.032258,0.139382
00067,19,0.185296,0.901478,0.114887,-0.373903,0.045486,0.044336,0.134562
00068,19,-0.725497,-0.173857,-0.245341,-0.619060,0.006525,-0.025071,0.142911
00069,19,0.904115,-0.197075,0.070238,0.372564,-0.003672,0.019394,0.137139
00070,19,-0.353433,-0.199184,0.775209,-0.484212,0.048609,0.011620,0.138059
00071,19,0.256186,0.307802,0.854586,0.330619,0.038131,0.012914,0.137034
00072,19,-0.339616,-0.004127,-0.383893,-0.858644,0.042896,-0.032798,0.140348
00073,19,0.154160,-0.188877,-0.520841,-0.818098,-0.039033,0.046492,0.142656
00074,19,-0.555259,0.200180,0.197708,0.782641,-0.018185,-0.014809,0.136828
00075,19,0.207638,-0.262382,-0.914579,-0.227130,0.022155,0.013341,0.142232
00076,19,0.422325,0.325418,0.336332,0.776290,0.043630,-0.017388,0.138671
00077,19,-0.028825,-0.596265,-0.596476,0.536520,0.031306,0.040265,0.137094
00078,19,-0.821050,-0.456959,0.334614,-0.071403,-0.009848,-0.012446,0.139246
00079,19,0.359872,-0.308854,0.705202,-0.527060,0.013958,-0.022019,0.142560
00080,19,0.118650,-0.746928,-0.360197,-0.546149,-0.011185,0.033424,0.135253
00081,19,-0.449552,-0.076885,0.056987,-0.888112,0.025787,0.006190,0.139001
00082,19,0.611411,0.121069,0.491791,-0.607997,0.024710,0.043018,0.136117
00083,19,-0.174055,-0.257949,0.880886,-0.356661,0.021304,-0.041287,0.135918
00084,19,0.832451,0.348267,0.411635,0.127637,-0.043291,0.030383,0.139532
00085,19,0.850477,0.316390,-0.299350,0.294916,-0.022835,-0.038828,0.143057
00086,19,0.508678,0.157912,0.199145,-0.822588,0.002350,0.021828,0.142887
00087,19,-0.207775,-0.432842,0.736264,-0.476857,-0.024091,0.000523,0.137225
00088,19,0.692545,0.076242,0.141859,-0.703167,-0.013839,-0.002161,0.135689
00089,19,-0.035228,0.946722,-0.255858,-0.192385,0.029898,-0.036858,0.141367
00090,19,-0.275229,-0.916124,0.058539,0.285550,-0.031772,0.050421,0.144362
00091,19,0.636606,0.102048,0.675965,0.356918,-0.029443,0.036415,0.140671
00092,19,0.482304,0.538741,0.524472,-0.449523,0.035712,-0.051388,0.143623
00093,19,0.169483,-0.783842,0.354570,0.480778,0.051314,-0.018876,0.142157
00094,19,-0.217259,-0.606850,-0.755457,-0.117545,0.001022,-0.033306,0.134585
00095,19,-0.342982,0.398960,-0.320405,0.787740,0.041072,0.004851,0.144260
00096,19,-0.181769,0.409672,0.247251,0.859067,0.000910,-0.032706,0.142875
00097,19,0.471113,-0.181879,-0.202992,-0.838908,-0.049321,-0.011659,0.137795
00098,19,-0.635401,0.304613,0.704916,0.081057,-0.037040,-0.004141,0.141728
00099,19,0.012647,0.457724,0.465931,-0.757124,0.008932,0.022117,0.137655
