00000,10,0.500338,-0.676834,0.231477,-0.487828,-5.505534,-22.036095,551.392220
00001,10,0.479299,-0.681026,0.209882,-0.512274,-6.140678,-22.805617,552.592877
00002,10,0.458010,-0.684555,0.186988,-0.535394,-6.775821,-23.575140,553.793534
00003,10,0.436567,-0.687361,0.162840,-0.557160,-7.410965,-24.344662,554.994191
00004,10,0.415068,-0.689387,0.137489,-0.577548,-8.046108,-25.114185,556.194849
00005,10,0.393605,-0.690574,0.110994,-0.596542,-8.681252,-25.883707,557.395506
00006,10,0.372272,-0.690868,0.083420,-0.614130,-9.316395,-26.653230,558.596163
00007,10,0.351158,-0.690214,0.054839,-0.630306,-9.951539,-27.422753,559.796820
00008,10,0.330347,-0.688560,0.025325,-0.645069,-10.586682,-28.192275,560.997477
00009,10,0.309924,-0.685858,-0.005038,-0.658423,-11.221826,-28.961798,562.198135
00010,10,0.289965,-0.682060,-0.036164,-0.670378,-11.856969,-29.731320,563.398792
00011,10,0.270544,-0.677123,-0.067961,-0.680949,-12.492113,-30.500843,564.599449
00012,10,0.251730,-0.671007,-0.100333,-0.690155,-13.127256,-31.270365,565.800106
00013,10,0.233587,-0.663676,-0.133181,-0.698021,-13.762400,-32.039888,567.000763
00014,10,0.216173,-0.655097,-0.166403,-0.704576,-14.397543,-32.809410,568.201421
00015,10,0.199541,-0.645242,-0.199891,-0.709852,-15.032687,-33.578933,569.402078
00016,10,0.183736,-0.634086,-0.233539,-0.713888,-15.667830,-34.348456,570.602735
00017,10,0.168800,-0.621610,-0.267236,-0.716723,-16.302974,-35.117978,571.803392
00018,10,0.154767,-0.607800,-0.300870,-0.718403,-16.938117,-35.887501,573.004049
00019,10,0.141664,-0.592646,-0.334330,-0.718976,-17.573261,-36.657023,574.204707
00020,10,0.129513,-0.576141,-0.367503,-0.718491,-18.208404,-37.426546,575.405364
00021,10,0.118329,-0.558288,-0.400276,-0.717002,-18.843548,-38.196068,576.606021
00022,10,0.108120,-0.539090,-0.432538,-0.714565,-19.478691,-38.965591,577.806678
00023,10,0.098887,-0.518558,-0.464177,-0.711237,-20.113835,-39.735113,579.007335
00024,10,0.090626,-0.496708,-0.495086,-0.707077,-20.748978,-40.504636,580.207992
00025,10,0.083326,-0.473560,-0.525157,-0.702145,-21.384122,-41.274159,581.408650
00026,10,0.076970,-0.449141,-0.554287,-0.696501,-22.019265,-42.043681,582.609307
00027,10,0.071534,-0.423481,-0.582373,-0.690209,-22.654409,-42.813204,583.809964
00028,10,0.066988,-0.396617,-0.609319,-0.683328,-23.289552,-43.582726,585.010621
00029,10,0.063299,-0.368590,-0.635032,-0.675921,-23.924696,-44.352249,586.211278
00030,10,0.060425,-0.339444,-0.659421,-0.668049,-24.559839,-45.121771,587.411936
00031,10,0.058320,-0.309232,-0.682404,-0.659772,-25.194983,-45.891294,588.612593
00032,10,0.056935,-0.278008,-0.703900,-0.651149,-25.830126,-46.660816,589.813250
00033,10,0.056215,-0.245831,-0.723836,-0.642237,-26.465270,-47.430339,591.013907
00034,10,0.056100,-0.212765,-0.742144,-0.633093,-27.100413,-48.199862,592.214564
00035,10,0.056527,-0.178877,-0.758761,-0.623770,-27.735557,-48.969384,593.415222
00036,10,0.057430,-0.144238,-0.773633,-0.614319,-28.370700,-49.738907,594.615879
00037,10,0.058740,-0.108924,-0.786711,-0.604791,-29.005844,-50.508429,595.816536
00038,10,0.060384,-0.073011,-0.797951,-0.595229,-29.640987,-51.277952,597.017193
00039,10,0.062288,-0.036580,-0.807318,-0.585679,-30.276131,-52.047474,598.217850
00040,10,0.064377,0.000286,-0.814784,-0.576179,-30.911274,-52.816997,599.418508
00041,10,0.066572,0.037501,-0.820327,-0.566767,-31.546418,-53.586519,600.619165
00042,10,0.068795,0.074978,-0.823934,-0.557475,-32.181561,-54.356042,601.819822
00043,10,0.070968,0.112627,-0.825597,-0.548332,-32.816705,-55.125565,603.020479
00044,10,0.073011,0.150359,-0.825316,-0.539365,-33.451848,-55.895087,604.221136
00045,10,0.074847,0.188082,-0.823100,-0.530594,-34.086992,-56.664610,605.421794
00046,10,0.076397,0.225703,-0.818962,-0.522037,-34.722135,-57.434132,606.622451
00047,10,0.077587,0.263130,-0.812925,-0.513708,-35.357279,-58.203655,607.823108
00048,10,0.078340,0.300271,-0.805017,-0.505616,-35.992422,-58.973177,609.023765
00049,10,0.078585,0.337033,-0.795274,-0.497767,-36.627566,-59.742700,610.224422
00050,10,0.078253,0.373324,-0.783738,-0.490163,-37.262709,-60.512222,611.425079
00051,10,0.077276,0.409056,-0.770459,-0.482799,-37.897853,-61.281745,612.625737
00052,10,0.075592,0.444137,-0.755490,-0.475671,-38.532996,-62.051268,613.826394
00053,10,0.073141,0.478481,-0.738894,-0.468766,-39.168140,-62.820790,615.027051
00054,10,0.069868,0.512002,-0.720737,-0.462072,-39.803283,-63.590313,616.227708
00055,10,0.065721,0.544617,-0.701092,-0.455569,-40.438427,-64.359835,617.428365
00056,10,0.060655,0.576246,-0.680035,-0.449236,-41.073570,-65.129358,618.629023
00057,10,0.054629,0.606811,-0.657650,-0.443049,-41.708714,-65.898880,619.829680
00058,10,0.047607,0.636238,-0.634023,-0.436978,-42.343857,-66.668403,621.030337
00059,10,0.039558,0.664455,-0.609245,-0.430994,-42.979001,-67.437926,622.230994
00060,10,0.030460,0.691396,-0.583410,-0.425061,-43.614144,-68.207448,623.431651
00061,10,0.020293,0.716998,-0.556616,-0.419142,-44.249288,-68.976971,624.632309
00062,10,0.009045,0.741203,-0.528963,-0.413200,-44.884431,-69.746493,625.832966
00063,10,-0.003289,0.763955,-0.500555,-0.407193,-45.519575,-70.516016,627.033623
00064,10,-0.016708,0.785206,-0.471497,-0.401078,-46.154718,-71.285538,628.234280
00065,10,-0.031205,0.804911,-0.441894,-0.394810,-46.789862,-72.055061,629.434937
00066,10,-0.046767,0.823030,-0.411853,-0.388344,-47.425005,-72.824583,630.635595
00067,10,-0.063372,0.839530,-0.381484,-0.381633,-48.060149,-73.594106,631.836252
00068,10,-0.080994,0.854381,-0.350892,-0.374631,-48.695292,-74.363629,633.036909
00069,10,-0.099599,0.867559,-0.320186,-0.367289,-49.330436,-75.133151,634.237566
00070,10,-0.119148,0.879048,-0.289473,-0.359560,-49.965579,-75.902674,635.438223
00071,10,-0.139595,0.888835,-0.258856,-0.351396,-50.600723,-76.672196,636.638880
00072,10,-0.160886,0.896912,-0.228439,-0.342753,-51.235866,-77.441719,637.839538
00073,10,-0.182965,0.903280,-0.198322,-0.333583,-51.871010,-78.211241,639.040195
00074,10,-0.205767,0.907942,-0.168604,-0.323842,-52.506153,-78.980764,640.240852
00075,10,-0.229222,0.910909,-0.139378,-0.313489,-53.141297,-79.750286,641.441509
00076,10,-0.253257,0.912196,-0.110736,-0.302483,-53.776440,-80.519809,642.642166
00077,10,-0.277793,0.911825,-0.082764,-0.290785,-54.411584,-81.289332,643.842824
00078,10,-0.302744,0.909822,-0.055545,-0.278360,-55.046727,-82.058854,645.043481
00079,10,-0.328025,0.906219,-0.029155,-0.265174,-55.681871,-82.828377,646.244138
00080,10,-0.353543,0.901051,-0.003668,-0.251198,-56.317014,-83.597899,647.444795
00081,10,-0.379203,0.894361,0.020851,-0.236407,-56.952158,-84.367422,648.645452
00082,10,-0.404908,0.886195,0.044342,-0.220776,-57.587302,-85.136944,649.846110
00083,10,-0.430559,0.876602,0.066748,-0.204287,-58.222445,-85.906467,651.046767
00084,10,-0.456052,0.865637,0.088022,-0.186926,-58.857589,-86.675989,652.247424
00085,10,-0.481286,0.853358,0.108122,-0.168681,-59.492732,-87.445512,653.448081
00086,10,-0.506156,0.839827,0.127012,-0.149547,-60.127876,-88.215035,654.648738
00087,10,-0.530558,0.825109,0.144665,-0.129522,-60.763019,-88.984557,655.849396
00088,10,-0.554387,0.809271,0.161059,-0.108608,-61.398163,-89.754080,657.050053
00089,10,-0.577541,0.792383,0.176178,-0.086814,-62.033306,-90.523602,658.250710
00090,10,-0.599916,0.774519,0.190016,-0.064153,-62.668450,-91.293125,659.451367
00091,10,-0.621412,0.755751,0.202571,-0.040640,-63.303593,-92.062647,660.652024
00092,10,-0.641932,0.736157,0.213849,-0.016300,-63.938737,-92.832170,661.852681
00093,10,-0.661378,0.715811,0.223863,0.008842,-64.573880,-93.601692,663.053339
00094,10,-0.679659,0.694793,0.232632,0.034754,-65.209024,-94.371215,664.253996
00095,10,-0.696687,0.673179,0.240181,0.061399,-65.844167,-95.140738,665.454653
00096,10,-0.712376,0.651048,0.246543,0.088736,-66.479311,-95.910260,666.655310
00097,10,-0.726646,0.628475,0.251755,0.116720,-67.114454,-96.679783,667.855967
00098,10,-0.739423,0.605539,0.255860,0.145301,-67.749598,-97.449305,669.056625
00099,10,-0.750636,0.582313,0.258907,0.174424,-68.384741,-98.218828,670.257282
