00000,13,0.532339,-0.793209,0.124983,-0.267979,-1.910542,-0.768726,7.350650
00001,13,0.527320,-0.812020,0.089831,-0.233428,-1.899679,-0.718533,7.393916
00002,13,0.521389,-0.828126,0.053788,-0.198664,-1.888815,-0.668341,7.437182
00003,13,0.514503,-0.841522,0.016968,-0.163825,-1.877952,-0.618148,7.480448
00004,13,0.506619,-0.852211,-0.020512,-0.129045,-1.867089,-0.567956,7.523714
00005,13,0.497700,-0.860202,-0.058534,-0.094450,-1.856225,-0.517764,7.566980
00006,13,0.487710,-0.865515,-0.096973,-0.060160,-1.845362,-0.467571,7.610246
00007,13,0.476619,-0.868174,-0.135704,-0.026292,-1.834498,-0.417379,7.653512
00008,13,0.464402,-0.868214,-0.174598,0.007046,-1.823635,-0.367186,7.696778
00009,13,0.451035,-0.865675,-0.213527,0.039750,-1.812772,-0.316994,7.740044
00010,13,0.436502,-0.860603,-0.252358,0.071722,-1.801908,-0.266801,7.783309
00011,13,0.420789,-0.853052,-0.290959,0.102873,-1.791045,-0.216609,7.826575
00012,13,0.403888,-0.843080,-0.329197,0.133116,-1.780181,-0.166417,7.869841
00013,13,0.385796,-0.830753,-0.366939,0.162375,-1.769318,-0.116224,7.913107
00014,13,0.366515,-0.816142,-0.404054,0.190576,-1.758454,-0.066032,7.956373
00015,13,0.346052,-0.799322,-0.440407,0.217654,-1.747591,-0.015839,7.999639
00016,13,0.324418,-0.780374,-0.475870,0.243550,-1.736728,0.034353,8.042905
00017,13,0.301630,-0.759384,-0.510312,0.268209,-1.725864,0.084545,8.086171
00018,13,0.277710,-0.736442,-0.543606,0.291587,-1.715001,0.134738,8.129437
00019,13,0.252686,-0.711641,-0.575626,0.313643,-1.704137,0.184930,8.172703
00020,13,0.226589,-0.685080,-0.606249,0.334343,-1.693274,0.235123,8.215969
00021,13,0.199458,-0.656860,-0.635355,0.353659,-1.682410,0.285315,8.259235
00022,13,0.171335,-0.627085,-0.662829,0.371572,-1.671547,0.335507,8.302501
00023,13,0.142268,-0.595865,-0.688556,0.388066,-1.660684,0.385700,8.345767
00024,13,0.112310,-0.563308,-0.712428,0.403133,-1.649820,0.435892,8.389033
00025,13,0.081519,-0.529528,-0.734341,0.416771,-1.638957,0.486085,8.432299
00026,13,0.049957,-0.494640,-0.754193,0.428986,-1.628093,0.536277,8.475565
00027,13,0.017693,-0.458760,-0.771890,0.439787,-1.617230,0.586469,8.518831
00028,13,-0.015200,-0.422005,-0.787342,0.449191,-1.606366,0.636662,8.562097
00029,13,-0.048643,-0.384496,-0.800466,0.457221,-1.595503,0.686854,8.605363
00030,13,-0.082555,-0.346351,-0.811183,0.463906,-1.584640,0.737047,8.648629
00031,13,-0.116848,-0.307690,-0.819420,0.469280,-1.573776,0.787239,8.691895
00032,13,-0.151428,-0.268634,-0.825114,0.473383,-1.562913,0.837431,8.735161
00033,13,-0.186199,-0.229303,-0.828206,0.476261,-1.552049,0.887624,8.778427
00034,13,-0.221058,-0.189814,-0.828645,0.477965,-1.541186,0.937816,8.821693
00035,13,-0.255900,-0.150286,-0.826388,0.478551,-1.530322,0.988009,8.864959
00036,13,-0.290613,-0.110835,-0.821400,0.478080,-1.519459,1.038201,8.908225
00037,13,-0.325081,-0.071577,-0.813655,0.476617,-1.508596,1.088393,8.951491
00038,13,-0.359185,-0.032623,-0.803135,0.474232,-1.497732,1.138586,8.994757
00039,13,-0.392802,0.005917,-0.789830,0.470998,-1.486869,1.188778,9.038023
00040,13,-0.425803,0.043935,-0.773744,0.466993,-1.476005,1.238971,9.081289
00041,13,-0.458056,0.081329,-0.754885,0.462297,-1.465142,1.289163,9.124555
00042,13,-0.489427,0.117997,-0.733277,0.456992,-1.454278,1.339356,9.167821
00043,13,-0.519777,0.153844,-0.708952,0.451166,-1.443415,1.389548,9.211087
00044,13,-0.548965,0.188778,-0.681954,0.444903,-1.432552,1.439740,9.254353
00045,13,-0.576846,0.222712,-0.652339,0.438294,-1.421688,1.489933,9.297619
00046,13,-0.603276,0.255564,-0.620175,0.431426,-1.410825,1.540125,9.340885
00047,13,-0.628106,0.287259,-0.585542,0.424388,-1.399961,1.590318,9.384151
00048,13,-0.651188,0.317725,-0.548536,0.417268,-1.389098,1.640510,9.427417
00049,13,-0.672374,0.346898,-0.509262,0.410154,-1.378234,1.690702,9.470683
00050,13,-0.691516,0.374720,-0.467844,0.403128,-1.367371,1.740895,9.513949
00051,13,-0.708467,0.401140,-0.424416,0.396272,-1.356508,1.791087,9.557215
00052,13,-0.723084,0.426114,-0.379128,0.389664,-1.345644,1.841280,9.600481
00053,13,-0.735227,0.449606,-0.332145,0.383374,-1.334781,1.891472,9.643747
00054,13,-0.744760,0.471585,-0.283646,0.377471,-1.323917,1.941664,9.687013
00055,13,-0.751556,0.492032,-0.233824,0.372014,-1.313054,1.991857,9.730279
00056,13,-0.755494,0.510932,-0.182887,0.367055,-1.302190,2.042049,9.773545
00057,13,-0.756462,0.528282,-0.131056,0.362639,-1.291327,2.092242,9.816811
00058,13,-0.754362,0.544084,-0.078565,0.358801,-1.280464,2.142434,9.860077
00059,13,-0.749107,0.558350,-0.025659,0.355565,-1.269600,2.192626,9.903343
00060,13,-0.740624,0.571099,0.027403,0.352945,-1.258737,2.242819,9.946609
00061,13,-0.728859,0.582361,0.080357,0.350945,-1.247873,2.293011,9.989875
00062,13,-0.713774,0.592172,0.132928,0.349555,-1.237010,2.343204,10.033140
00063,13,-0.695353,0.600575,0.184837,0.348755,-1.226146,2.393396,10.076406
00064,13,-0.673599,0.607621,0.235801,0.348510,-1.215283,2.443588,10.119672
00065,13,-0.648541,0.613368,0.285535,0.348774,-1.204420,2.493781,10.162938
00066,13,-0.620228,0.617882,0.333759,0.349490,-1.193556,2.543973,10.206204
00067,13,-0.588736,0.621232,0.380195,0.350588,-1.182693,2.594166,10.249470
00068,13,-0.554166,0.623492,0.424574,0.351985,-1.171829,2.644358,10.292736
00069,13,-0.516643,0.624742,0.466637,0.353591,-1.160966,2.694550,10.336002
00070,13,-0.476318,0.625063,0.506139,0.355305,-1.150102,2.744743,10.379268
00071,13,-0.433363,0.624537,0.542852,0.357017,-1.139239,2.794935,10.422534
00072,13,-0.387976,0.623250,0.576569,0.358611,-1.128376,2.845128,10.465800
00073,13,-0.340373,0.621285,0.607104,0.359966,-1.117512,2.895320,10.509066
00074,13,-0.290792,0.618723,0.634296,0.360959,-1.106649,2.945512,10.552332
00075,13,-0.239484,0.615644,0.658008,0.361461,-1.095785,2.995705,10.595598
00076,13,-0.186717,0.612124,0.678136,0.361348,-1.084922,3.045897,10.638864
00077,13,-0.132768,0.608233,0.694599,0.360495,-1.074058,3.096090,10.682130
00078,13,-0.077921,0.604037,0.707350,0.358780,-1.063195,3.146282,10.725396
00079,13,-0.022468,0.599593,0.716368,0.356089,-1.052332,3.196475,10.768662
00080,13,0.033301,0.594954,0.721663,0.352311,-1.041468,3.246667,10.811928
00081,13,0.089095,0.590163,0.723270,0.347348,-1.030605,3.296859,10.855194
00082,13,0.144627,0.585254,0.721254,0.341106,-1.019741,3.347052,10.898460
00083,13,0.199620,0.580255,0.715703,0.333505,-1.008878,3.397244,10.941726
00084,13,0.253802,0.575185,0.706726,0.324475,-0.998014,3.447437,10.984992
00085,13,0.306917,0.570054,0.694457,0.313959,-0.987151,3.497629,11.028258
00086,13,0.358718,0.564864,0.679043,0.301911,-0.976288,3.547821,11.071524
00087,13,0.408977,0.559608,0.660652,0.288298,-0.965424,3.598014,11.114790
00088,13,0.457477,0.554275,0.639460,0.273101,-0.954561,3.648206,11.158056
00089,13,0.504022,0.548844,0.615659,0.256312,-0.943697,3.698399,11.201322
00090,13,0.548432,0.543288,0.589446,0.237936,-0.932834,3.748591,11.244588
00091,13,0.590544,0.537577,0.561024,0.217990,-0.921970,3.798783,11.287854
00092,13,0.630213,0.531674,0.530604,0.196504,-0.911107,3.848976,11.331120
00093,13,0.667312,0.525537,0.498394,0.173518,-0.900244,3.899168,11.374386
00094,13,0.701730,0.519124,0.464606,0.149083,-0.889380,3.949361,11.417652
00095,13,0.733375,0.512388,0.429450,0.123260,-0.878517,3.999553,11.460918
00096,13,0.762168,0.505280,0.393132,0.096119,-0.867653,4.049745,11.504184
00097,13,0.788049,0.497752,0.355855,0.067740,-0.856790,4.099938,11.547450
00098,13,0.810971,0.489753,0.317818,0.038209,-0.845926,4.150130,11.590716
00099,13,0.830900,0.481234,0.279213,0.007622,-0.835063,4.200323,11.633982
