00000,67,0.492097,-0.370167,-0.774912,-0.142575,5.725784,29.299162,83.557326
00001,67,0.527624,-0.375328,-0.744193,-0.164069,5.923618,29.089298,83.422546
00002,67,0.561689,-0.378999,-0.711649,-0.185528,6.121453,28.879434,83.287766
00003,67,0.594216,-0.381158,-0.677372,-0.206866,6.319288,28.669570,83.152985
00004,67,0.625129,-0.381787,-0.641460,-0.227994,6.517123,28.459707,83.018205
00005,67,0.654358,-0.380875,-0.604015,-0.248827,6.714957,28.249843,82.883425
00006,67,0.681839,-0.378416,-0.565143,-0.269278,6.912792,28.039979,82.748645
00007,67,0.707510,-0.374411,-0.524951,-0.289262,7.110627,27.830115,82.613865
00008,67,0.731315,-0.368867,-0.483552,-0.308695,7.308461,27.620251,82.479085
00009,67,0.753205,-0.361795,-0.441059,-0.327495,7.506296,27.410388,82.344305
00010,67,0.773133,-0.353214,-0.397589,-0.345582,7.704131,27.200524,82.209525
00011,67,0.791059,-0.343150,-0.353260,-0.362878,7.901965,26.990660,82.074744
00012,67,0.806948,-0.331631,-0.308193,-0.379306,8.099800,26.780796,81.939964
00013,67,0.820769,-0.318693,-0.262508,-0.394794,8.297635,26.570933,81.805184
00014,67,0.832497,-0.304377,-0.216329,-0.409273,8.495470,26.361069,81.670404
00015,67,0.842114,-0.288728,-0.169778,-0.422677,8.693304,26.151205,81.535624
00016,67,0.849604,-0.271799,-0.122979,-0.434941,8.891139,25.941341,81.400844
00017,67,0.854960,-0.253645,-0.076055,-0.446009,9.088974,25.731477,81.266064
00018,67,0.858177,-0.234325,-0.029129,-0.455824,9.286808,25.521614,81.131284
00019,67,0.859257,-0.213905,0.017676,-0.464338,9.484643,25.311750,80.996504
00020,67,0.858207,-0.192454,0.064238,-0.471502,9.682478,25.101886,80.861723
00021,67,0.855041,-0.170044,0.110438,-0.477277,9.880312,24.892022,80.726943
00022,67,0.849774,-0.146751,0.156156,-0.481626,10.078147,24.682159,80.592163
00023,67,0.842429,-0.122655,0.201276,-0.484517,10.275982,24.472295,80.457383
00024,67,0.833034,-0.097837,0.245683,-0.485923,10.473816,24.262431,80.322603
00025,67,0.821622,-0.072382,0.289265,-0.485823,10.671651,24.052567,80.187823
00026,67,0.808228,-0.046378,0.331912,-0.484201,10.869486,23.842703,80.053043
00027,67,0.792896,-0.019913,0.373517,-0.481045,11.067321,23.632840,79.918263
00028,67,0.775671,0.006921,0.413977,-0.476351,11.265155,23.422976,79.783482
00029,67,0.756603,0.034032,0.453193,-0.470116,11.462990,23.213112,79.648702
00030,67,0.735749,0.061328,0.491067,-0.462347,11.660825,23.003248,79.513922
00031,67,0.713167,0.088713,0.527508,-0.453053,11.858659,22.793385,79.379142
00032,67,0.688921,0.116095,0.562427,-0.442251,12.056494,22.583521,79.244362
00033,67,0.663076,0.143379,0.595740,-0.429960,12.254329,22.373657,79.109582
00034,67,0.635704,0.170470,0.627369,-0.416207,12.452163,22.163793,78.974802
00035,67,0.606878,0.197276,0.657238,-0.401022,12.649998,21.953929,78.840022
00036,67,0.576676,0.223703,0.685278,-0.384441,12.847833,21.744066,78.705242
00037,67,0.545177,0.249661,0.711424,-0.366506,13.045667,21.534202,78.570461
00038,67,0.512465,0.275060,0.735617,-0.347261,13.243502,21.324338,78.435681
00039,67,0.478624,0.299812,0.757801,-0.326756,13.441337,21.114474,78.300901
00040,67,0.443744,0.323830,0.777928,-0.305046,13.639172,20.904611,78.166121
00041,67,0.407914,0.347032,0.795955,-0.282190,13.837006,20.694747,78.031341
00042,67,0.371226,0.369337,0.811843,-0.258249,14.034841,20.484883,77.896561
00043,67,0.333774,0.390667,0.825560,-0.233290,14.232676,20.275019,77.761781
00044,67,0.295654,0.410947,0.837080,-0.207383,14.430510,20.065155,77.627001
00045,67,0.256961,0.430106,0.846382,-0.180602,14.628345,19.855292,77.492220
00046,67,0.217795,0.448077,0.853450,-0.153023,14.826180,19.645428,77.357440
00047,67,0.178252,0.464795,0.858275,-0.124725,15.024014,19.435564,77.222660
00048,67,0.138432,0.480200,0.860853,-0.095789,15.221849,19.225700,77.087880
00049,67,0.098435,0.494238,0.861187,-0.066302,15.419684,19.015837,76.953100
00050,67,0.058359,0.506856,0.859284,-0.036348,15.617519,18.805973,76.818320
00051,67,0.018305,0.518009,0.855158,-0.006015,15.815353,18.596109,76.683540
00052,67,-0.021629,0.527654,0.848827,0.024605,16.013188,18.386245,76.548760
00053,67,-0.061346,0.535754,0.840317,0.055423,16.211023,18.176382,76.413980
00054,67,-0.100747,0.542277,0.829657,0.086347,16.408857,17.966518,76.279199
00055,67,-0.139735,0.547195,0.816882,0.117283,16.606692,17.756654,76.144419
00056,67,-0.178217,0.550487,0.802033,0.148140,16.804527,17.546790,76.009639
00057,67,-0.216099,0.552134,0.785157,0.178823,17.002361,17.336926,75.874859
00058,67,-0.253288,0.552126,0.766303,0.209240,17.200196,17.127063,75.740079
00059,67,-0.289695,0.550455,0.745528,0.239299,17.398031,16.917199,75.605299
00060,67,-0.325233,0.547121,0.722890,0.268908,17.595865,16.707335,75.470519
00061,67,-0.359817,0.542126,0.698457,0.297976,17.793700,16.497471,75.335739
00062,67,-0.393362,0.535479,0.672295,0.326415,17.991535,16.287608,75.200958
00063,67,-0.425791,0.527195,0.644480,0.354137,18.189370,16.077744,75.066178
00064,67,-0.457026,0.517292,0.615087,0.381056,18.387204,15.867880,74.931398
00065,67,-0.486993,0.505796,0.584198,0.407088,18.585039,15.658016,74.796618
00066,67,-0.515622,0.492734,0.551898,0.432153,18.782874,15.448152,74.661838
00067,67,-0.542846,0.478140,0.518274,0.456171,18.980708,15.238289,74.527058
00068,67,-0.568601,0.462054,0.483417,0.479069,19.178543,15.028425,74.392278
00069,67,-0.592828,0.444519,0.447422,0.500772,19.376378,14.818561,74.257498
00070,67,-0.615471,0.425581,0.410384,0.521212,19.574212,14.608697,74.122717
00071,67,-0.636479,0.405294,0.372402,0.540323,19.772047,14.398834,73.987937
00072,67,-0.655804,0.383713,0.333577,0.558043,19.969882,14.188970,73.853157
00073,67,-0.673402,0.360898,0.294012,0.574316,20.167716,13.979106,73.718377
00074,67,-0.689236,0.336914,0.253811,0.589086,20.365551,13.769242,73.583597
00075,67,-0.703271,0.311827,0.213080,0.602304,20.563386,13.559378,73.448817
00076,67,-0.715476,0.285709,0.171926,0.613926,20.761221,13.349515,73.314037
00077,67,-0.725827,0.258634,0.130455,0.623911,20.959055,13.139651,73.179257
00078,67,-0.734303,0.230679,0.088776,0.632222,21.156890,12.929787,73.044477
00079,67,-0.740888,0.201922,0.046997,0.638830,21.354725,12.719923,72.909696
00080,67,-0.745570,0.172448,0.005226,0.643708,21.552559,12.510060,72.774916
00081,67,-0.748343,0.142339,-0.036429,0.646834,21.750394,12.300196,72.640136
00082,67,-0.749206,0.111682,-0.077860,0.648194,21.948229,12.090332,72.505356
00083,67,-0.748161,0.080566,-0.118962,0.647774,22.146063,11.880468,72.370576
00084,67,-0.745216,0.049079,-0.159629,0.645571,22.343898,11.670604,72.235796
00085,67,-0.740384,0.017313,-0.199757,0.641583,22.541733,11.460741,72.101016
00086,67,-0.733682,-0.014641,-0.239244,0.635813,22.739567,11.250877,71.966236
00087,67,-0.725131,-0.046691,-0.277989,0.628273,22.937402,11.041013,71.831455
00088,67,-0.714758,-0.078745,-0.315894,0.618976,23.135237,10.831149,71.696675
00089,67,-0.702593,-0.110708,-0.352863,0.607942,23.333072,10.621286,71.561895
00090,67,-0.688672,-0.142490,-0.388803,0.595196,23.530906,10.411422,71.427115
00091,67,-0.673035,-0.173998,-0.423624,0.580768,23.728741,10.201558,71.292335
00092,67,-0.655724,-0.205139,-0.457238,0.564691,23.926576,9.991694,71.157555
00093,67,-0.636789,-0.235825,-0.489561,0.547006,24.124410,9.781830,71.022775
00094,67,-0.616280,-0.265966,-0.520513,0.527756,24.322245,9.571967,70.887995
00095,67,-0.594254,-0.295473,-0.550017,0.506990,24.520080,9.362103,70.753215
00096,67,-0.570770,-0.324262,-0.577999,0.484760,24.717914,9.152239,70.618434
00097,67,-0.545892,-0.352247,-0.604391,0.461124,24.915749,8.942375,70.483654
00098,67,-0.519684,-0.379348,-0.629129,0.436143,25.113584,8.732512,70.348874
00099,67,-0.492218,-0.405484,-0.652151,0.409881,25.311419,8.522648,70.214094
