00000,17,-0.818712,0.007378,-0.411536,-0.400369,-0.533228,-0.149315,2.464385
00001,17,-0.802909,-0.024260,-0.438379,-0.403203,-0.527122,-0.144804,2.448031
00002,17,-0.785128,-0.055613,-0.464319,-0.406065,-0.521015,-0.140293,2.431676
00003,17,-0.765396,-0.086547,-0.489345,-0.408925,-0.514909,-0.135781,2.415322
00004,17,-0.743747,-0.116937,-0.513451,-0.411746,-0.508802,-0.131270,2.398967
00005,17,-0.720222,-0.146658,-0.536630,-0.414487,-0.502696,-0.126759,2.382613
00006,17,-0.694874,-0.175591,-0.558880,-0.417098,-0.496589,-0.122248,2.366259
00007,17,-0.667760,-0.203626,-0.580198,-0.419527,-0.490483,-0.117736,2.349904
00008,17,-0.638947,-0.230655,-0.600584,-0.421716,-0.484376,-0.113225,2.333550
00009,17,-0.608508,-0.256581,-0.620036,-0.423602,-0.478269,-0.108714,2.317195
00010,17,-0.576524,-0.281314,-0.638556,-0.425121,-0.472163,-0.104202,2.300841
00011,17,-0.543082,-0.304772,-0.656143,-0.426206,-0.466056,-0.099691,2.284486
00012,17,-0.508276,-0.326884,-0.672798,-0.426785,-0.459950,-0.095180,2.268132
00013,17,-0.472204,-0.347585,-0.688519,-0.426789,-0.453843,-0.090668,2.251778
00014,17,-0.434970,-0.366825,-0.703306,-0.426147,-0.447737,-0.086157,2.235423
00015,17,-0.396682,-0.384560,-0.717156,-0.424787,-0.441630,-0.081646,2.219069
00016,17,-0.357452,-0.400758,-0.730065,-0.422641,-0.435524,-0.077134,2.202714
00017,17,-0.317396,-0.415396,-0.742030,-0.419640,-0.429417,-0.072623,2.186360
00018,17,-0.276630,-0.428464,-0.753042,-0.415719,-0.423310,-0.068112,2.170005
00019,17,-0.235275,-0.439959,-0.763093,-0.410817,-0.417204,-0.063601,2.153651
00020,17,-0.193450,-0.449889,-0.772174,-0.404876,-0.411097,-0.059089,2.137297
00021,17,-0.151278,-0.458271,-0.780271,-0.397843,-0.404991,-0.054578,2.120942
00022,17,-0.108878,-0.465133,-0.787371,-0.389671,-0.398884,-0.050067,2.104588
00023,17,-0.066372,-0.470508,-0.793457,-0.380320,-0.392778,-0.045555,2.088233
00024,17,-0.023878,-0.474441,-0.798510,-0.369752,-0.386671,-0.041044,2.071879
00025,17,0.018487,-0.476982,-0.802511,-0.357942,-0.380565,-0.036533,2.055524
00026,17,0.060607,-0.478187,-0.805437,-0.344869,-0.374458,-0.032021,2.039170
00027,17,0.102371,-0.478121,-0.807265,-0.330519,-0.368351,-0.027510,2.022816
00028,17,0.143671,-0.476853,-0.807970,-0.314889,-0.362245,-0.022999,2.006461
00029,17,0.184401,-0.474456,-0.807524,-0.297982,-0.356138,-0.018488,1.990107
00030,17,0.224461,-0.471007,-0.805901,-0.279811,-0.350032,-0.013976,1.973752
00031,17,0.263755,-0.466586,-0.803072,-0.260396,-0.343925,-0.009465,1.957398
00032,17,0.302192,-0.461278,-0.799008,-0.239769,-0.337819,-0.004954,1.941043
00033,17,0.339686,-0.455165,-0.793681,-0.217966,-0.331712,-0.000442,1.924689
00034,17,0.376156,-0.448332,-0.787061,-0.195036,-0.325606,0.004069,1.908335
00035,17,0.411527,-0.440865,-0.779122,-0.171034,-0.319499,0.008580,1.891980
00036,17,0.445729,-0.432848,-0.769835,-0.146025,-0.313393,0.013092,1.875626
00037,17,0.478698,-0.424362,-0.759175,-0.120080,-0.307286,0.017603,1.859271
00038,17,0.510376,-0.415488,-0.747118,-0.093279,-0.301179,0.022114,1.842917
00039,17,0.540712,-0.406302,-0.733642,-0.065710,-0.295073,0.026625,1.826562
00040,17,0.569659,-0.396879,-0.718729,-0.037466,-0.288966,0.031137,1.810208
00041,17,0.597177,-0.387286,-0.702363,-0.008649,-0.282860,0.035648,1.793854
00042,17,0.623231,-0.377590,-0.684531,0.020635,-0.276753,0.040159,1.777499
00043,17,0.647792,-0.367848,-0.665226,0.050274,-0.270647,0.044671,1.761145
00044,17,0.670839,-0.358114,-0.644442,0.080153,-0.264540,0.049182,1.744790
00045,17,0.692352,-0.348435,-0.622181,0.110150,-0.258434,0.053693,1.728436
00046,17,0.712319,-0.338852,-0.598449,0.140142,-0.252327,0.058205,1.712082
00047,17,0.730733,-0.329398,-0.573257,0.170005,-0.246220,0.062716,1.695727
00048,17,0.747593,-0.320101,-0.546623,0.199609,-0.240114,0.067227,1.679373
00049,17,0.762899,-0.310980,-0.518570,0.228827,-0.234007,0.071739,1.663018
00050,17,0.776659,-0.302049,-0.489127,0.257531,-0.227901,0.076250,1.646664
00051,17,0.788883,-0.293313,-0.458330,0.285595,-0.221794,0.080761,1.630309
00052,17,0.799586,-0.284769,-0.426223,0.312893,-0.215688,0.085272,1.613955
00053,17,0.808786,-0.276411,-0.392855,0.339302,-0.209581,0.089784,1.597601
00054,17,0.816505,-0.268222,-0.358283,0.364706,-0.203475,0.094295,1.581246
00055,17,0.822765,-0.260182,-0.322569,0.388988,-0.197368,0.098806,1.564892
00056,17,0.827595,-0.252261,-0.285783,0.412043,-0.191262,0.103318,1.548537
00057,17,0.831022,-0.244428,-0.248002,0.433766,-0.185155,0.107829,1.532183
00058,17,0.833077,-0.236643,-0.209309,0.454062,-0.179048,0.112340,1.515828
00059,17,0.833792,-0.228864,-0.169792,0.472845,-0.172942,0.116852,1.499474
00060,17,0.833200,-0.221043,-0.129547,0.490036,-0.166835,0.121363,1.483120
00061,17,0.831335,-0.213130,-0.088672,0.505563,-0.160729,0.125874,1.466765
00062,17,0.828232,-0.205071,-0.047273,0.519368,-0.154622,0.130385,1.450411
00063,17,0.823924,-0.196811,-0.005460,0.531399,-0.148516,0.134897,1.434056
00064,17,0.818446,-0.188294,0.036654,0.541616,-0.142409,0.139408,1.417702
00065,17,0.811831,-0.179462,0.078953,0.549991,-0.136303,0.143919,1.401347
00066,17,0.804112,-0.170259,0.121317,0.556504,-0.130196,0.148431,1.384993
00067,17,0.795322,-0.160629,0.163626,0.561149,-0.124089,0.152942,1.368639
00068,17,0.785489,-0.150518,0.205755,0.563928,-0.117983,0.157453,1.352284
00069,17,0.774645,-0.139874,0.247583,0.564857,-0.111876,0.161965,1.335930
00070,17,0.762815,-0.128649,0.288985,0.563959,-0.105770,0.166476,1.319575
00071,17,0.750026,-0.116800,0.329839,0.561270,-0.099663,0.170987,1.303221
00072,17,0.736302,-0.104286,0.370024,0.556835,-0.093557,0.175499,1.286866
00073,17,0.721664,-0.091074,0.409422,0.550709,-0.087450,0.180010,1.270512
00074,17,0.706131,-0.077135,0.447915,0.542956,-0.081344,0.184521,1.254158
00075,17,0.689723,-0.062446,0.485391,0.533646,-0.075237,0.189032,1.237803
00076,17,0.672454,-0.046993,0.521742,0.522859,-0.069130,0.193544,1.221449
00077,17,0.654339,-0.030768,0.556864,0.510682,-0.063024,0.198055,1.205094
00078,17,0.635390,-0.013769,0.590657,0.497206,-0.056917,0.202566,1.188740
00079,17,0.615618,0.003996,0.623029,0.482528,-0.050811,0.207078,1.172385
00080,17,0.595031,0.022513,0.653893,0.466750,-0.044704,0.211589,1.156031
00081,17,0.573638,0.041757,0.683167,0.449976,-0.038598,0.216100,1.139677
00082,17,0.551445,0.061700,0.710778,0.432314,-0.032491,0.220612,1.123322
00083,17,0.528458,0.082301,0.736660,0.413873,-0.026385,0.225123,1.106968
00084,17,0.504683,0.103514,0.760752,0.394762,-0.020278,0.229634,1.090613
00085,17,0.480125,0.125284,0.783002,0.375089,-0.014172,0.234145,1.074259
00086,17,0.454790,0.147551,0.803365,0.354963,-0.008065,0.238657,1.057904
00087,17,0.428684,0.170244,0.821805,0.334491,-0.001958,0.243168,1.041550
00088,17,0.401812,0.193289,0.838291,0.313774,0.004148,0.247679,1.025196
00089,17,0.374183,0.216603,0.852802,0.292914,0.010255,0.252191,1.008841
00090,17,0.345806,0.240100,0.865322,0.272006,0.016361,0.256702,0.992487
00091,17,0.316692,0.263685,0.875845,0.251141,0.022468,0.261213,0.976132
00092,17,0.286855,0.287263,0.884369,0.230403,0.028574,0.265725,0.959778
00093,17,0.256309,0.310730,0.890902,0.209873,0.034681,0.270236,0.943424
00094,17,0.225073,0.333983,0.895455,0.189623,0.040787,0.274747,0.927069
00095,17,0.193169,0.356913,0.898050,0.169719,0.046894,0.279259,0.910715
00096,17,0.160622,0.379412,0.898711,0.150221,0.053001,0.283770,0.894360
00097,17,0.127461,0.401367,0.897468,0.131180,0.059107,0.288281,0.878006
00098,17,0.093718,0.422669,0.894360,0.112640,0.065214,0.292792,0.861651
00099,17,0.059430,0.443205,0.889427,0.094636,0.071320,0.297304,0.845297
