00000,67,-0.062237,-0.830979,-0.359612,0.419856,5.763292,-15.471987,64.015977
00001,67,-0.089378,-0.844112,-0.356943,0.389971,6.040489,-15.556203,64.295708
00002,67,-0.116256,-0.855719,-0.353767,0.359275,6.317686,-15.640419,64.575439
00003,67,-0.142813,-0.865782,-0.350085,0.327819,6.594884,-15.724635,64.855169
00004,67,-0.168995,-0.874289,-0.345897,0.295659,6.872081,-15.808851,65.134900
00005,67,-0.194746,-0.881229,-0.341203,0.262850,7.149279,-15.893068,65.414631
00006,67,-0.220014,-0.886593,-0.336006,0.229448,7.426476,-15.977284,65.694362
00007,67,-0.244746,-0.890377,-0.330307,0.195514,7.703674,-16.061500,65.974093
00008,67,-0.268891,-0.892578,-0.324109,0.161108,7.980871,-16.145716,66.253824
00009,67,-0.292400,-0.893197,-0.317415,0.126289,8.258068,-16.229932,66.533555
00010,67,-0.315224,-0.892239,-0.310227,0.091122,8.535266,-16.314148,66.813286
00011,67,-0.337317,-0.889708,-0.302552,0.055668,8.812463,-16.398364,67.093016
00012,67,-0.358635,-0.885615,-0.294392,0.019993,9.089661,-16.482580,67.372747
00013,67,-0.379134,-0.879972,-0.285754,-0.015838,9.366858,-16.566797,67.652478
00014,67,-0.398773,-0.872794,-0.276643,-0.051761,9.644056,-16.651013,67.932209
00015,67,-0.417515,-0.864098,-0.267065,-0.087708,9.921253,-16.735229,68.211940
00016,67,-0.435320,-0.853904,-0.257029,-0.123613,10.198451,-16.819445,68.491671
00017,67,-0.452156,-0.842235,-0.246542,-0.159409,10.475648,-16.903661,68.771402
00018,67,-0.467989,-0.829118,-0.235612,-0.195030,10.752845,-16.987877,69.051133
00019,67,-0.482790,-0.814579,-0.224249,-0.230407,11.030043,-17.072093,69.330863
00020,67,-0.496531,-0.798649,-0.212463,-0.265475,11.307240,-17.156309,69.610594
00021,67,-0.509186,-0.781360,-0.200264,-0.300166,11.584438,-17.240526,69.890325
00022,67,-0.520733,-0.762749,-0.187664,-0.334414,11.861635,-17.324742,70.170056
00023,67,-0.531151,-0.742853,-0.174675,-0.368153,12.138833,-17.408958,70.449787
00024,67,-0.540424,-0.721710,-0.161310,-0.401319,12.416030,-17.493174,70.729518
00025,67,-0.548535,-0.699362,-0.147582,-0.433845,12.693227,-17.577390,71.009249
00026,67,-0.555473,-0.675853,-0.133507,-0.465670,12.970425,-17.661606,71.288979
00027,67,-0.561227,-0.651228,-0.119099,-0.496730,13.247622,-17.745822,71.568710
00028,67,-0.565792,-0.625535,-0.104375,-0.526964,13.524820,-17.830038,71.848441
00029,67,-0.569162,-0.598822,-0.089351,-0.556312,13.802017,-17.914255,72.128172
00030,67,-0.571335,-0.571141,-0.074045,-0.584715,14.079215,-17.998471,72.407903
00031,67,-0.572314,-0.542542,-0.058475,-0.612116,14.356412,-18.082687,72.687634
00032,67,-0.572101,-0.513080,-0.042660,-0.638459,14.633609,-18.166903,72.967365
00033,67,-0.570703,-0.482808,-0.026621,-0.663691,14.910807,-18.251119,73.247096
00034,67,-0.568128,-0.451784,-0.010377,-0.687759,15.188004,-18.335335,73.526826
00035,67,-0.564389,-0.420065,0.006049,-0.710615,15.465202,-18.419551,73.806557
00036,67,-0.559500,-0.387707,0.022636,-0.732210,15.742399,-18.503767,74.086288
00037,67,-0.553476,-0.354770,0.039360,-0.752498,16.019597,-18.587984,74.366019
00038,67,-0.546338,-0.321314,0.056199,-0.771436,16.296794,-18.672200,74.645750
00039,67,-0.538105,-0.287399,0.073128,-0.788985,16.573991,-18.756416,74.925481
00040,67,-0.528803,-0.253085,0.090122,-0.805104,16.851189,-18.840632,75.205212
00041,67,-0.518457,-0.218435,0.107155,-0.819759,17.128386,-18.924848,75.484943
00042,67,-0.507096,-0.183509,0.124203,-0.832917,17.405584,-19.009064,75.764673
00043,67,-0.494749,-0.148370,0.141238,-0.844548,17.682781,-19.093280,76.044404
00044,67,-0.481450,-0.113078,0.158233,-0.854624,17.959979,-19.177496,76.324135
00045,67,-0.467232,-0.077696,0.175161,-0.863120,18.237176,-19.261713,76.603866
00046,67,-0.452131,-0.042287,0.191993,-0.870016,18.514374,-19.345929,76.883597
00047,67,-0.436186,-0.006910,0.208702,-0.875293,18.791571,-19.430145,77.163328
00048,67,-0.419436,0.028373,0.225258,-0.878935,19.068768,-19.514361,77.443059
00049,67,-0.401922,0.063501,0.241633,-0.880931,19.345966,-19.598577,77.722789
00050,67,-0.383686,0.098414,0.257797,-0.881272,19.623163,-19.682793,78.002520
00051,67,-0.364773,0.133053,0.273722,-0.879951,19.900361,-19.767009,78.282251
00052,67,-0.345228,0.167358,0.289376,-0.876966,20.177558,-19.851225,78.561982
00053,67,-0.325097,0.201273,0.304732,-0.872319,20.454756,-19.935442,78.841713
00054,67,-0.304426,0.234740,0.319758,-0.866012,20.731953,-20.019658,79.121444
00055,67,-0.283265,0.267703,0.334426,-0.858053,21.009150,-20.103874,79.401175
00056,67,-0.261661,0.300108,0.348705,-0.848453,21.286348,-20.188090,79.680906
00057,67,-0.239665,0.331902,0.362567,-0.837226,21.563545,-20.272306,79.960636
00058,67,-0.217326,0.363031,0.375982,-0.824388,21.840743,-20.356522,80.240367
00059,67,-0.194695,0.393446,0.388922,-0.809959,22.117940,-20.440738,80.520098
00060,67,-0.171821,0.423096,0.401358,-0.793964,22.395138,-20.524954,80.799829
00061,67,-0.148757,0.451935,0.413261,-0.776429,22.672335,-20.609171,81.079560
00062,67,-0.125553,0.479915,0.424605,-0.757383,22.949532,-20.693387,81.359291
00063,67,-0.102259,0.506993,0.435362,-0.736859,23.226730,-20.777603,81.639022
00064,67,-0.078926,0.533126,0.445506,-0.714893,23.503927,-20.861819,81.918753
00065,67,-0.055605,0.558272,0.455011,-0.691524,23.781125,-20.946035,82.198483
00066,67,-0.032344,0.582393,0.463852,-0.666794,24.058322,-21.030251,82.478214
00067,67,-0.009193,0.605451,0.472006,-0.640746,24.335520,-21.114467,82.757945
00068,67,0.013800,0.627411,0.479449,-0.613428,24.612717,-21.198683,83.037676
00069,67,0.036586,0.648240,0.486159,-0.584890,24.889915,-21.282900,83.317407
00070,67,0.059119,0.667907,0.492114,-0.555183,25.167112,-21.367116,83.597138
00071,67,0.081354,0.686383,0.497296,-0.524363,25.444309,-21.451332,83.876869
00072,67,0.103245,0.703641,0.501684,-0.492487,25.721507,-21.535548,84.156599
00073,67,0.124748,0.719655,0.505262,-0.459614,25.998704,-21.619764,84.436330
00074,67,0.145822,0.734404,0.508013,-0.425804,26.275902,-21.703980,84.716061
00075,67,0.166426,0.747867,0.509922,-0.391123,26.553099,-21.788196,84.995792
00076,67,0.186519,0.760026,0.510975,-0.355634,26.830297,-21.872412,85.275523
00077,67,0.206064,0.770865,0.511161,-0.319405,27.107494,-21.956629,85.555254
00078,67,0.225025,0.780369,0.510469,-0.282504,27.384691,-22.040845,85.834985
00079,67,0.243366,0.788529,0.508890,-0.245000,27.661889,-22.125061,86.114716
00080,67,0.261054,0.795335,0.506417,-0.206967,27.939086,-22.209277,86.394446
00081,67,0.278059,0.800779,0.503043,-0.168475,28.216284,-22.293493,86.674177
00082,67,0.294349,0.804858,0.498765,-0.129598,28.493481,-22.377709,86.953908
00083,67,0.309899,0.807568,0.493580,-0.090411,28.770679,-22.461925,87.233639
00084,67,0.324682,0.808911,0.487489,-0.050988,29.047876,-22.546141,87.513370
00085,67,0.338674,0.808887,0.480491,-0.011406,29.325073,-22.630358,87.793101
00086,67,0.351853,0.807501,0.472591,0.028259,29.602271,-22.714574,88.072832
00087,67,0.364200,0.804760,0.463793,0.067932,29.879468,-22.798790,88.352563
00088,67,0.375697,0.800673,0.454104,0.107536,30.156666,-22.883006,88.632293
00089,67,0.386328,0.795250,0.443532,0.146995,30.433863,-22.967222,88.912024
00090,67,0.396079,0.788504,0.432088,0.186231,30.711061,-23.051438,89.191755
00091,67,0.404939,0.780451,0.419785,0.225170,30.988258,-23.135654,89.471486
00092,67,0.412898,0.771107,0.406636,0.263736,31.265455,-23.219870,89.751217
00093,67,0.419949,0.760491,0.392658,0.301854,31.542653,-23.304087,90.030948
00094,67,0.426086,0.748626,0.377868,0.339450,31.819850,-23.388303,90.310679
00095,67,0.431305,0.735532,0.362287,0.376452,32.097048,-23.472519,90.590409
00096,67,0.435605,0.721237,0.345936,0.412788,32.374245,-23.556735,90.870140
00097,67,0.438987,0.705766,0.328838,0.448387,32.651443,-23.640951,91.149871
00098,67,0.441453,0.689147,0.311019,0.483179,32.928640,-23.725167,91.429602
00099,67,0.443008,0.671411,0.292506,0.517098,33.205838,-23.809383,91.709333
