00000,02,0.414335,-0.077932,-0.167987,-0.891086,-7.061772,12.265423,40.741501
00001,02,0.165015,-0.305931,0.686165,-0.639026,6.862848,5.103575,40.789263
00002,02,0.590211,0.717252,-0.158802,-0.334638,-11.521997,-11.292966,40.747378
00003,02,0.726542,-0.116008,0.474784,-0.482969,8.997074,0.288501,40.772510
00004,02,-0.053764,0.534739,-0.770464,-0.342854,-2.974275,-6.779255,40.826530
00005,02,0.593220,0.241942,0.350722,0.683043,-13.503413,-4.872641,40.928227
00006,02,-0.521565,-0.250636,0.812437,-0.071406,-10.269402,-12.561985,40.874574
00007,02,0.031141,-0.368594,0.495541,-0.785880,7.669300,4.689902,40.991905
00008,02,-0.095748,0.455710,-0.270641,0.842564,-10.919128,4.181313,40.735206
00009,02,0.266808,-0.687935,0.673898,0.037694,-10.897739,-3.980664,40.749329
00010,02,-0.103795,-0.293806,-0.723743,-0.615711,-8.749346,1.198909,40.984515
00011,02,0.593188,-0.562034,-0.469155,-0.334872,-4.077470,-3.892931,40.882891
00012,02,0.528995,0.226698,0.414855,0.704747,12.406552,-4.437817,41.202551
00013,02,-0.101612,-0.908966,0.272926,0.298275,14.702076,-14.725444,41.089040
00014,02,0.259290,-0.416170,-0.635338,0.596587,1.602615,-10.496349,41.176237
00015,02,-0.261735,-0.236993,-0.805398,-0.476091,7.933674,11.103438,41.058773
00016,02,-0.690682,-0.569378,0.342900,-0.284933,-1.630270,-5.809773,41.366524
00017,02,-0.165208,-0.340915,-0.707104,-0.597065,12.570185,-12.674972,41.403034
00018,02,0.672357,-0.120947,0.689180,-0.241534,-3.301439,13.748245,40.835001
00019,02,0.529144,-0.742242,0.104036,-0.397819,-5.293936,-14.424459,41.371208
00020,02,0.145598,-0.202955,-0.898652,0.360604,-8.510326,13.785123,40.963208
00021,02,0.521105,-0.194251,-0.488262,0.672545,3.934082,1.327809,41.069962
00022,02,0.860976,-0.091188,-0.499690,0.026722,8.042107,-6.624869,41.597186
00023,02,0.045951,-0.872303,-0.053260,0.483879,-8.479230,1.434780,41.299240
00024,02,-0.614833,0.270846,-0.729065,0.130720,-2.481765,13.690832,41.478984
00025,02,-0.483264,-0.594680,0.488955,-0.416815,13.032387,-9.921542,41.647094
00026,02,-0.566891,0.336240,0.597130,0.457180,6.763035,-1.959127,41.597518
00027,02,0.721574,-0.463494,-0.439518,-0.267074,-0.701887,4.572773,41.623357
00028,02,0.336567,-0.814562,-0.275840,-0.383568,-12.872821,-14.238072,41.029103
00029,02,0.718012,0.668231,-0.162589,0.107194,2.784489,9.685346,40.785686
00030,02,-0.830044,-0.399561,-0.198730,-0.334492,-5.226578,4.076332,41.343558
00031,02,-0.513249,-0.094461,0.569019,0.635508,-11.828220,2.130153,40.975075
00032,02,0.114700,-0.532395,-0.242891,-0.802747,10.590717,11.537478,41.348323
00033,02,0.335907,-0.118848,0.745973,0.562642,0.947599,8.251241,41.493164
00034,02,0.449367,0.756960,-0.300211,0.367360,-9.383073,-3.903177,42.047578
00035,02,0.877931,-0.387031,0.223350,-0.171927,9.323947,-0.330004,40.885526
00036,02,-0.370598,-0.695261,0.464361,0.404524,11.056781,13.225385,41.442967
00037,02,-0.903500,0.065243,0.363067,0.218202,4.314528,-13.720340,42.183408
00038,02,-0.008970,-0.207247,-0.837483,0.505559,0.565774,0.824089,40.752927
00039,02,-0.185075,0.966287,0.022337,-0.177591,1.601388,-5.980245,41.662254
00040,02,0.819720,-0.366912,-0.259170,0.355340,-13.088491,-11.059853,41.321848
00041,02,-0.554868,0.474821,-0.314692,0.606329,-10.301889,5.297514,40.970535
00042,02,0.694224,-0.141897,-0.681729,-0.182111,3.454682,15.026890,41.538624
00043,02,0.457167,0.191939,-0.411266,-0.764865,-5.389411,8.104211,42.149939
00044,02,0.727452,-0.359646,-0.275733,-0.515208,-8.962907,0.140757,42.319983
00045,02,-0.899618,0.365030,-0.235941,0.042087,10.376908,3.047553,41.003533
00046,02,-0.258760,0.126495,-0.506621,0.812636,12.648439,9.774670,41.154389
00047,02,0.386838,0.661902,0.634229,-0.099980,3.582094,-4.538198,41.438653
00048,02,-0.908685,-0.033612,0.069892,0.410217,7.287997,13.902341,41.343732
00049,02,-0.520248,-0.815420,0.075791,0.242257,6.331706,6.347713,40.735548
00050,02,0.202475,0.415945,-0.757516,-0.460611,4.624513,-13.601795,41.682773
00051,02,0.979495,-0.056749,-0.191622,0.025513,14.709003,14.748297,41.455561
00052,02,0.124204,0.896884,-0.312304,0.287469,-10.829488,2.414064,42.367147
00053,02,0.565881,-0.738333,0.259681,-0.259248,-4.009075,-8.865407,42.561573
00054,02,-0.903173,0.298480,0.075328,-0.299188,13.298267,-7.909866,41.943975
00055,02,-0.584578,0.371967,0.260119,0.672493,0.499379,-3.931889,42.029187
00056,02,0.731924,-0.078955,-0.370047,0.566673,-0.497466,-3.439089,41.708903
00057,02,0.539982,-0.153928,-0.607131,0.562243,-11.694420,13.255863,41.392848
00058,02,-0.119469,-0.808070,0.519589,-0.250555,-3.334844,-9.326958,41.285991
00059,02,0.468419,-0.792960,0.028842,-0.388544,14.429248,5.274726,42.752499
00060,02,-0.546408,0.269748,-0.765327,-0.207241,13.832664,-12.826260,43.083027
00061,02,-0.454716,-0.861049,-0.217539,0.067113,15.009171,-6.235744,42.439840
00062,02,-0.420151,0.269067,-0.462763,-0.732752,5.120456,-3.620605,42.850342
00063,02,0.125467,0.801211,-0.502548,-0.299607,-5.938607,-6.799993,41.960465
00064,02,0.112074,-0.644826,-0.617012,0.436962,0.047460,12.661797,43.205342
00065,02,-0.224177,-0.431830,0.838922,0.243879,-1.258973,13.646645,42.532720
00066,02,-0.908613,-0.346813,-0.232206,0.014954,11.607762,-3.369858,41.460303
00067,02,-0.289466,0.532552,0.782552,0.142165,-0.574312,0.914819,42.302871
00068,02,0.642542,0.507391,0.396427,-0.415380,11.066149,-10.342377,42.471202
00069,02,-0.102776,-0.918340,-0.309992,-0.223593,7.624461,5.047928,43.168060
00070,02,0.569580,0.204932,0.608881,-0.512684,-2.344070,-8.332880,41.656013
00071,02,-0.024257,-0.058733,-0.056045,-0.996404,5.243882,3.468055,41.073843
00072,02,0.002721,0.684938,0.728162,0.025149,-2.704500,-6.610385,41.308658
00073,02,0.065191,0.565132,-0.809370,-0.145935,5.745194,7.771831,43.104695
00074,02,0.506310,0.823704,0.142291,0.211932,-4.634222,-7.408040,41.178045
00075,02,-0.233409,-0.774613,0.333420,-0.484073,5.934747,-3.893410,43.321181
00076,02,-0.189657,-0.413984,-0.124770,0.881521,2.580375,14.481256,41.080188
00077,02,0.691340,-0.662306,-0.120849,0.262288,-11.370568,10.411142,43.183017
00078,02,0.777989,0.132099,0.567154,0.235837,0.785857,-3.995551,43.735701
00079,02,0.947598,-0.313934,0.058128,0.011202,5.215091,4.996214,42.088387
00080,02,-0.980472,-0.160938,0.055039,-0.098710,-2.817738,9.537803,41.514481
00081,02,0.682514,0.201721,-0.701522,-0.036753,-12.776467,10.449167,42.874315
00082,02,0.870120,-0.445533,-0.201167,-0.062637,-3.234114,-6.950317,43.782427
00083,02,0.360877,-0.549448,0.608083,0.445095,1.696856,4.238278,43.063829
00084,02,-0.049080,0.096878,-0.225052,-0.968276,4.793754,-14.258617,43.621558
00085,02,0.398241,-0.143224,-0.838130,0.344135,0.769500,10.151304,40.999913
00086,02,0.869430,0.294819,-0.242666,0.313507,2.205004,-13.280227,41.715551
00087,02,0.204983,-0.378974,-0.706836,-0.561020,-3.329044,5.929205,41.252733
00088,02,-0.015642,-0.187146,-0.925590,0.328655,-6.840445,13.980880,42.226380
00089,02,0.810304,-0.118601,0.569028,-0.074493,6.214793,-1.842429,42.672757
00090,02,0.692441,-0.663813,-0.014510,-0.282254,1.916090,-11.616034,43.507376
00091,02,0.417571,-0.618391,0.594551,0.299561,-3.710046,-1.888872,40.783886
00092,02,-0.862439,0.193156,-0.002887,-0.467847,9.521079,10.115178,42.050371
00093,02,0.324383,0.131274,0.672086,0.652566,3.523658,2.443431,41.111339
00094,02,0.291814,0.932980,0.159747,0.137384,14.801319,-11.876162,43.339678
00095,02,-0.552655,-0.692667,0.462007,0.036545,-4.035015,6.043572,42.818775
00096,02,0.563987,0.482008,-0.343011,0.576134,-10.617989,-2.974818,41.627164
00097,02,-0.335549,0.796770,0.500918,0.040575,-8.044313,-11.865338,43.268445
00098,02,-0.218715,-0.099399,0.720173,-0.650873,-8.525986,-2.277809,41.650649
00099,02,0.225280,-0.126314,0.957543,-0.128085,0.729958,-13.701854,42.784492
