00000,67,-0.490529,-0.157210,0.774611,-0.366939,3.685547,-1.382234,11.117591
00001,67,-0.770462,0.427511,0.082115,0.465703,3.696864,2.109351,11.123021
00002,67,-0.502164,0.683307,0.279938,0.450064,-1.925889,-1.229270,11.120930
00003,67,0.352233,-0.356857,-0.644046,0.577745,-2.447969,-3.990672,11.146852
00004,67,0.146314,0.470330,0.567407,0.659872,0.194256,-2.234631,11.163450
00005,67,-0.840551,0.247332,-0.072307,0.476521,-2.843109,-2.120797,11.134230
00006,67,-0.018228,0.936394,-0.013092,0.350232,2.289253,-3.813633,11.161215
00007,67,0.507485,-0.264521,0.087907,-0.815329,3.395602,1.447418,11.134941
00008,67,-0.306709,0.326718,0.077832,0.890577,3.638498,-0.305601,11.203864
00009,67,0.054100,0.053754,0.938607,-0.336452,3.713879,-3.685181,11.176538
00010,67,0.243824,-0.477645,0.838637,-0.095359,-0.015378,-1.508015,11.219747
00011,67,-0.667910,0.199822,-0.448240,0.559507,-2.081441,-1.364587,11.235422
00012,67,-0.350715,-0.192939,-0.760686,0.511009,-3.238614,-1.655845,11.171411
00013,67,-0.026642,0.478947,-0.857102,0.187822,2.001127,-0.979573,11.148830
00014,67,0.071401,0.916842,0.190138,0.343730,-1.520919,-3.363722,11.198020
00015,67,-0.051232,0.717995,-0.556879,0.414421,2.947108,-0.162712,11.150021
00016,67,-0.000906,0.532384,-0.139899,-0.834862,4.030610,-2.060665,11.234294
00017,67,0.153160,-0.950751,-0.128699,0.236749,-1.537843,-3.967878,11.283622
00018,67,0.597005,0.800935,-0.021326,-0.040406,0.248909,-0.099357,11.148885
00019,67,-0.763095,0.348430,-0.502158,-0.210049,-1.374291,-2.007964,11.248978
00020,67,0.521373,-0.244601,0.507297,0.641085,0.873571,-0.859138,11.142366
00021,67,0.661469,0.060131,-0.344734,-0.663326,-2.176744,-2.746015,11.248521
00022,67,0.986054,0.127190,0.063204,-0.086747,-3.278362,-2.496070,11.219032
00023,67,-0.057340,0.492680,-0.266054,-0.826555,2.175205,-1.498662,11.305536
00024,67,-0.718190,0.121919,-0.169467,-0.663792,2.117456,-3.916838,11.195555
00025,67,-0.706824,0.221297,0.288676,0.606707,3.781017,-1.872263,11.325832
00026,67,-0.045496,-0.070516,0.884826,0.458302,0.163109,-0.537902,11.208108
00027,67,-0.150820,-0.364838,-0.887212,0.238749,0.434503,3.309055,11.178220
00028,67,-0.327858,-0.871239,0.344911,0.120365,0.469543,2.858123,11.354484
00029,67,0.208963,0.109847,-0.935295,0.263613,-1.425549,1.410839,11.330289
00030,67,0.307419,-0.462468,-0.186382,-0.810480,-3.053041,2.251395,11.283906
00031,67,-0.698675,0.608075,0.131106,-0.353425,-0.994883,-3.778178,11.298486
00032,67,-0.778457,0.352020,-0.356478,-0.378167,-2.043868,0.725796,11.316559
00033,67,-0.153126,-0.612264,0.146062,0.761808,0.170879,-2.107080,11.431796
00034,67,-0.800990,0.009797,0.119313,0.586587,1.678285,-3.626665,11.113753
00035,67,-0.101692,0.764473,0.610704,-0.179666,-3.129616,2.847301,11.398476
00036,67,0.224505,0.121515,-0.329986,-0.908813,-1.880220,1.072526,11.112981
00037,67,0.084514,0.289785,-0.467253,-0.830997,-0.472576,-1.807116,11.142319
00038,67,-0.055765,-0.376599,-0.035047,-0.924032,0.667167,3.190096,11.197923
00039,67,-0.452655,-0.513835,0.272059,-0.676063,3.177020,-3.763768,11.112745
00040,67,-0.551922,0.685367,0.233996,-0.413401,-1.999129,3.308854,11.451678
00041,67,-0.483899,-0.256409,0.787977,-0.281404,-3.371124,-3.332837,11.336314
00042,67,0.705581,0.390993,0.404493,-0.430890,-1.015952,-1.469462,11.402306
00043,67,0.685904,0.561378,0.087485,-0.454683,1.831311,2.353466,11.394669
00044,67,-0.794632,0.491132,0.203688,-0.293021,2.856275,-1.669036,11.135338
00045,67,0.131182,-0.424081,0.145602,0.884164,2.150800,-3.961343,11.558119
00046,67,0.613144,0.440907,-0.465632,-0.461348,-3.020283,-3.391659,11.427231
00047,67,-0.941791,0.162915,-0.284494,-0.074512,-1.310253,-2.947751,11.386027
00048,67,-0.008925,-0.225192,0.806918,-0.545978,3.728297,3.033550,11.362809
00049,67,0.659307,0.282626,-0.695783,0.036369,0.806093,3.043197,11.174982
00050,67,0.648888,0.160201,0.189032,0.719407,-1.282911,-1.545381,11.221772
00051,67,-0.383868,0.681767,-0.613421,0.107487,0.065524,0.840814,11.478745
00052,67,0.284300,-0.694016,-0.623925,-0.219620,-0.066839,3.880726,11.413729
00053,67,-0.281314,0.743729,0.076107,-0.601612,2.963726,-3.600613,11.389100
00054,67,-0.842935,0.293395,-0.104481,-0.438708,1.480853,-1.474899,11.134887
00055,67,-0.320515,-0.147650,-0.926076,-0.133611,3.729774,-3.596828,11.644650
00056,67,-0.906674,0.219494,-0.015018,0.359915,0.321645,-0.404942,11.456356
00057,67,0.073515,0.457025,0.783896,-0.413799,-1.199796,2.195960,11.337177
00058,67,0.431707,0.335786,0.516294,-0.659028,-4.131498,1.085727,11.656845
00059,67,-0.680951,0.227159,0.475430,-0.508598,-1.373569,-3.670179,11.361065
00060,67,0.733176,-0.381282,-0.017244,-0.562832,-2.568822,2.627259,11.340824
00061,67,0.362112,0.208039,0.451340,0.788598,-1.457071,2.180683,11.406586
00062,67,-0.818737,0.404125,0.382491,0.141612,3.899237,-1.092623,11.581130
00063,67,-0.795071,-0.144461,0.413820,-0.419221,-3.161437,2.800993,11.602402
00064,67,-0.072612,-0.789403,-0.609448,-0.011946,-3.277482,3.218197,11.165990
00065,67,0.471955,-0.286907,0.826873,-0.105942,-3.186906,0.671046,11.404929
00066,67,0.463792,0.186830,0.865573,0.027837,3.113402,-0.752530,11.504574
00067,67,-0.699397,0.314240,0.148501,-0.624536,-2.853611,4.012426,11.282827
00068,67,-0.186463,-0.338479,0.608236,-0.693335,-3.304430,-0.561882,11.847027
00069,67,-0.044769,0.052384,-0.956627,0.283048,-0.171983,-2.382742,11.782398
00070,67,-0.825555,-0.260264,0.394245,0.308695,-1.154114,2.112219,11.455858
00071,67,-0.357043,-0.336895,0.260708,-0.831296,-3.806538,2.010641,11.649284
00072,67,-0.814496,-0.144945,0.376461,-0.416971,-3.416932,3.201385,11.795803
00073,67,-0.278730,0.256865,-0.826822,-0.415566,-1.481177,2.601020,11.755421
00074,67,0.768574,-0.052015,0.554242,-0.315285,-3.091227,0.767538,11.704282
00075,67,-0.216481,-0.882057,-0.001348,-0.418461,3.151661,2.418967,11.321185
00076,67,0.365047,0.752374,-0.527912,-0.148264,0.352012,-1.777574,11.360488
00077,67,0.596695,0.654747,0.319155,-0.336751,2.621889,2.396750,11.237414
00078,67,-0.824046,-0.302583,0.332239,-0.344978,-0.719129,2.333181,11.302611
00079,67,-0.134411,-0.077832,0.986067,-0.059558,-0.678328,3.084306,11.335056
00080,67,0.636486,0.435300,0.388113,0.504745,4.310427,-2.944422,11.857157
00081,67,0.849666,-0.447779,-0.275770,-0.038885,3.503377,3.059570,11.162172
00082,67,-0.543519,-0.265411,0.217937,-0.765929,-3.557008,0.087520,11.649530
00083,67,0.890550,-0.432776,-0.112822,-0.083047,3.829293,-2.623689,11.836861
00084,67,-0.222390,0.414940,-0.348632,0.810446,-1.461493,2.432711,11.122860
00085,67,0.453081,0.415921,-0.454852,0.644079,3.649956,-2.550697,11.259255
00086,67,-0.884256,0.179079,-0.426589,0.063585,1.213931,-3.852364,11.991657
00087,67,-0.262070,0.122540,0.892005,-0.347318,-3.498542,-0.398202,11.737986
00088,67,0.175244,-0.241466,-0.923999,0.239186,2.005208,-1.286995,11.268044
00089,67,0.597494,-0.462383,-0.496427,0.427507,2.609455,3.130263,11.957751
00090,67,0.334342,0.403571,0.339266,0.781181,-0.053686,1.262388,11.508340
00091,67,-0.178944,0.059773,-0.966043,-0.176545,-2.169925,0.782745,11.847861
00092,67,0.466970,0.648721,-0.590486,0.111477,-1.324911,2.446950,11.744912
00093,67,0.427437,0.066028,0.648606,0.626297,1.616969,1.873176,12.062782
00094,67,-0.341525,0.785238,0.036394,0.515207,-0.382288,1.000106,11.329698
00095,67,-0.284592,-0.765839,0.155334,-0.555310,-1.746325,3.138432,11.337619
00096,67,0.454421,0.562204,0.089364,0.685159,3.859699,-1.427722,11.383148
00097,67,-0.130816,0.329326,0.874878,0.330182,-2.307013,-1.840692,11.600644
00098,67,-0.541414,0.030648,0.226753,0.809021,3.945911,0.958126,11.616475
00099,67,-0.764065,-0.322975,0.558229,-0.016519,2.735200,-1.597625,11.686513
