00000,21,0.600999,-0.688776,-0.121423,0.386839,0.486614,-0.204070,2.212022
00001,21,0.609666,-0.671508,-0.139689,0.397330,0.485665,-0.203129,2.212266
00002,21,0.617698,-0.653742,-0.157893,0.407603,0.484717,-0.202188,2.212510
00003,21,0.625087,-0.635494,-0.176017,0.417650,0.483769,-0.201247,2.212754
00004,21,0.631829,-0.616776,-0.194040,0.427467,0.482821,-0.200306,2.212999
00005,21,0.637918,-0.597603,-0.211943,0.437048,0.481873,-0.199365,2.213243
00006,21,0.643351,-0.577989,-0.229706,0.446389,0.480925,-0.198424,2.213487
00007,21,0.648123,-0.557950,-0.247310,0.455485,0.479977,-0.197483,2.213732
00008,21,0.652231,-0.537500,-0.264736,0.464330,0.479029,-0.196543,2.213976
00009,21,0.655675,-0.516656,-0.281965,0.472919,0.478081,-0.195602,2.214220
00010,21,0.658451,-0.495432,-0.298978,0.481249,0.477133,-0.194661,2.214464
00011,21,0.660560,-0.473846,-0.315756,0.489314,0.476185,-0.193720,2.214709
00012,21,0.662001,-0.451913,-0.332280,0.497110,0.475237,-0.192779,2.214953
00013,21,0.662775,-0.429651,-0.348533,0.504633,0.474288,-0.191838,2.215197
00014,21,0.662882,-0.407076,-0.364495,0.511878,0.473340,-0.190897,2.215441
00015,21,0.662326,-0.384206,-0.380150,0.518841,0.472392,-0.189956,2.215686
00016,21,0.661108,-0.361057,-0.395479,0.525519,0.471444,-0.189015,2.215930
00017,21,0.659232,-0.337648,-0.410465,0.531908,0.470496,-0.188074,2.216174
00018,21,0.656701,-0.313996,-0.425092,0.538003,0.469548,-0.187133,2.216419
00019,21,0.653521,-0.290120,-0.439343,0.543801,0.468600,-0.186192,2.216663
00020,21,0.649696,-0.266037,-0.453201,0.549299,0.467652,-0.185251,2.216907
00021,21,0.645232,-0.241766,-0.466650,0.554493,0.466704,-0.184310,2.217151
00022,21,0.640137,-0.217325,-0.479676,0.559380,0.465756,-0.183369,2.217396
00023,21,0.634416,-0.192733,-0.492262,0.563958,0.464808,-0.182428,2.217640
00024,21,0.628079,-0.168008,-0.504394,0.568222,0.463860,-0.181488,2.217884
00025,21,0.621133,-0.143170,-0.516059,0.572171,0.462912,-0.180547,2.218128
00026,21,0.613587,-0.118236,-0.527242,0.575801,0.461963,-0.179606,2.218373
00027,21,0.605451,-0.093227,-0.537929,0.579111,0.461015,-0.178665,2.218617
00028,21,0.596736,-0.068161,-0.548108,0.582098,0.460067,-0.177724,2.218861
00029,21,0.587451,-0.043056,-0.557767,0.584759,0.459119,-0.176783,2.219106
00030,21,0.577609,-0.017933,-0.566894,0.587093,0.458171,-0.175842,2.219350
00031,21,0.567220,0.007191,-0.575477,0.589097,0.457223,-0.174901,2.219594
00032,21,0.556299,0.032295,-0.583506,0.590770,0.456275,-0.173960,2.219838
00033,21,0.544856,0.057362,-0.590971,0.592111,0.455327,-0.173019,2.220083
00034,21,0.532907,0.082372,-0.597861,0.593117,0.454379,-0.172078,2.220327
00035,21,0.520464,0.107306,-0.604168,0.593788,0.453431,-0.171137,2.220571
00036,21,0.507542,0.132146,-0.609883,0.594122,0.452483,-0.170196,2.220815
00037,21,0.494156,0.156873,-0.614999,0.594119,0.451535,-0.169255,2.221060
00038,21,0.480321,0.181467,-0.619508,0.593777,0.450587,-0.168314,2.221304
00039,21,0.466053,0.205912,-0.623403,0.593096,0.449638,-0.167373,2.221548
00040,21,0.451368,0.230187,-0.626679,0.592076,0.448690,-0.166433,2.221793
00041,21,0.436283,0.254276,-0.629330,0.590715,0.447742,-0.165492,2.222037
00042,21,0.420813,0.278160,-0.631351,0.589015,0.446794,-0.164551,2.222281
00043,21,0.404978,0.301821,-0.632738,0.586975,0.445846,-0.163610,2.222525
00044,21,0.388793,0.325242,-0.633487,0.584595,0.444898,-0.162669,2.222770
00045,21,0.372276,0.348405,-0.633597,0.581876,0.443950,-0.161728,2.223014
00046,21,0.355447,0.371292,-0.633064,0.578818,0.443002,-0.160787,2.223258
00047,21,0.338323,0.393887,-0.631887,0.575421,0.442054,-0.159846,2.223503
00048,21,0.320923,0.416173,-0.630065,0.571688,0.441106,-0.158905,2.223747
00049,21,0.303266,0.438133,-0.627598,0.567618,0.440158,-0.157964,2.223991
00050,21,0.285371,0.459751,-0.624487,0.563213,0.439210,-0.157023,2.224235
00051,21,0.267257,0.481011,-0.620732,0.558474,0.438262,-0.156082,2.224480
00052,21,0.248944,0.501897,-0.616336,0.553404,0.437313,-0.155141,2.224724
00053,21,0.230451,0.522394,-0.611301,0.548003,0.436365,-0.154200,2.224968
00054,21,0.211799,0.542487,-0.605630,0.542274,0.435417,-0.153259,2.225212
00055,21,0.193006,0.562161,-0.599327,0.536219,0.434469,-0.152318,2.225457
00056,21,0.174093,0.581402,-0.592397,0.529840,0.433521,-0.151378,2.225701
00057,21,0.155080,0.600194,-0.584844,0.523139,0.432573,-0.150437,2.225945
00058,21,0.135987,0.618526,-0.576674,0.516120,0.431625,-0.149496,2.226190
00059,21,0.116834,0.636383,-0.567894,0.508785,0.430677,-0.148555,2.226434
00060,21,0.097641,0.653752,-0.558512,0.501137,0.429729,-0.147614,2.226678
00061,21,0.078428,0.670622,-0.548533,0.493180,0.428781,-0.146673,2.226922
00062,21,0.059215,0.686979,-0.537968,0.484916,0.427833,-0.145732,2.227167
00063,21,0.040023,0.702811,-0.526825,0.476350,0.426885,-0.144791,2.227411
00064,21,0.020870,0.718108,-0.515114,0.467485,0.425937,-0.143850,2.227655
00065,21,0.001778,0.732859,-0.502844,0.458325,0.424988,-0.142909,2.227899
00066,21,-0.017235,0.747053,-0.490027,0.448874,0.424040,-0.141968,2.228144
00067,21,-0.036149,0.760680,-0.476674,0.439137,0.423092,-0.141027,2.228388
00068,21,-0.054945,0.773730,-0.462798,0.429117,0.422144,-0.140086,2.228632
00069,21,-0.073603,0.786194,-0.448409,0.418820,0.421196,-0.139145,2.228877
00070,21,-0.092104,0.798064,-0.433523,0.408250,0.420248,-0.138204,2.229121
00071,21,-0.110430,0.809332,-0.418151,0.397413,0.419300,-0.137263,2.229365
00072,21,-0.128562,0.819988,-0.402309,0.386313,0.418352,-0.136323,2.229609
00073,21,-0.146482,0.830028,-0.386011,0.374956,0.417404,-0.135382,2.229854
00074,21,-0.164172,0.839442,-0.369273,0.363348,0.416456,-0.134441,2.230098
00075,21,-0.181614,0.848226,-0.352109,0.351494,0.415508,-0.133500,2.230342
00076,21,-0.198791,0.856373,-0.334537,0.339399,0.414560,-0.132559,2.230586
00077,21,-0.215686,0.863879,-0.316572,0.327071,0.413612,-0.131618,2.230831
00078,21,-0.232282,0.870737,-0.298232,0.314514,0.412663,-0.130677,2.231075
00079,21,-0.248563,0.876945,-0.279534,0.301737,0.411715,-0.129736,2.231319
00080,21,-0.264512,0.882498,-0.260496,0.288744,0.410767,-0.128795,2.231564
00081,21,-0.280114,0.887392,-0.241136,0.275543,0.409819,-0.127854,2.231808
00082,21,-0.295355,0.891626,-0.221473,0.262140,0.408871,-0.126913,2.232052
00083,21,-0.310219,0.895197,-0.201526,0.248543,0.407923,-0.125972,2.232296
00084,21,-0.324692,0.898103,-0.181314,0.234759,0.406975,-0.125031,2.232541
00085,21,-0.338761,0.900342,-0.160857,0.220794,0.406027,-0.124090,2.232785
00086,21,-0.352411,0.901915,-0.140174,0.206657,0.405079,-0.123149,2.233029
00087,21,-0.365631,0.902820,-0.119286,0.192355,0.404131,-0.122208,2.233273
00088,21,-0.378407,0.903059,-0.098213,0.177895,0.403183,-0.121268,2.233518
00089,21,-0.390728,0.902632,-0.076976,0.163286,0.402235,-0.120327,2.233762
00090,21,-0.402582,0.901540,-0.055596,0.148535,0.401287,-0.119386,2.234006
00091,21,-0.413960,0.899785,-0.034093,0.133651,0.400338,-0.118445,2.234251
00092,21,-0.424849,0.897369,-0.012490,0.118641,0.399390,-0.117504,2.234495
00093,21,-0.435241,0.894296,0.009193,0.103515,0.398442,-0.116563,2.234739
00094,21,-0.445127,0.890568,0.030935,0.088280,0.397494,-0.115622,2.234983
00095,21,-0.454498,0.886190,0.052712,0.072946,0.396546,-0.114681,2.235228
00096,21,-0.463345,0.881165,0.074505,0.057520,0.395598,-0.113740,2.235472
00097,21,-0.471662,0.875498,0.096291,0.042012,0.394650,-0.112799,2.235716
00098,21,-0.479442,0.869196,0.118048,0.026431,0.393702,-0.111858,2.235961
00099,21,-0.486678,0.862263,0.139755,0.010785,0.392754,-0.110917,2.236205
