00000,16,0.609329,-0.101293,0.468675,-0.631507,0.268256,-0.387499,1.108431
00001,16,0.231956,0.470968,-0.724311,0.446944,-0.157529,0.003306,1.109170
00002,16,-0.819463,0.564289,-0.100150,-0.005269,-0.083887,0.171521,1.109382
00003,16,0.664539,-0.444288,0.599640,0.037797,-0.313474,0.206331,1.109078
00004,16,0.326600,0.917427,0.227122,0.008666,0.188042,-0.149468,1.108881
00005,16,-0.084664,-0.535073,-0.830890,-0.127085,-0.226987,0.220222,1.110493
00006,16,0.315589,0.470550,0.397622,0.721722,-0.347021,-0.246719,1.108983
00007,16,0.449723,-0.240137,0.091218,0.855431,0.219254,-0.147001,1.112804
00008,16,0.947892,-0.086503,0.238349,0.192894,0.306150,-0.346288,1.107832
00009,16,-0.451281,-0.597767,-0.015206,0.662411,-0.399966,-0.189457,1.111040
00010,16,-0.346564,-0.566050,-0.550594,-0.506287,0.237058,0.062095,1.108754
00011,16,0.588437,0.118341,0.451168,0.660442,0.165757,0.214237,1.110824
00012,16,0.340123,-0.879178,0.313441,0.114530,0.338920,-0.281760,1.114437
00013,16,0.038108,0.910261,0.332648,-0.243554,-0.288862,-0.161589,1.118826
00014,16,0.478338,-0.177895,0.511697,0.691167,-0.061465,-0.227832,1.113354
00015,16,0.601258,-0.681365,0.407039,0.092467,-0.104521,0.234798,1.112187
00016,16,0.014624,0.393086,0.777995,0.489892,-0.284344,-0.016271,1.112693
00017,16,-0.596546,-0.117506,0.698299,0.377761,0.373868,-0.193678,1.110769
00018,16,0.408032,0.750218,0.484521,0.189531,0.173649,0.029385,1.109929
00019,16,-0.042054,0.889039,-0.454027,-0.041239,0.002191,-0.087354,1.122499
00020,16,0.499123,-0.181990,0.790024,0.305971,0.336145,-0.314805,1.114678
00021,16,-0.345348,-0.039711,0.417491,-0.839559,-0.222584,-0.214293,1.123219
00022,16,-0.826900,0.121432,-0.260921,0.483126,0.361884,-0.380099,1.118021
00023,16,-0.403764,-0.469211,0.014499,0.785242,0.281565,-0.009982,1.110325
00024,16,-0.642092,-0.012734,0.355034,-0.679342,-0.359731,0.062707,1.124253
00025,16,-0.207812,0.732703,0.477538,0.438084,-0.390339,0.237784,1.132136
00026,16,-0.856200,0.479820,0.084395,-0.171965,-0.279832,-0.300847,1.124054
00027,16,-0.244489,0.759926,-0.579501,-0.164061,-0.204247,-0.078669,1.121203
00028,16,0.826039,0.300398,0.020010,-0.476466,-0.110210,-0.186818,1.121330
00029,16,-0.635779,-0.524719,0.560137,0.081863,-0.196960,-0.312782,1.110011
00030,16,0.311070,0.229020,0.921227,0.046104,0.348636,0.139200,1.127810
00031,16,-0.294979,0.823482,0.447853,-0.185182,0.080450,0.389659,1.110273
00032,16,0.061750,-0.870455,0.472139,0.124821,-0.245424,-0.311979,1.142812
00033,16,-0.277501,-0.878913,0.002934,-0.387938,0.180483,0.291358,1.141716
00034,16,-0.301114,-0.437592,-0.646222,-0.547941,-0.082556,-0.216692,1.141554
00035,16,0.474622,0.288488,0.760942,-0.335374,0.230051,-0.320476,1.133279
00036,16,0.740772,-0.596449,0.030362,-0.307544,-0.392008,-0.208272,1.143954
00037,16,-0.716285,0.288255,0.573507,-0.273741,0.195855,0.352235,1.112739
00038,16,0.763940,-0.341418,-0.423040,-0.347658,-0.024873,0.298629,1.110612
00039,16,-0.102239,-0.159491,0.795955,-0.574948,-0.071608,-0.133703,1.149266
00040,16,-0.549463,0.291951,0.691683,0.366647,0.181826,0.396042,1.113931
00041,16,-0.432105,-0.852220,-0.077941,0.284485,-0.326180,-0.381703,1.116647
00042,16,-0.210589,-0.014500,0.974828,0.071783,-0.274108,-0.351259,1.134653
00043,16,-0.499974,-0.099198,0.747802,-0.425415,0.186382,-0.152498,1.152689
00044,16,0.516382,0.474997,0.550318,-0.452633,-0.071814,0.158342,1.141776
00045,16,-0.121289,-0.964262,0.017570,-0.234903,0.351523,0.025772,1.116784
00046,16,-0.337167,-0.598534,0.420504,-0.592664,-0.390481,0.234065,1.142615
00047,16,-0.167159,0.713870,-0.042565,0.678702,0.076254,-0.337913,1.121850
00048,16,0.320651,0.888108,-0.031951,0.327761,-0.387409,0.131325,1.112249
00049,16,-0.930376,0.139104,0.028988,-0.337951,0.348391,-0.006610,1.114918
00050,16,-0.369296,-0.157641,-0.876103,-0.266858,0.330681,-0.150114,1.127787
00051,16,-0.560473,0.192694,-0.587468,0.551018,-0.262072,-0.404563,1.157919
00052,16,-0.074933,0.071357,0.688920,-0.717413,0.342262,0.323609,1.116952
00053,16,-0.271369,0.019087,0.836198,-0.476202,0.278645,-0.352641,1.141690
00054,16,-0.763075,0.313107,-0.196720,-0.530078,-0.181980,0.417348,1.147270
00055,16,0.266493,-0.138707,-0.599717,-0.741675,-0.253380,-0.084418,1.136641
00056,16,-0.141253,0.463721,-0.774303,0.406774,-0.226462,0.333422,1.154254
00057,16,0.744285,0.039883,-0.287190,0.601640,0.299085,0.315344,1.137172
00058,16,-0.451886,-0.828148,-0.088223,-0.319665,0.382249,0.107395,1.164414
00059,16,0.574571,0.569659,-0.331145,0.485489,0.193688,-0.029951,1.169196
00060,16,-0.309662,-0.857971,-0.155166,0.379367,-0.265706,0.323707,1.155275
00061,16,-0.287764,0.757921,-0.245992,0.531258,-0.338645,0.385220,1.171794
00062,16,-0.807935,0.120589,-0.081005,0.571084,0.052776,0.085466,1.150878
00063,16,-0.242727,-0.273895,-0.526422,0.767427,-0.018801,0.013870,1.131098
00064,16,0.557703,0.727752,-0.318267,-0.240937,0.208341,0.335230,1.166447
00065,16,-0.606169,-0.591243,-0.214160,0.486955,0.378253,-0.347037,1.138602
00066,16,0.127648,0.519705,-0.720288,0.441359,-0.242572,-0.281091,1.168107
00067,16,0.777551,-0.059596,0.268883,0.565301,0.229868,-0.149008,1.164301
00068,16,-0.418753,-0.226786,-0.163995,-0.863898,-0.149932,0.215349,1.166821
00069,16,-0.502423,-0.327381,-0.154950,-0.785101,-0.148622,-0.141451,1.141810
00070,16,0.948563,-0.301710,0.081454,0.050646,0.300113,0.376866,1.113103
00071,16,0.086220,-0.283504,0.216129,0.930312,-0.206550,0.174549,1.134111
00072,16,0.268765,-0.063598,0.217125,0.936257,-0.259797,-0.376072,1.130926
00073,16,-0.092022,0.521853,-0.845253,0.068908,0.342413,-0.330454,1.179174
00074,16,0.326356,0.239290,0.520899,-0.751596,0.390601,0.323123,1.150195
00075,16,0.506205,-0.110578,-0.009127,0.855246,-0.052932,-0.288111,1.152041
00076,16,-0.374829,-0.502742,-0.718376,-0.301146,-0.242223,-0.148599,1.109897
00077,16,0.398133,0.540995,-0.384679,0.633117,0.255178,-0.110811,1.187353
00078,16,-0.054939,-0.330402,0.630621,0.700095,0.131301,-0.034999,1.144209
00079,16,-0.255051,0.479818,-0.449618,0.708920,-0.133005,-0.386800,1.177190
00080,16,0.024589,0.788561,-0.612504,0.049052,0.095280,-0.026506,1.137689
00081,16,0.525607,-0.382217,-0.290449,0.702344,-0.408906,0.369727,1.141612
00082,16,0.204929,-0.464295,0.853991,0.114601,0.095981,0.183070,1.113398
00083,16,0.950166,-0.083275,0.277435,0.115236,-0.367193,-0.148073,1.122953
00084,16,0.472215,-0.254199,0.018418,0.843835,-0.008488,-0.087828,1.162136
00085,16,0.431909,0.449276,-0.751322,-0.217075,0.194558,-0.204585,1.178233
00086,16,-0.180527,0.866869,-0.399318,0.237682,-0.201575,0.112030,1.110455
00087,16,0.301739,0.905433,0.227749,0.193066,0.381727,-0.157994,1.184088
00088,16,0.757374,0.046503,0.316050,0.569504,-0.217872,0.279784,1.135306
00089,16,0.478569,-0.076972,0.192273,0.853275,0.044847,-0.039127,1.167825
00090,16,0.713451,-0.181695,0.340391,0.584900,0.001572,0.120891,1.163984
00091,16,0.793876,0.507215,0.212501,0.259492,0.265222,-0.060582,1.166469
00092,16,-0.262065,-0.050938,0.561569,0.783178,-0.305522,-0.398099,1.187982
00093,16,-0.297131,0.491327,-0.488905,-0.656721,0.418735,0.321139,1.201750
00094,16,0.364919,-0.380454,-0.145389,0.837228,0.161254,0.337738,1.164032
00095,16,0.631469,0.371229,0.663117,-0.153988,0.198485,-0.214851,1.191344
00096,16,-0.596828,0.146520,-0.722366,-0.317040,-0.396501,-0.309626,1.156530
00097,16,0.369648,0.152333,0.104253,-0.910651,-0.307444,0.376881,1.134367
00098,16,-0.384494,0.912596,0.065901,0.122433,0.237203,0.027463,1.204388
00099,16,0.311319,-0.694696,0.007415,0.648400,0.328657,-0.236189,1.183810
