00000,6,0.043412,-0.854776,-0.337253,0.392089,0.094296,-0.386009,5.058354
00001,6,-0.338075,-0.735283,-0.384728,-0.443901,-0.537140,-1.650216,5.663473
00002,6,0.593475,0.423980,-0.613578,-0.302574,1.021603,1.255200,5.034271
00003,6,-0.210975,-0.466118,-0.462771,0.723925,1.441513,1.625512,5.628380
00004,6,0.506722,-0.456997,0.235110,0.692177,1.546010,0.686444,5.902997
00005,6,0.445253,0.600112,-0.372184,-0.550541,-1.863479,1.906054,5.785564
00006,6,0.049020,-0.661843,0.317899,-0.677128,-0.188227,1.204003,4.951550
00007,6,0.951814,-0.007703,-0.050355,-0.302416,1.138134,1.151548,4.760780
00008,6,-0.425403,-0.588706,0.684203,0.065760,0.758883,0.856129,5.763437
00009,6,0.383898,0.352784,0.218410,0.824902,1.388230,-0.368101,4.729482
00010,6,-0.275591,0.434800,-0.856458,0.038440,-1.076891,-0.309766,4.687799
00011,6,0.673325,0.391399,-0.338390,-0.528140,1.034999,0.193081,5.068215
00012,6,-0.723827,-0.409840,-0.263291,0.488655,0.894227,-0.409007,5.032324
00013,6,-0.755841,-0.234938,0.117182,0.599814,-1.793217,1.108195,5.834986
00014,6,-0.409547,-0.742272,-0.028355,-0.529622,-1.372711,1.575785,5.446614
00015,6,0.133325,0.489655,0.010020,0.861605,1.774117,-0.557933,5.550480
00016,6,0.225630,0.959447,0.168514,0.012440,1.752262,0.884033,5.229125
00017,6,-0.383271,0.394923,-0.346659,0.759583,-0.459095,1.709867,5.108907
00018,6,-0.033363,-0.239372,-0.968696,-0.056715,-1.377125,0.378531,5.086483
00019,6,0.269630,0.100159,0.405761,-0.867540,-1.152034,-0.220995,5.395726
00020,6,0.452933,0.743550,-0.356403,-0.339060,1.182672,-1.613259,4.943027
00021,6,-0.393421,-0.676381,-0.158508,-0.602166,-0.350801,-0.116041,5.678246
00022,6,-0.270362,0.875005,-0.302474,-0.264161,-0.575124,-1.505125,5.374918
00023,6,0.053090,0.299479,-0.952438,0.018849,-0.314449,-0.957374,5.714625
00024,6,0.765072,0.576151,0.090479,0.272999,1.071167,-0.563946,4.962796
00025,6,-0.009876,-0.461750,-0.556033,0.691026,1.716721,0.926150,5.172530
00026,6,-0.012931,0.051561,0.465363,-0.883522,1.371840,1.384748,4.777055
00027,6,0.760980,0.075773,0.269272,-0.585372,-0.521759,-0.767026,4.614485
00028,6,0.879571,0.283414,0.329153,-0.194138,-1.584496,1.003412,5.342202
00029,6,-0.831552,-0.422157,-0.357034,-0.053207,0.504278,0.778614,4.783544
00030,6,0.567264,-0.213697,0.376325,-0.700660,0.950866,-0.813768,5.458005
00031,6,0.502003,0.344766,-0.495518,-0.619348,-0.206700,-0.791986,4.702308
00032,6,0.286895,-0.554606,-0.781013,-0.011054,0.469961,-1.147652,5.402157
00033,6,-0.520187,0.740361,-0.412832,0.104121,-1.814700,1.671232,5.665405
00034,6,0.933433,-0.124339,-0.193706,-0.275175,0.305843,-0.946556,4.996518
00035,6,0.930023,-0.056221,-0.028848,-0.362029,1.116914,0.893989,4.881297
00036,6,-0.651282,-0.014915,-0.657064,-0.379312,0.428873,1.424918,4.846589
00037,6,-0.669881,0.408043,0.423260,0.453444,-1.598596,-1.008947,4.956144
00038,6,0.431409,0.323085,-0.142195,0.830231,1.716458,1.267220,5.503980
00039,6,-0.641926,0.068546,0.152926,-0.748229,-1.068761,1.384496,5.082486
00040,6,-0.151499,0.565150,-0.674099,0.450826,-1.922660,-1.418665,5.628732
00041,6,0.246229,0.519140,0.733452,-0.363199,1.678209,-1.074543,5.716651
00042,6,0.761488,0.508229,-0.400422,-0.038756,-1.688785,0.321262,5.674250
00043,6,-0.499218,-0.498398,-0.682783,-0.190234,-0.305901,-0.098336,5.264892
00044,6,-0.162806,-0.525983,-0.812762,0.190408,0.022655,-0.342961,5.234884
00045,6,0.148056,-0.680567,0.557238,-0.452099,-1.690889,0.260808,5.920763
00046,6,-0.691890,0.700620,0.075419,-0.157266,1.570882,-1.067212,5.548129
00047,6,-0.552467,0.192664,0.456145,0.670517,-1.490908,-0.929816,4.680641
00048,6,-0.012124,-0.944497,-0.216000,0.247231,0.988449,-0.040072,5.944959
00049,6,-0.684421,0.286190,-0.639491,-0.201780,-0.109292,1.459337,4.645348
00050,6,-0.129374,-0.067799,-0.813321,0.563183,0.268374,0.136836,4.743241
00051,6,0.099880,0.148872,-0.279366,0.943300,1.000828,1.115550,5.483704
00052,6,-0.811339,-0.178091,0.316051,-0.458393,-1.647192,0.765586,4.832874
00053,6,-0.623548,0.223103,0.632740,-0.401315,-1.725343,-0.789286,5.336810
00054,6,-0.050141,0.773000,-0.256455,0.578091,1.186906,-1.465316,4.927309
00055,6,0.350746,-0.272707,0.698450,0.561049,-0.760816,1.041304,5.153552
00056,6,-0.767814,0.530468,0.347971,-0.089345,-1.612837,-0.901460,5.792552
00057,6,-0.680424,0.210373,-0.483839,0.508593,0.983435,-1.078624,5.694164
00058,6,0.044966,-0.732853,0.672849,0.090433,0.083790,-0.381572,4.826286
00059,6,-0.750462,0.425619,-0.380950,-0.332464,1.358408,1.662805,5.522591
00060,6,-0.241168,-0.066705,0.359204,-0.899089,-0.508081,-1.447642,4.720777
00061,6,0.126485,-0.904483,0.160748,0.374261,-1.322085,1.488114,4.998213
00062,6,0.150374,-0.928184,-0.225157,0.255276,-0.635928,1.135348,5.369189
00063,6,-0.554357,-0.510737,-0.650711,0.091719,-0.253614,0.926178,4.617743
00064,6,0.313023,0.869488,-0.211497,-0.318241,-1.745264,0.620907,5.457887
00065,6,0.609615,0.623914,-0.471254,0.130461,-1.599444,-1.673773,5.030955
00066,6,0.826237,0.139567,-0.324109,0.439099,-0.009146,-0.579221,4.986109
00067,6,0.287604,-0.654011,-0.689144,-0.120973,0.574609,-0.808633,5.476422
00068,6,0.028932,0.498829,0.677263,0.540043,-0.155142,-0.402074,5.943140
00069,6,-0.699460,-0.389629,0.364678,-0.475348,0.546183,0.433097,5.008200
00070,6,-0.058637,0.758570,-0.640390,0.105040,-1.029662,-1.750311,5.614793
00071,6,-0.718349,-0.270477,-0.625238,0.141052,-0.852496,-1.611811,4.736616
00072,6,0.160433,-0.896022,0.403571,0.092394,-1.252416,0.104320,5.128675
00073,6,0.700675,0.469043,0.132320,-0.521100,0.992614,-0.409587,5.364976
00074,6,-0.260151,-0.518295,-0.152228,-0.800324,-1.420275,0.499860,5.354675
00075,6,-0.381149,0.767668,-0.282013,-0.431138,1.377098,0.566271,5.861306
00076,6,0.802858,0.300629,0.216338,0.467161,1.101132,1.052505,5.351623
00077,6,0.315214,-0.500034,-0.599856,0.539239,0.012704,-1.161698,5.900659
00078,6,-0.320009,0.832725,0.388941,0.229973,1.097403,1.393479,5.924499
00079,6,-0.331307,0.269545,0.879153,0.211356,-1.152346,-1.081093,5.831776
00080,6,0.856106,-0.313898,-0.407669,-0.048542,-1.216825,1.084281,4.828280
00081,6,-0.704881,0.496575,0.206562,-0.462480,1.243609,-0.812563,4.666216
00082,6,0.109702,0.571700,0.367057,0.725530,-0.268568,-1.648248,5.909862
00083,6,0.921012,-0.332931,0.195463,-0.051853,1.408601,-1.129863,5.283647
00084,6,0.352765,0.800840,-0.480921,0.054104,-1.440966,-1.482315,5.424096
00085,6,-0.163885,0.391665,0.904905,-0.029769,-1.059289,0.294734,5.893152
00086,6,0.230553,0.375612,-0.868009,-0.228737,-1.372821,1.298373,4.775458
00087,6,-0.749056,0.057730,0.512340,0.416041,-1.480185,0.428476,5.909517
00088,6,0.439756,-0.618376,0.650873,0.024288,-1.408664,1.128099,5.706079
00089,6,0.367659,-0.523305,0.449791,0.623432,1.019354,-0.665710,4.686425
00090,6,-0.694192,0.021408,0.718582,-0.035762,1.452685,0.108904,4.682557
00091,6,-0.244508,0.512962,0.064917,-0.820288,0.683668,1.359559,5.591658
00092,6,0.314347,-0.218657,0.350587,-0.854672,1.201883,0.896510,5.233077
00093,6,-0.866027,-0.028467,-0.423439,0.264361,0.064628,-0.256203,5.278772
00094,6,-0.743314,0.647235,-0.160654,0.052556,1.545587,-1.467875,4.721632
00095,6,-0.051444,-0.665966,0.599240,0.441309,-1.585198,-0.436094,5.467974
00096,6,-0.084561,0.515053,-0.852973,-0.002798,-0.597064,-1.649649,5.166427
00097,6,0.969538,0.055941,0.230456,-0.061292,1.860283,-1.650226,5.757234
00098,6,0.623998,-0.630599,-0.278567,-0.367928,-0.549193,-0.130273,5.466559
00099,6,-0.484916,0.142370,-0.840216,0.196532,0.980424,0.067416,5.139327
00100,6,0.721894,0.207350,0.291089,0.592572,-0.656282,1.638765,5.419187
00101,6,-0.784241,0.404623,0.128976,0.452339,0.736418,1.454902,4.678658
00102,6,0.062469,0.870460,-0.189380,0.450036,0.308520,1.091304,5.302586
00103,6,-0.833150,-0.406359,0.345106,0.147085,-0.526826,1.167610,5.108717
00104,6,-0.747555,0.386211,0.093451,-0.532230,-1.118288,-0.116322,5.578873
00105,6,-0.053613,0.676681,0.094904,0.728164,-0.234961,1.620327,5.726241
00106,6,-0.475559,-0.219961,0.249570,0.814356,0.553325,1.548141,5.934374
00107,6,0.521918,0.612930,-0.373137,-0.461181,-1.139547,0.122806,5.197969
00108,6,0.654994,-0.463035,-0.402753,0.440875,-1.259063,-0.146876,4.671777
00109,6,-0.347660,-0.034295,0.621761,0.700978,-1.458666,1.111368,4.981862
00110,6,0.160512,-0.909850,0.369808,0.098236,0.832748,-1.747094,5.294459
00111,6,0.197730,0.681394,0.386206,0.589449,1.061939,-1.444149,5.050082
00112,6,0.089995,-0.069871,0.959902,0.256140,1.028712,-0.107436,5.350383
00113,6,0.727149,0.367852,0.218182,0.536969,-0.040701,-0.474210,4.827174
00114,6,-0.489099,0.037819,-0.560217,-0.667464,0.717616,-1.795915,5.461553
00115,6,0.182620,-0.500609,-0.783127,-0.320550,0.774639,-1.698316,5.263029
00116,6,0.110025,-0.909490,-0.330915,0.226313,-0.965295,-1.115624,5.400152
00117,6,0.900664,-0.017805,-0.433521,-0.023399,-0.591959,0.831640,5.084920
00118,6,-0.170923,-0.062892,-0.982406,0.041340,-0.923711,0.371412,4.762550
00119,6,0.488274,0.396780,-0.512483,0.584393,-0.115056,0.427126,5.128186
00120,6,0.834004,0.213580,0.419089,0.288418,0.919845,-1.728562,5.476002
00121,6,-0.302361,0.759399,-0.089549,0.569098,0.957811,0.164578,5.695369
00122,6,0.327300,-0.563659,-0.286343,0.702261,0.965465,-1.475249,5.245304
00123,6,0.196901,0.448911,0.692158,0.529742,-1.527447,0.475715,5.366894
00124,6,-0.296192,-0.023468,-0.667068,0.683184,0.056628,0.505656,5.358137
00125,6,-0.852531,0.380059,0.251220,-0.256193,-0.746617,1.074383,5.854592
00126,6,0.304964,0.813978,-0.358350,0.340622,-0.857894,0.074609,5.533464
00127,6,0.598709,0.372825,0.702852,-0.092459,1.407191,0.341347,4.649736
00128,6,-0.657309,0.371910,0.010319,-0.655379,-0.291691,-0.450735,5.141886
00129,6,-0.678480,-0.573718,-0.380355,0.256600,0.576458,1.311810,5.526328
00130,6,0.198371,-0.785456,-0.174092,-0.559821,-0.305225,1.177670,4.924004
00131,6,0.358248,-0.921387,-0.148557,0.025218,-0.939217,-0.263631,4.926647
00132,6,-0.780353,-0.261479,-0.071320,0.563553,1.340346,-0.228121,5.132721
00133,6,0.350562,-0.694934,0.435809,0.451934,1.618451,-1.447320,5.046498
00134,6,0.040049,-0.501776,-0.812293,0.294614,0.349364,1.589989,4.934858
00135,6,0.565224,0.577261,-0.298192,0.508303,-0.102055,0.935657,5.752033
00136,6,-0.177663,0.742862,0.584074,0.274681,-1.364405,-0.549332,4.673528
00137,6,0.182343,-0.874059,-0.385893,-0.232073,0.755788,-1.460127,5.637578
00138,6,0.466325,-0.572259,-0.235912,-0.631986,0.465101,1.594637,4.858197
00139,6,-0.114018,-0.428426,-0.271041,0.854393,0.295341,-0.875629,4.926548
00140,6,-0.463552,0.212419,-0.002142,-0.860228,0.698432,-0.372190,5.399803
00141,6,0.859782,0.000009,0.448161,0.244801,-1.176847,0.907845,4.858855
00142,6,0.272450,-0.296720,0.896190,-0.185937,0.770697,1.396370,5.195673
00143,6,-0.091125,0.214043,-0.441773,0.866440,-0.201380,0.734262,4.693962
00144,6,0.707565,0.402705,0.179055,-0.552376,-1.319854,-1.639504,5.187678
00145,6,0.230513,-0.556679,0.781224,-0.163282,-1.079564,-0.042014,5.632850
00146,6,0.877245,-0.199526,0.080108,0.429200,0.692321,1.351152,5.272380
00147,6,0.491287,0.112485,-0.737856,0.448946,-0.618912,0.570278,5.580449
00148,6,-0.270135,0.188259,0.854958,-0.400790,-1.556930,1.209363,4.947427
00149,6,-0.275552,0.642045,0.171487,-0.694580,1.615723,0.175307,5.294123
00150,6,0.038561,-0.868683,0.197371,0.452711,1.486941,0.971962,5.122575
00151,6,-0.025444,0.072701,0.152524,0.985294,-1.319493,-0.919654,4.751776
00152,6,0.796533,0.493242,0.182598,-0.298169,0.891318,0.163068,5.498311
00153,6,-0.481861,0.835097,0.260661,-0.049797,-0.260031,0.087877,4.669110
00154,6,0.525526,-0.846172,-0.055179,-0.069076,-0.498213,-0.018801,5.264268
00155,6,0.407296,0.371431,0.399409,0.732545,-1.705694,0.178300,5.468088
00156,6,-0.176108,0.373415,-0.101707,-0.905098,-0.833859,-0.621135,4.780233
00157,6,-0.611612,-0.560504,-0.147733,-0.538462,0.391236,0.937447,4.635207
00158,6,-0.261956,-0.218273,0.292488,0.893413,-0.976492,1.533574,5.570060
00159,6,0.336399,-0.341989,-0.484542,0.731504,0.837183,-0.259073,5.362820
00160,6,0.215452,-0.578392,-0.761869,0.196468,-0.852530,-0.576840,5.464733
00161,6,0.450174,0.877761,-0.155000,-0.053423,-1.297157,-0.337029,5.882098
00162,6,0.382168,-0.637364,-0.660871,0.104709,0.835677,0.787504,5.690231
00163,6,-0.545869,-0.287065,-0.128786,-0.776553,-1.204886,0.943888,5.178981
00164,6,0.601126,-0.657437,0.419453,0.174593,0.278065,-1.814023,5.487233
00165,6,-0.211989,0.245819,0.640404,-0.696072,-0.365998,0.395815,5.270216
00166,6,-0.334177,-0.120233,-0.702024,-0.617278,1.392896,0.734547,4.893067
00167,6,-0.230354,-0.429468,0.598680,-0.635670,0.592729,1.679416,5.831827
00168,6,0.271754,-0.314435,-0.766632,0.489445,-0.587835,1.710547,5.100034
00169,6,0.087890,0.592371,0.792140,-0.117840,-1.750066,0.294167,5.127775
00170,6,-0.947291,-0.239285,0.104703,-0.185524,-0.314338,0.622108,4.861666
00171,6,0.048100,-0.026323,-0.998316,0.018919,1.149581,-0.101874,5.154211
00172,6,-0.828296,0.302546,0.068248,-0.466619,0.661921,-1.935870,5.825614
00173,6,0.307230,-0.651772,0.414310,-0.556014,0.972151,-0.473939,4.948905
00174,6,0.253704,0.231350,0.306327,0.887849,-0.313116,0.898164,4.652199
00175,6,0.281033,-0.156898,-0.149249,0.934948,-1.069343,-1.852659,5.819731
00176,6,0.164345,-0.549030,0.598418,0.559869,1.453856,-1.694665,5.027196
00177,6,0.383064,-0.678700,-0.085965,-0.620675,-1.433903,-0.458848,4.878569
00178,6,0.024629,-0.039719,-0.856836,-0.513466,1.064580,-0.365706,4.658537
00179,6,-0.117937,0.045396,-0.575156,-0.808224,-0.547738,-0.058038,4.935541
00180,6,-0.199301,0.528395,0.824464,-0.036566,1.162669,-1.366923,5.652300
00181,6,0.182862,-0.878123,0.371251,0.240072,0.778601,0.522713,5.418977
00182,6,-0.332701,-0.800003,-0.119363,-0.484827,-0.594561,1.649578,5.359570
00183,6,0.609183,0.171064,-0.747263,-0.203054,0.847409,-0.324796,4.950311
00184,6,-0.039391,0.712891,0.226128,0.662647,-0.607723,1.319008,5.461332
00185,6,0.602250,0.598416,0.523073,-0.074757,1.579096,-0.012487,5.353324
00186,6,0.003039,-0.072981,0.473816,0.877589,-0.984718,-1.196405,4.631543
00187,6,0.742370,-0.280013,-0.122992,0.596115,-0.060327,0.702079,5.327763
00188,6,-0.403100,-0.374704,0.702489,0.451238,-1.003792,0.034085,4.774864
00189,6,-0.145774,0.112586,-0.130048,0.974249,0.787118,1.727008,5.175038
00190,6,-0.477339,-0.728910,0.373769,0.318016,-0.659944,-1.575135,5.380103
00191,6,-0.342975,0.693367,0.629913,0.069419,-0.416626,-0.133450,5.621532
00192,6,0.390105,0.594031,0.598805,0.369294,1.389287,0.386100,5.793849
00193,6,0.135586,-0.819644,-0.290505,-0.474771,0.601857,1.101790,5.051170
00194,6,-0.575484,0.735135,0.337446,-0.120517,0.446496,0.521435,5.449765
00195,6,0.357145,0.033384,0.280538,-0.890299,-1.357186,-1.504965,5.000063
00196,6,-0.117701,0.385087,0.703237,-0.585929,1.137720,-0.831830,5.713359
00197,6,0.736177,0.110380,0.254947,-0.617141,1.481569,-0.136826,5.322968
00198,6,0.146253,-0.892722,0.082538,-0.418145,-1.692453,0.005980,5.547123
00199,6,-0.482028,0.380745,-0.644716,-0.454998,-1.146463,-0.314822,5.094886
00200,6,-0.889012,-0.201503,-0.353384,-0.210178,1.063168,-1.575768,4.979304
00201,6,-0.740983,0.465630,-0.440816,0.199538,-1.398360,-1.241276,5.158640
00202,6,-0.130528,-0.793510,-0.089436,0.587627,-0.613326,0.346517,5.025027
00203,6,-0.350171,-0.862950,0.350601,0.098881,-0.025552,1.276299,5.194847
00204,6,0.731654,0.410739,0.540644,-0.060661,1.382359,-0.994957,4.885659
00205,6,0.439576,-0.500166,0.211558,0.715437,-1.734882,0.474545,5.230099
00206,6,0.055327,0.522993,0.103593,0.844207,-0.482370,-1.022016,5.734459
00207,6,-0.446866,-0.876093,-0.177181,-0.037137,-0.847748,0.461815,5.487467
00208,6,-0.462305,-0.433285,-0.743298,0.214585,-0.624298,-0.983808,4.690155
00209,6,0.547057,-0.283256,0.426363,0.662351,0.750206,-1.715338,5.077703
00210,6,0.347743,0.126426,0.928257,-0.037807,1.548886,-0.385014,5.562876
00211,6,0.164912,-0.782300,-0.413502,-0.435691,-0.300300,-1.325781,4.620809
00212,6,-0.011993,-0.324940,-0.417046,-0.848730,0.616598,-0.913996,5.002785
00213,6,-0.135476,0.372042,-0.419857,0.816670,0.906755,1.598152,4.748816
00214,6,-0.543427,0.302146,0.152395,-0.768226,-0.704636,-1.035132,5.339986
00215,6,-0.610032,0.204475,-0.719849,-0.260517,-1.478554,-1.258185,5.803863
00216,6,-0.238780,0.725658,-0.605478,-0.223164,1.411388,-0.819056,4.879763
00217,6,0.484275,-0.550108,0.668056,-0.128684,0.416897,-1.336768,5.136067
00218,6,0.680391,0.571498,0.452983,0.072552,0.475546,0.653505,5.773550
00219,6,0.413346,-0.301314,0.551372,-0.659048,-1.732377,1.229287,5.074079
00220,6,-0.316002,0.148441,0.927771,-0.131717,-0.100251,0.766595,4.954809
00221,6,-0.483867,-0.643257,-0.167950,0.569110,-1.630701,1.539898,4.879695
00222,6,-0.078860,0.470363,-0.260466,-0.839462,-0.092632,1.554286,4.759031
00223,6,-0.658715,-0.398487,-0.636057,0.052286,-1.365200,-1.059106,4.893827
00224,6,0.028588,-0.486481,-0.717882,0.497156,0.882692,-0.158686,5.563284
00225,6,0.315531,-0.229693,-0.331396,0.858987,-0.464031,0.223240,5.030795
00226,6,-0.908338,-0.373862,0.185718,-0.025661,1.605326,0.662369,4.817299
00227,6,0.788240,-0.057868,0.292486,-0.538312,1.642413,-0.621178,5.321170
00228,6,0.039952,-0.788060,0.614299,0.001631,-1.130464,0.537795,5.477923
00229,6,0.480276,-0.836420,0.093811,-0.246853,0.587499,-0.607975,5.425779
00230,6,0.336109,0.247797,0.840872,0.344327,1.618197,1.161715,5.344390
00231,6,0.636728,-0.506513,-0.565222,0.136185,-0.163728,1.038886,5.848009
00232,6,-0.100379,0.381164,-0.465123,-0.792653,0.802871,-1.064530,4.858827
00233,6,-0.607636,0.709774,0.024409,-0.355532,-1.024464,-1.434421,5.718473
00234,6,0.863361,0.350163,-0.182405,0.314201,-1.514777,-1.894273,5.786810
00235,6,0.275037,-0.196046,0.624098,0.704572,1.322414,-0.484053,5.479976
00236,6,-0.429308,0.380140,0.213818,-0.790866,0.745101,-0.675938,4.759528
00237,6,0.801051,-0.581285,-0.050077,-0.133857,1.221042,0.573213,5.344113
00238,6,0.320484,-0.261875,-0.560162,0.717586,-0.278154,0.775046,5.294697
00239,6,0.377535,-0.400768,0.288894,-0.783194,-0.993860,1.442873,5.296474
00240,6,0.693284,-0.039366,0.488853,0.528044,-0.581043,0.483890,5.617096
00241,6,0.572920,-0.161006,-0.482153,0.642937,0.045504,-0.802227,4.741010
00242,6,0.598342,0.456149,-0.653748,0.080793,-1.532257,1.155143,4.859339
00243,6,0.779269,0.020514,-0.546733,-0.305618,-1.661766,-1.214824,4.958528
00244,6,0.553052,-0.223356,0.239887,0.765963,1.962548,0.955992,5.911609
00245,6,-0.593878,-0.035348,0.616392,0.515869,-0.080041,1.626085,5.444647
00246,6,0.870738,-0.195679,0.201836,-0.403469,0.687458,-1.051043,4.904120
00247,6,-0.144969,0.516617,-0.834335,-0.126394,-1.687934,-1.171134,5.723103
00248,6,-0.667320,-0.608501,-0.426255,0.052119,0.984542,0.887962,4.821141
00249,6,0.038898,0.943641,-0.319649,0.076511,1.802221,1.451198,5.565460
00250,6,0.531011,-0.196584,0.780082,0.266185,-1.375275,-0.742919,5.208654
00251,6,-0.283732,0.764183,-0.438998,-0.377891,-1.494834,1.942996,5.880714
00252,6,0.450578,-0.803137,0.275976,-0.275296,0.961610,-0.532169,4.982785
00253,6,0.765847,0.515523,0.374743,-0.085334,1.571246,0.715441,4.794108
00254,6,-0.282380,-0.823483,0.490468,-0.039732,-1.106396,0.728021,4.758094
00255,6,-0.856511,-0.180477,-0.066625,-0.478934,-0.419408,1.712055,5.922104
00256,6,0.957396,-0.213015,0.180266,-0.074306,-0.710707,0.964222,4.856507
00257,6,-0.172853,0.814972,0.481396,0.272396,0.844746,0.485629,5.029706
00258,6,0.641783,0.463553,-0.408446,-0.454317,-0.312097,-1.757252,5.357883
00259,6,0.638586,-0.171591,-0.471298,-0.583646,-1.349215,-0.509800,4.910741
00260,6,0.339587,0.464066,-0.378639,0.725229,-0.401166,0.858279,5.297533
00261,6,0.229958,0.863930,0.352401,0.276690,-0.625647,1.134390,4.640127
00262,6,0.628884,-0.696149,0.204477,0.279412,-0.476772,-0.703279,5.710780
00263,6,0.036780,0.227476,0.972415,-0.036217,1.232159,-1.032937,5.565660
00264,6,0.909422,-0.350655,0.018012,0.222862,-1.086126,-0.228325,4.831517
00265,6,-0.337240,-0.127008,0.914560,-0.183626,1.581381,1.105916,5.018926
00266,6,-0.714544,0.660261,-0.204855,0.107314,-0.754016,1.157760,5.355168
00267,6,0.170807,0.391795,0.765290,-0.481303,-0.489510,0.401638,5.300855
00268,6,0.504964,0.312510,0.803697,-0.037674,-1.167726,0.555589,5.163923
00269,6,-0.677024,-0.219660,0.334834,0.617474,0.965745,0.473510,4.810580
00270,6,0.354596,0.335895,-0.657300,0.573927,-0.742899,1.279373,5.774330
00271,6,0.196717,-0.038203,0.525202,-0.827047,-0.201929,0.017978,4.672086
00272,6,-0.954147,-0.025038,-0.082339,0.286700,-1.961188,-0.280871,5.781966
00273,6,-0.853811,-0.185927,-0.279154,0.398133,-0.209744,-0.870464,4.712708
00274,6,-0.875300,0.398925,0.193997,-0.192547,-0.425979,1.031532,5.604002
00275,6,-0.398277,0.722869,0.214975,0.522132,-1.941939,1.729452,5.785414
00276,6,0.259396,-0.613402,-0.071863,-0.742488,1.595914,-0.332960,5.725904
00277,6,0.178000,-0.819138,0.180689,0.514471,-1.699030,1.573942,5.903431
00278,6,0.166298,0.800253,-0.084881,0.569855,-0.210943,-0.246510,5.577443
00279,6,0.149258,-0.301047,-0.354744,-0.872496,-0.518644,1.881469,5.600588
00280,6,-0.890864,-0.050734,-0.283953,-0.350939,0.287394,-0.527661,5.838050
00281,6,-0.288619,0.173930,0.162394,0.927403,0.036606,-0.815112,4.915227
00282,6,-0.244058,0.793731,0.463321,0.309452,1.281951,-0.368460,5.529080
00283,6,-0.192719,0.571355,-0.339091,-0.722101,-1.384483,-1.755687,5.296915
00284,6,0.787293,-0.063077,0.370465,-0.488821,1.236830,-1.622853,5.819652
00285,6,-0.454995,0.111777,-0.241071,0.849924,0.621366,0.518079,5.608280
00286,6,-0.823925,-0.183095,-0.520744,0.128261,-0.578855,0.995528,4.822007
00287,6,-0.803853,-0.554598,-0.193310,0.094199,1.422198,0.496130,5.005706
00288,6,-0.691497,-0.677890,-0.022139,0.248612,0.488212,-0.970599,5.839545
00289,6,0.219978,0.387258,-0.889768,0.099772,-1.458509,0.962392,5.220505
00290,6,0.822645,-0.516352,-0.226076,0.074330,0.873126,-1.003498,5.819874
00291,6,-0.586188,0.610750,-0.499521,0.183974,1.711550,-1.591255,5.518344
00292,6,0.858661,-0.113249,0.430393,0.254239,1.688154,-0.802758,5.479772
00293,6,-0.095890,-0.196399,0.382685,0.897655,0.165867,1.798451,5.933651
00294,6,0.084974,-0.757559,-0.526981,-0.375733,1.058375,0.454270,5.434851
00295,6,0.885239,-0.238659,-0.105802,0.384967,0.102842,-0.142852,4.922409
00296,6,0.388788,0.563574,0.454315,0.569935,1.011775,0.777857,5.481735
00297,6,-0.227422,-0.554459,0.186688,-0.778461,-0.080168,-1.276598,4.846348
00298,6,-0.483109,0.263939,-0.582834,-0.597701,0.664052,0.561484,5.391583
00299,6,-0.589975,-0.286695,-0.522212,-0.545005,0.277501,0.388749,4.624157
00300,6,-0.258497,0.500159,0.088584,0.821689,-1.364321,-0.505049,5.464970
00301,6,-0.627249,-0.620177,0.272103,-0.384578,1.253902,-0.906111,4.634495
00302,6,0.518929,0.039407,0.731218,0.441000,-0.381942,1.011188,4.642849
00303,6,0.122388,-0.902263,0.218144,0.351220,-1.874648,-1.333404,5.674993
00304,6,-0.814011,-0.015818,-0.504605,-0.287246,-0.315128,0.914013,5.029418
00305,6,0.852413,-0.251404,0.216398,0.404179,1.172755,0.100787,4.629954
00306,6,-0.474502,-0.260214,-0.817415,-0.197407,-0.496309,-0.068856,5.646367
00307,6,-0.584405,-0.605757,0.319028,0.435603,-1.323881,0.329390,5.268734
00308,6,0.237551,-0.717511,-0.470916,0.454958,-1.560557,0.123089,5.632991
00309,6,0.068085,-0.085263,0.609374,0.785339,-0.057680,1.034965,4.621651
00310,6,-0.126831,0.920833,0.215461,-0.299259,0.635399,0.139727,5.281774
00311,6,-0.330910,0.127494,-0.764669,0.538075,-0.397190,-1.464565,4.624241
00312,6,-0.269205,-0.836020,-0.181866,0.442180,1.237866,0.745901,4.830908
00313,6,-0.451807,0.544710,-0.457334,-0.538524,0.220339,-1.876321,5.508450
00314,6,-0.630981,-0.555494,0.206836,-0.500508,0.224548,-1.473742,4.994670
00315,6,-0.242874,-0.219019,0.572066,-0.752186,0.750348,0.558371,4.618152
00316,6,0.314305,0.134869,-0.302074,-0.889817,-0.849838,1.627432,5.927502
00317,6,-0.409441,0.610092,0.638496,0.229060,-0.873170,-0.050549,4.795172
00318,6,-0.667370,-0.602554,0.216338,0.380453,1.491209,1.454367,5.046764
00319,6,0.198442,-0.836910,0.424251,0.283220,-0.675787,-0.680563,5.130504
00320,6,-0.227289,-0.040577,0.625502,-0.745279,0.208241,-0.379030,5.344640
00321,6,-0.606166,0.123028,0.764311,-0.182364,-1.402031,0.891794,5.103213
00322,6,0.223801,0.294269,-0.880381,-0.297067,0.065245,-0.732803,5.614681
00323,6,-0.018038,-0.421126,-0.650064,-0.632253,1.497802,-0.956630,5.529220
00324,6,-0.705262,-0.627766,-0.270768,0.187617,-1.306542,-0.373912,5.545190
00325,6,-0.550804,-0.458664,-0.501085,-0.484929,-1.027520,0.198935,5.735141
00326,6,0.472856,0.420962,-0.758802,0.153026,-1.286958,-1.105168,4.864407
00327,6,-0.897834,0.249291,0.224015,0.285596,0.329463,1.221293,5.516051
00328,6,-0.569133,-0.462129,-0.007782,-0.680047,-0.498878,-1.092375,5.191509
00329,6,0.180324,0.786766,0.303499,-0.506330,-1.052781,-0.340482,5.048792
00330,6,0.696813,-0.218784,0.637527,0.245243,0.532691,-0.490706,5.270642
00331,6,0.043913,-0.964666,0.231434,-0.118020,1.577099,-0.014501,5.666946
00332,6,-0.892903,0.225522,0.351862,-0.167504,0.242315,1.509942,5.524402
00333,6,-0.373454,0.577419,0.385419,0.615282,0.972831,-0.768046,5.772645
00334,6,-0.342005,-0.054448,-0.524752,0.777627,-1.677617,1.552490,5.944278
00335,6,0.521581,-0.808956,-0.268027,0.041278,-0.360830,0.187794,5.262800
00336,6,0.278677,0.189795,0.862172,-0.378121,-1.565891,-0.202008,4.921266
00337,6,0.464185,0.494757,0.594307,0.431910,-0.704195,0.744743,5.150518
00338,6,0.376168,-0.370732,0.183017,0.829193,-0.436418,-0.437929,4.609886
00339,6,0.094573,0.382967,0.534135,0.747724,1.506211,0.270999,5.578240
00340,6,0.867109,-0.018521,0.482606,-0.121945,1.296001,0.036194,4.987404
00341,6,0.205385,0.045328,0.960658,-0.181381,-0.946466,-1.692866,5.249195
00342,6,0.447187,0.787979,0.160872,0.391449,0.801271,0.783096,5.580371
00343,6,0.295760,-0.142547,0.046898,-0.943402,-0.644072,0.631866,5.821221
00344,6,-0.442006,0.565690,-0.255564,0.647543,-1.928226,0.889754,5.830900
00345,6,-0.617501,0.416762,-0.420150,-0.518147,0.254790,-0.162728,5.547679
00346,6,0.762789,-0.392931,0.271531,0.435923,0.159430,1.477878,4.724452
00347,6,0.245200,-0.462283,0.032975,0.851519,-0.743439,0.218292,5.936881
00348,6,-0.686360,0.024853,0.170533,0.706548,0.573282,-0.640807,5.611786
00349,6,-0.132143,0.044987,0.732054,-0.666791,-1.354187,0.502507,5.364794
00350,6,-0.307408,-0.152931,-0.093249,-0.934568,-0.620148,1.600463,5.080485
00351,6,0.718925,0.244197,0.215182,-0.614175,-1.625434,0.739036,5.605448
00352,6,0.313018,-0.667871,0.675115,-0.013691,0.504161,-0.951977,4.848811
00353,6,0.359915,0.227253,-0.529040,0.734121,-1.137953,0.020733,4.861256
00354,6,-0.631154,-0.387107,-0.023302,-0.671751,-1.359611,0.309513,5.363758
00355,6,0.508738,-0.765555,0.035771,-0.392214,0.869921,-0.807327,4.907128
00356,6,0.270483,-0.260436,0.009138,-0.926784,-0.546601,0.438594,4.942466
00357,6,-0.410795,-0.693753,-0.522821,-0.276788,0.568730,-1.314872,5.649471
00358,6,0.789510,0.307547,0.501985,-0.173492,-0.352904,-1.118860,5.424176
00359,6,-0.599885,0.224905,-0.293819,-0.709384,-1.288103,1.966999,5.932765
00360,6,-0.133045,-0.908992,0.238926,-0.314560,-1.065985,-1.759888,5.192639
00361,6,-0.459917,-0.651247,0.221272,0.561598,-0.349211,-1.366136,5.599568
00362,6,0.434958,0.261094,0.625370,-0.592919,0.359935,0.734751,5.041487
00363,6,-0.969636,-0.070610,-0.233998,-0.008082,-1.609292,2.006812,5.905157
00364,6,0.916950,-0.300065,-0.262012,-0.022647,1.541856,-1.580172,4.775929
00365,6,-0.389248,0.778512,-0.178806,-0.458730,1.335606,-0.770230,5.748242
00366,6,0.075660,-0.713794,-0.519710,-0.463330,1.628804,0.076774,4.813243
00367,6,-0.713208,0.212938,-0.649025,0.157346,-0.524811,-1.172347,5.587911
00368,6,-0.583979,0.742489,-0.204652,0.256509,-0.011068,-1.856422,5.566828
00369,6,0.018305,0.755661,-0.633907,-0.163718,0.913378,0.078401,4.757493
00370,6,0.323750,0.468913,-0.671321,-0.473956,-1.614701,-0.873591,5.135223
00371,6,0.252547,-0.839439,-0.389268,-0.282899,-1.466475,-1.916252,5.871130
00372,6,-0.504208,0.488557,0.685592,0.192484,0.756482,0.189888,5.552030
00373,6,-0.381333,-0.058875,-0.096524,0.917498,-0.685309,0.306130,5.083829
00374,6,0.015849,0.349564,0.680068,-0.644253,0.968584,0.194154,5.800257
00375,6,-0.642515,-0.332047,-0.563611,-0.399077,-1.158053,0.873747,5.239872
00376,6,0.818945,0.076194,-0.296564,0.485359,-1.671011,1.504542,4.914731
00377,6,0.598477,0.240893,0.218075,-0.732283,-0.416541,-1.259099,5.558213
00378,6,-0.946165,-0.227364,-0.201079,0.112450,0.528773,0.800505,5.351818
00379,6,0.888887,-0.341577,-0.212604,-0.219101,0.460457,0.361399,5.003138
00380,6,0.616939,-0.195250,0.555005,-0.522717,-0.936079,0.798928,5.420415
00381,6,0.962310,-0.079883,0.255333,0.048824,-1.636456,-0.869798,5.322437
00382,6,-0.899670,-0.101848,-0.086012,0.415719,-1.023245,0.442009,5.903461
00383,6,0.844345,-0.516996,-0.097889,-0.101064,-1.432606,-1.622422,5.198903
00384,6,0.688223,0.499929,-0.521242,0.068752,-1.236539,-0.805365,4.668644
00385,6,0.378792,0.297753,-0.652305,-0.585114,0.293340,0.421571,4.610957
00386,6,0.206856,-0.713343,-0.465870,0.480955,0.840915,-1.272559,4.615915
00387,6,0.767463,0.171859,-0.353490,0.506469,-0.492091,-0.401506,5.937516
00388,6,0.589871,0.380083,0.709159,-0.068434,-1.378275,-1.271272,4.723360
00389,6,0.299866,0.807721,0.414088,0.293596,-0.636251,0.372145,5.585753
00390,6,-0.360073,-0.920651,0.007310,0.150654,1.476732,1.092896,4.809639
00391,6,-0.371001,-0.217751,-0.233107,0.872126,-0.960183,0.967702,4.863292
00392,6,-0.761773,0.058818,-0.323884,0.557980,1.572291,0.135127,5.165658
00393,6,0.608129,-0.241806,0.605345,0.453063,-1.096831,-1.291540,4.841420
00394,6,-0.493439,0.043739,0.305185,-0.813306,-1.909963,1.957861,5.932113
00395,6,0.749603,0.609534,0.057086,-0.251607,1.430841,1.298919,4.688931
00396,6,0.182274,-0.518045,-0.807104,0.216770,-0.616632,0.149892,5.476733
00397,6,0.814468,0.042602,0.278173,0.507392,-1.436620,-0.578705,5.710844
00398,6,-0.619689,-0.214603,-0.540209,0.527357,0.969508,-0.546604,4.950542
00399,6,0.632478,-0.583115,0.478996,-0.174674,-1.646074,-0.634662,5.581940
00400,6,0.239701,0.542013,0.735282,0.328826,-1.524875,-0.922834,4.992708
00401,6,0.292214,-0.035205,0.559429,-0.774861,-1.412292,-0.934350,5.174683
00402,6,-0.194291,-0.056343,0.019829,-0.979124,0.151487,0.373241,4.822092
00403,6,-0.811335,0.209550,0.544110,0.042052,0.171389,0.557361,5.384291
00404,6,-0.050460,0.221367,0.289419,-0.929886,-1.278782,0.593850,5.475965
00405,6,-0.560448,0.452339,-0.577449,-0.384501,-1.838119,1.428024,5.913435
00406,6,0.644760,0.671043,-0.070374,-0.359213,1.263043,-0.140359,5.654188
00407,6,-0.061188,0.735020,-0.532121,-0.415751,0.953481,-0.629814,5.435461
00408,6,0.300244,-0.585697,-0.357099,-0.662792,-1.284342,-1.310286,4.768329
00409,6,-0.449014,-0.129657,-0.751221,0.466094,-1.034172,1.198845,4.951485
00410,6,0.161527,-0.907178,0.337378,-0.192647,-1.245720,0.531815,5.627101
00411,6,0.162057,0.686630,0.181739,-0.685016,0.985027,-0.319179,5.338462
00412,6,0.576617,0.390665,-0.554565,-0.455358,0.315399,-0.802891,5.911508
00413,6,0.222181,-0.701620,-0.037339,0.675996,1.119884,1.500027,4.743668
00414,6,0.842252,-0.424078,-0.330563,-0.038693,-1.227113,-1.828327,5.413468
00415,6,-0.463482,-0.278355,-0.750391,0.380283,-1.756318,1.320849,5.356927
00416,6,0.617020,-0.629090,-0.097602,0.462608,1.543835,1.648385,5.018290
00417,6,0.420776,0.328456,-0.681078,0.501196,1.242963,-0.916100,5.464568
00418,6,-0.738864,-0.171050,-0.629923,-0.167389,0.232652,1.660870,4.992162
00419,6,0.231824,-0.831904,-0.495686,-0.092134,-0.822496,-1.488344,4.796118
00420,6,0.569342,-0.708507,0.387386,0.154270,0.804426,0.605481,4.861751
00421,6,-0.931836,0.023807,0.345660,-0.107862,-1.745766,1.130795,5.251207
00422,6,0.521261,0.244822,-0.750866,-0.323342,0.592419,-0.490267,5.588933
00423,6,0.666372,0.573342,-0.394256,-0.267934,-0.630904,0.211731,5.763777
00424,6,-0.317570,0.624730,-0.572226,0.425934,1.648005,1.256783,5.840750
00425,6,0.720424,-0.523436,-0.454957,0.004306,-0.296565,0.238781,4.715205
00426,6,0.523141,-0.839016,-0.024225,0.147613,-0.996538,-1.002049,4.819839
00427,6,0.737270,-0.035712,0.050452,0.672765,0.599849,-1.460550,5.111402
00428,6,0.757605,-0.025143,0.649097,-0.063841,1.537089,0.227328,4.885682
00429,6,-0.449773,0.174139,-0.754855,0.444492,-1.424706,-1.639460,5.867685
00430,6,-0.685246,0.628701,0.144868,0.337914,-0.448325,-0.417212,4.789256
00431,6,0.276183,0.177880,0.308138,0.892823,-0.351250,0.641772,5.815198
00432,6,0.307633,-0.836025,-0.002014,0.454336,0.029952,-1.728761,5.866592
00433,6,-0.236663,-0.670025,0.527664,-0.465433,0.171937,0.606075,5.572420
00434,6,-0.311574,0.356147,0.803293,0.361664,0.698968,0.627105,4.948932
00435,6,0.978894,0.001565,0.154512,-0.133751,-1.583165,-1.286883,5.189705
00436,6,0.207580,-0.428933,0.122640,0.870567,1.145080,-0.240116,4.840690
00437,6,0.035849,0.757570,-0.488664,-0.431289,-0.020289,0.779473,5.697659
00438,6,0.308464,0.731435,0.491320,0.358410,-1.157183,-1.481488,4.970100
00439,6,-0.702923,-0.516743,-0.371631,0.317437,-0.420504,0.095889,5.764783
00440,6,0.020149,0.726706,-0.489015,0.482034,0.940845,-1.111072,5.094742
00441,6,-0.445120,-0.276861,0.165922,-0.835276,-0.540209,1.124385,5.525353
00442,6,-0.129445,-0.533960,-0.830767,0.089198,-1.060457,0.263201,4.967344
00443,6,-0.002839,0.626983,-0.094827,0.773235,-1.880418,-1.578917,5.518147
00444,6,0.389289,0.073623,-0.357186,-0.845844,-0.246204,0.593668,5.194139
00445,6,0.256727,0.560768,0.782729,-0.083459,1.796408,1.527220,5.375908
00446,6,0.873161,0.181101,0.447350,-0.068336,0.011356,-1.763957,5.239534
00447,6,-0.631430,0.661628,0.340496,-0.218191,-1.639014,-0.510030,4.948971
00448,6,0.533220,0.536192,-0.606317,-0.246079,1.411384,1.549214,4.729121
00449,6,-0.503793,0.327312,-0.682059,-0.416960,-1.436845,0.547463,4.808854
00450,6,-0.616902,0.018704,-0.100724,-0.780344,-1.029141,-1.009157,5.783413
00451,6,-0.588050,0.544313,0.493820,-0.337731,0.659605,-0.363822,5.645728
00452,6,0.433374,-0.523141,0.523669,0.514084,0.161529,0.085718,5.453290
00453,6,0.591027,0.629666,0.469267,-0.184378,-0.496899,1.304303,5.556280
00454,6,-0.030031,0.396467,-0.045177,-0.916445,0.006110,-1.344869,5.752334
00455,6,0.057040,0.955674,-0.287131,-0.031467,1.406198,0.758405,5.809265
00456,6,-0.322100,0.451228,0.648173,-0.522032,-0.923673,-0.674718,5.874484
00457,6,-0.023822,-0.325452,-0.917848,0.225985,-0.704813,-0.988441,4.751322
00458,6,-0.463737,0.208705,0.665122,-0.546811,-0.372476,-1.632567,5.036693
00459,6,0.017981,-0.220440,-0.243390,0.944375,-0.576343,1.771381,5.389116
00460,6,-0.184204,-0.335132,0.873883,-0.300139,-0.143093,-0.208077,4.930329
00461,6,-0.533914,0.823375,0.119385,0.150791,-1.556154,1.834922,5.871672
00462,6,-0.299757,-0.348011,0.884835,0.078104,0.671905,-0.110373,4.778999
00463,6,0.172174,0.264618,0.905106,-0.284811,1.664457,0.664063,5.803021
00464,6,-0.090407,-0.099297,-0.525001,-0.840441,1.148033,-1.919402,5.660688
00465,6,0.485406,0.453479,-0.663928,-0.343419,-1.535034,0.477508,5.687703
00466,6,0.354605,-0.932438,0.037518,-0.058361,1.616119,1.359805,5.934138
00467,6,-0.758237,0.513665,-0.208676,0.343043,-1.298941,-0.846825,5.586909
00468,6,0.755088,0.253226,-0.492761,-0.350578,1.723454,1.945798,5.739510
00469,6,0.446437,-0.055657,0.274399,-0.849883,-1.190475,-1.430978,5.620490
00470,6,-0.543793,-0.391445,0.742322,-0.004211,-1.159185,-0.922434,4.931069
00471,6,-0.248165,-0.213828,-0.553309,-0.765859,-1.528285,0.063482,5.748795
00472,6,-0.276855,0.602279,0.715007,0.222206,-0.512951,1.377011,5.801856
00473,6,0.233118,-0.629012,-0.640497,-0.373849,1.155535,0.954882,5.328076
00474,6,0.782393,-0.293692,0.136680,-0.531908,-1.131113,0.370690,5.510449
00475,6,0.600900,0.009727,0.054208,-0.797425,0.062454,0.845984,4.686612
00476,6,-0.315372,-0.243978,0.912479,-0.091638,-0.694106,0.298544,4.826996
00477,6,0.296360,0.541241,0.051712,0.785210,1.039288,-0.291983,5.265183
00478,6,-0.018920,-0.150110,-0.846614,-0.510248,-0.189943,-0.464591,5.646876
00479,6,-0.115259,-0.519678,-0.845195,0.047914,1.150924,-1.086363,5.032671
00480,6,-0.409707,0.295917,0.646418,0.571592,0.247928,-1.262730,5.096341
00481,6,0.833353,0.523397,-0.047721,-0.171175,1.471655,-1.823626,5.747076
00482,6,-0.059820,-0.869736,-0.485267,-0.067059,-0.839248,0.413460,4.804590
00483,6,0.101255,0.463067,-0.773224,-0.421238,-1.035142,-1.624031,5.451451
00484,6,0.697461,0.451521,0.507918,-0.227369,-1.370750,-0.941079,4.831000
00485,6,0.219722,0.970350,0.042819,0.091162,1.038110,0.544482,4.947862
00486,6,-0.147060,-0.337946,-0.591025,0.717534,-1.402174,1.433305,5.035832
00487,6,0.702725,-0.530028,0.137702,0.454187,1.157033,1.702763,5.436163
00488,6,-0.269978,0.699340,0.393453,0.532193,1.009577,1.351137,5.641800
00489,6,0.295653,0.054091,-0.930076,0.211237,-1.685960,0.567648,5.936994
00490,6,-0.509768,0.549012,-0.620770,-0.231014,-0.726778,-1.379344,5.688610
00491,6,-0.212082,0.757225,0.437848,0.435798,-1.145097,1.740573,5.285293
00492,6,-0.198938,-0.825178,0.145522,-0.508261,0.307128,1.754148,5.418485
00493,6,0.058615,-0.454831,0.811640,0.361847,-0.983461,0.067836,5.269511
00494,6,0.933677,-0.081706,-0.302971,0.172566,0.806376,-0.446815,5.467065
00495,6,0.294302,-0.593915,0.689363,-0.292284,-0.553278,1.466856,5.017518
00496,6,-0.322654,-0.614468,-0.270237,0.667305,-1.377381,1.850997,5.581978
00497,6,-0.233625,0.826218,-0.215288,0.465225,0.309704,-1.193215,5.620123
00498,6,-0.264624,-0.551253,-0.448376,-0.651961,-1.168064,-1.132442,5.454447
00499,6,-0.076164,-0.428991,0.899400,-0.035291,-1.071644,-0.385160,4.940280
00500,6,0.005555,0.918089,0.391988,0.058541,-1.794680,0.511563,5.535765
00501,6,-0.817400,0.447739,-0.131080,-0.337942,1.646988,1.136227,5.283374
00502,6,-0.363903,0.719520,-0.154559,0.570944,0.439326,0.691370,5.865125
00503,6,0.260366,-0.786650,0.557363,0.052320,-1.469570,-0.285868,5.092080
00504,6,-0.146288,0.764259,-0.056765,-0.625528,-0.320993,-1.191755,5.402663
00505,6,0.345667,0.846937,-0.146201,0.376612,-0.967274,-1.376676,5.622704
00506,6,-0.917893,0.296477,-0.241471,-0.106138,1.452818,1.100927,5.174135
00507,6,0.563806,0.795305,-0.175338,-0.137365,1.569286,-1.165914,5.591593
00508,6,0.162010,-0.848494,0.045677,-0.501721,0.954393,-0.436325,4.999077
00509,6,0.105466,0.085550,-0.937341,0.320859,0.407559,-1.166713,5.343890
00510,6,-0.084639,0.282496,-0.372653,-0.879865,-0.184557,1.893449,5.610323
00511,6,0.566691,0.056568,0.730158,-0.377532,1.064075,0.669294,5.908817
00512,6,0.047334,-0.804859,0.550470,-0.216666,1.640686,1.447406,5.104401
00513,6,0.630259,0.472550,0.290396,-0.543268,-0.567134,-0.524565,5.051723
00514,6,0.224384,0.811550,-0.488589,0.228734,-1.208204,-0.772241,4.897731
00515,6,0.143440,-0.107354,-0.638308,0.748641,-1.027252,0.079857,5.361741
00516,6,0.903812,-0.137384,0.291221,0.281849,0.129513,-1.430216,5.149964
00517,6,0.558913,-0.149772,0.077807,-0.811869,0.230869,0.139594,4.623341
00518,6,0.119018,-0.027109,-0.704650,0.698977,-0.863133,1.663261,5.219256
00519,6,0.074227,-0.812268,0.372254,-0.442875,1.615132,-1.005863,4.770786
00520,6,0.565104,0.162846,0.642230,-0.491608,-1.380309,-0.604912,4.741231
00521,6,-0.042159,-0.335818,-0.363989,0.867733,1.084798,0.746807,4.993159
00522,6,-0.622655,-0.347029,0.119817,-0.691025,-0.544026,-0.918131,5.937059
00523,6,-0.074822,0.408222,0.365698,0.833080,-0.414006,-1.593097,5.210928
00524,6,0.745597,-0.584898,-0.230084,0.221452,-1.873511,-0.436927,5.823236
00525,6,-0.566921,-0.137709,0.796379,-0.159430,-0.697208,1.253940,4.881719
00526,6,0.401226,0.112727,0.902935,0.104969,-1.735189,-0.815000,5.283322
00527,6,-0.106520,-0.088707,0.377130,0.915728,-0.028830,-1.464752,4.702571
00528,6,-0.103525,-0.662250,0.038528,0.741096,1.060417,1.128826,4.997485
00529,6,-0.360563,0.344099,0.567513,-0.655377,-0.037856,-0.099392,5.027622
00530,6,0.181641,-0.169200,-0.754370,-0.607703,1.634821,-1.462561,5.225680
00531,6,0.411569,0.498912,0.437595,-0.624667,-0.123390,0.281707,4.823803
00532,6,-0.259935,0.448346,-0.424509,0.742437,-1.652230,-1.105895,5.568547
00533,6,-0.429751,0.598038,-0.068001,-0.673082,1.586643,1.539953,5.776140
00534,6,0.054460,-0.211709,0.431353,0.875299,-1.762160,0.342092,5.205231
00535,6,0.528135,0.456116,0.599166,-0.392470,0.377142,-0.736680,4.820533
00536,6,-0.824970,0.038891,0.435906,-0.357628,1.809638,0.927691,5.760901
00537,6,-0.036203,0.525220,-0.048259,0.848825,-0.333704,1.450057,5.668085
00538,6,-0.513395,-0.783832,0.018904,-0.348820,-1.552260,0.549268,4.716984
00539,6,-0.010985,0.937876,0.197512,0.285057,0.569419,0.925472,5.593523
00540,6,0.926409,0.133850,-0.115556,0.332413,0.481161,1.759909,5.907706
00541,6,-0.373123,-0.674175,0.131976,0.623579,-1.272503,-0.052924,5.059068
00542,6,0.462212,0.058093,-0.764866,0.444932,1.274483,0.074679,4.811963
00543,6,0.172842,0.250991,0.949640,0.072886,-0.308820,0.415042,5.342118
00544,6,0.903422,-0.075788,-0.402667,-0.126271,-0.781587,0.835532,4.879981
00545,6,-0.373844,-0.805430,-0.367362,-0.276710,-1.593691,-1.029373,5.178016
00546,6,0.078827,0.521132,0.482909,0.699290,1.295777,0.756456,5.602276
00547,6,0.712549,0.552191,0.321980,0.289288,-1.792198,-1.649207,5.717856
00548,6,-0.796704,-0.220549,0.484094,0.286833,-1.752672,1.455443,5.784800
00549,6,0.527054,0.808978,0.260310,0.002917,0.780221,0.023683,5.726120
00550,6,-0.663241,-0.264319,-0.382980,0.586151,0.284974,-0.789631,5.829418
00551,6,0.862600,0.262935,0.222038,-0.370790,0.356069,0.890835,5.147584
00552,6,-0.052347,0.023480,0.977431,-0.203314,0.221677,-0.752631,5.004380
00553,6,0.010680,-0.023314,0.346163,-0.937824,-1.106909,-0.359072,5.038491
00554,6,-0.670361,-0.152788,-0.643226,-0.336945,-1.285956,0.591280,4.965774
00555,6,0.763266,-0.344499,-0.105481,-0.536301,-0.503407,0.985098,5.318251
00556,6,0.586374,-0.788759,0.149356,0.108245,0.602096,1.420964,5.371567
00557,6,0.069129,0.895203,-0.431293,-0.088425,1.655318,-1.501497,5.821803
00558,6,-0.180298,0.821825,-0.312118,-0.441224,-0.770256,-0.388634,4.950283
00559,6,-0.755601,-0.045056,-0.369238,0.539166,0.655979,0.494568,5.001733
00560,6,0.257997,-0.662770,-0.338864,0.615909,0.542758,0.302907,5.033626
00561,6,0.413117,0.481235,-0.479643,-0.606375,-0.582089,0.311587,4.960700
00562,6,0.233458,-0.345857,-0.172452,0.892267,-1.131233,-1.455954,4.774682
00563,6,0.435253,-0.765367,-0.065492,-0.469552,0.153779,0.779993,5.596220
00564,6,0.880902,-0.146593,-0.259888,-0.367396,-0.902128,0.306370,5.066351
00565,6,-0.634181,-0.565254,0.462209,-0.254294,1.420721,0.147983,5.602399
00566,6,0.861757,0.449073,-0.161388,-0.172230,-0.216755,-1.888027,5.679928
00567,6,-0.436709,-0.800798,-0.396020,0.105718,-1.919315,1.504162,5.710093
00568,6,-0.291930,-0.617976,0.305531,-0.662973,-0.674724,1.229474,4.623413
00569,6,-0.370245,-0.916309,-0.099097,-0.116086,1.321320,0.037517,4.960510
00570,6,-0.057955,0.353302,-0.846611,-0.393789,0.520298,1.066512,5.858849
00571,6,-0.272346,-0.644532,0.608543,0.374275,0.451941,-1.777008,5.238895
00572,6,-0.543777,-0.211219,0.759154,-0.288755,0.734882,1.099604,5.325296
00573,6,-0.622389,-0.500186,0.534789,0.276490,0.259850,1.953663,5.887377
00574,6,-0.077558,0.095825,-0.978535,-0.165141,0.907990,-0.730336,5.116611
00575,6,-0.371059,-0.790934,0.314352,0.371377,0.001744,1.110582,4.830704
00576,6,0.318690,-0.943911,0.025372,-0.082616,0.525255,1.436328,4.760143
00577,6,-0.550973,-0.700442,0.297696,-0.342325,-1.201291,-1.074965,5.493745
00578,6,0.277726,-0.762000,0.402745,0.424289,1.593993,-1.017918,5.824770
00579,6,-0.109018,-0.430590,-0.097499,-0.890619,0.106804,0.324449,5.813446
00580,6,-0.960154,0.218778,-0.173849,-0.004176,-1.602469,-0.772709,5.647280
00581,6,0.587680,-0.060992,0.583805,-0.556852,-0.216807,0.138872,4.858658
00582,6,0.877871,-0.211697,0.310066,-0.297297,-0.064589,-0.057939,5.090684
00583,6,-0.346787,-0.460366,0.648651,0.497046,-1.414445,-0.748671,4.759334
00584,6,0.565736,-0.698057,0.216224,0.381977,1.265621,-1.609145,4.871243
00585,6,-0.214477,0.086425,-0.844795,-0.482548,1.353518,-0.525165,5.417900
00586,6,0.630088,0.020855,-0.578706,0.517352,1.298314,-0.850386,5.454883
00587,6,-0.402947,-0.834213,-0.284681,0.246331,-0.370559,1.169014,5.375799
00588,6,-0.583047,0.405728,0.508826,0.486351,-1.440026,-1.640362,5.215339
00589,6,-0.886150,0.128297,0.298799,0.330148,-0.763284,0.641284,4.651398
00590,6,0.486022,0.563637,0.648875,0.158294,-0.627167,0.048707,4.722573
00591,6,0.538239,-0.376824,0.462310,0.595459,-0.690189,-0.660213,4.742613
00592,6,-0.759210,-0.127110,0.147699,-0.620990,-0.845755,-0.770575,5.059754
00593,6,0.729826,-0.079880,0.676745,0.054678,1.469537,1.075792,5.822575
00594,6,0.476400,-0.734232,-0.457830,-0.156007,-1.360866,0.451419,5.494264
00595,6,0.604249,-0.361125,0.704933,-0.086837,0.113414,0.382926,4.654287
00596,6,0.254425,0.839233,0.310177,-0.367079,-1.268599,0.610910,4.830697
00597,6,0.612425,0.601897,0.050217,0.510034,1.813099,-0.489693,5.858950
00598,6,-0.462804,-0.506143,-0.368455,0.627593,0.475821,0.179537,5.238037
00599,6,-0.416602,-0.630927,0.328936,-0.565839,-0.770399,-0.449576,5.539080
00600,6,0.124275,-0.431531,-0.842322,0.298045,-0.224037,-1.326583,5.427751
00601,6,-0.908913,0.256085,0.142753,0.296512,-1.565197,-0.038296,4.667702
00602,6,0.015460,-0.711682,0.702274,0.008972,1.008983,-1.449676,5.233214
00603,6,-0.193171,-0.507492,-0.305445,-0.782202,-1.197657,-1.445289,5.902346
00604,6,0.142138,0.129998,-0.512791,0.836626,-1.206958,-0.917554,5.005089
00605,6,0.753829,0.145493,0.639193,-0.044777,1.498397,-1.453962,5.481621
00606,6,-0.639517,-0.092055,0.761638,-0.049515,-0.025453,-0.285423,5.436552
00607,6,0.821520,0.090433,0.266867,0.495690,-0.829317,0.345126,5.033159
00608,6,-0.750050,0.586607,0.103915,0.287261,-0.209902,0.974052,4.667866
00609,6,0.715737,-0.206382,0.579734,0.330206,0.912226,1.218654,5.070252
00610,6,0.436870,-0.041654,0.535598,0.721488,0.295377,1.176247,4.796130
00611,6,-0.527067,0.311276,0.457490,-0.644988,-1.652972,1.082468,4.918635
00612,6,-0.060462,-0.098924,-0.266506,0.956835,1.248422,0.992704,5.430444
00613,6,0.303281,-0.183304,-0.369831,-0.858863,1.854298,-0.865457,5.650577
00614,6,-0.176880,-0.562877,0.234245,0.772666,1.443840,-1.588211,5.284868
00615,6,0.748377,0.410928,-0.160161,-0.495397,1.122786,1.117532,4.789973
00616,6,0.660541,-0.264793,0.635217,-0.300117,1.278823,0.326286,5.713490
00617,6,0.176103,-0.716501,-0.672573,0.057093,0.801226,0.494351,5.747916
00618,6,-0.129573,0.809894,0.544493,0.175526,-0.981606,-1.101483,5.123069
00619,6,0.452726,0.865363,-0.209995,0.045696,-0.488060,-0.098683,4.796968
00620,6,0.889652,-0.284056,0.318460,0.162524,0.285656,-0.417153,4.861823
00621,6,0.034438,-0.171166,-0.301677,0.937287,0.668248,-0.843481,4.915760
00622,6,0.774671,-0.056072,0.599164,0.194275,0.616645,0.399789,4.914108
00623,6,0.128988,0.245951,-0.629989,0.725248,1.555549,0.678399,4.963915
00624,6,-0.387554,0.471864,0.022899,-0.791594,-1.461757,1.236538,4.814199
00625,6,-0.819874,0.190207,-0.503465,-0.195323,0.054749,-0.388882,5.099446
00626,6,0.787047,0.270602,-0.041527,0.552817,0.172785,0.868638,4.796096
00627,6,0.197671,0.455396,-0.357633,0.790974,1.333033,-1.266840,4.657206
00628,6,0.527515,0.338091,0.764344,-0.152315,0.542800,0.152544,5.680424
00629,6,-0.757744,0.603225,-0.114048,-0.221216,-1.103301,-0.007839,4.801663
00630,6,0.788679,0.548833,-0.003098,0.277053,0.837450,1.610947,5.612731
00631,6,0.193843,0.976865,0.041375,0.080292,-0.131071,-0.857537,5.919833
00632,6,0.004077,-0.448687,-0.426150,0.785531,1.502360,-0.667180,4.795137
00633,6,0.246847,0.314869,-0.732242,0.551131,0.418456,-0.140247,5.942076
00634,6,-0.465848,-0.002401,0.183386,-0.865650,-0.812526,1.389338,5.398773
00635,6,-0.022292,0.637625,0.175177,0.749834,-0.953159,1.105248,5.611491
00636,6,-0.820805,-0.230898,0.471173,0.225746,-0.700213,1.333515,5.108585
00637,6,0.828634,-0.448705,-0.328065,0.066345,-0.785935,-0.373238,5.532077
00638,6,0.520811,0.443409,0.045720,0.728048,0.311058,0.587430,5.097990
00639,6,-0.189676,-0.463381,0.493242,0.711346,-1.625539,-0.843136,4.850889
00640,6,0.416225,-0.869350,0.236099,-0.123470,-1.354276,0.632331,5.269233
00641,6,-0.620159,-0.224734,-0.654207,-0.370015,1.421785,-0.425738,5.706571
00642,6,0.569228,0.162641,-0.764165,-0.256084,-1.660865,-1.624710,5.440058
00643,6,0.383106,0.297224,-0.260220,0.834969,1.636787,-1.895281,5.734658
00644,6,0.823067,-0.050054,-0.510548,-0.243712,-0.217255,0.332300,5.946497
00645,6,0.773216,0.000599,-0.213841,0.596999,-1.339940,-1.824934,5.409134
00646,6,0.553919,-0.530581,0.163641,-0.620386,-0.106618,1.034314,4.844955
00647,6,0.598768,0.785624,0.102329,0.117473,-1.460846,0.546003,5.164287
00648,6,0.162792,-0.732270,-0.356023,0.557250,0.464083,0.881365,5.102197
00649,6,0.051531,-0.688205,0.467671,0.552270,1.478194,-1.395751,5.331264
00650,6,0.527751,0.263751,0.737782,0.328013,-0.689377,1.230114,5.143450
00651,6,0.118547,0.315647,-0.596138,0.728652,1.008645,0.680850,4.850858
00652,6,-0.772461,0.252710,0.238539,-0.531545,0.414498,1.878976,5.771511
00653,6,0.058014,0.088097,-0.957818,-0.267317,0.502653,1.025722,5.415326
00654,6,-0.269615,0.145282,0.551050,0.776238,-1.704333,-0.967368,5.443381
00655,6,-0.341989,0.440633,-0.728975,-0.396839,-0.549135,1.375539,4.675577
00656,6,-0.112937,0.624803,-0.202489,0.745563,0.847209,0.010626,4.693241
00657,6,-0.186161,-0.777469,-0.544278,0.254259,0.806437,0.323651,5.490255
00658,6,-0.206775,0.060967,-0.580493,0.785210,-1.524967,-0.503948,5.693582
00659,6,-0.023394,0.206020,-0.379054,-0.901846,0.517852,-0.126310,4.986213
00660,6,0.624030,0.622807,0.401762,-0.247559,-0.828100,0.702755,4.662096
00661,6,0.402650,-0.655978,-0.472634,0.429165,1.352442,0.502567,4.622611
00662,6,0.320203,-0.739253,-0.455948,-0.378267,-0.434232,-1.688677,5.554456
00663,6,-0.409451,0.662051,-0.193369,0.597199,1.505065,-0.154923,4.871830
00664,6,0.586777,-0.655939,0.329728,0.341638,0.093098,0.198307,5.394255
00665,6,-0.060631,-0.399410,-0.709223,-0.577753,0.984854,-1.864686,5.571109
00666,6,0.841755,-0.371414,-0.390427,-0.032679,-0.185798,-0.765207,4.664337
00667,6,-0.412253,-0.469922,-0.196624,-0.755354,1.183166,0.122450,5.116677
00668,6,0.076439,0.197595,-0.973397,-0.087241,0.681466,-0.023394,4.838996
00669,6,0.403675,0.435348,0.292714,-0.749558,-0.564897,-0.429686,5.133476
00670,6,-0.664352,-0.069600,0.673987,-0.315491,-1.116715,0.530933,4.681148
00671,6,-0.112754,0.285934,-0.353615,0.883450,-1.720583,-1.027809,5.550574
00672,6,0.487673,-0.516465,-0.160592,0.685309,-0.161994,-0.344625,5.223656
00673,6,0.482198,0.700027,0.091569,0.518712,-1.488673,1.194856,4.732957
00674,6,0.034984,-0.815527,-0.390293,0.425866,0.091166,-1.404731,5.885604
00675,6,0.710620,0.397956,0.409678,0.410870,-0.843459,0.681058,5.066780
00676,6,0.230899,-0.530465,-0.814214,-0.048452,-1.172826,-0.763250,4.751563
00677,6,0.500594,-0.859374,0.062235,0.083717,1.039625,-1.237914,5.914240
00678,6,-0.166971,0.571673,0.727578,0.340502,-1.702561,1.757524,5.882928
00679,6,-0.291920,0.654564,-0.659757,0.225939,1.505505,-0.826759,5.430876
00680,6,0.558865,0.578097,0.366549,0.468099,-1.742963,1.046439,5.155847
00681,6,0.452274,0.516062,-0.613142,0.391390,-0.784505,1.762043,5.173757
00682,6,-0.486891,-0.320579,0.778764,0.231717,-1.520830,0.573779,5.118510
00683,6,0.189466,0.632543,-0.747810,-0.069077,-1.611730,0.445057,4.892162
00684,6,-0.159381,0.685904,0.613586,0.357276,-1.924471,1.873049,5.774877
00685,6,-0.374918,-0.758466,-0.360599,-0.392600,0.746273,1.016081,4.845458
00686,6,0.755827,0.146478,0.399894,0.497347,-0.052925,0.675358,5.616288
00687,6,-0.536579,0.737151,-0.409759,0.028068,0.046354,1.379190,5.322425
00688,6,-0.651405,-0.249152,-0.706080,-0.122662,-0.689251,0.753886,4.610982
00689,6,0.847253,-0.243571,-0.464459,0.084346,0.220520,1.610292,5.478960
00690,6,-0.704625,-0.047220,-0.703182,0.082522,1.233155,-0.733671,4.635778
00691,6,-0.625431,-0.232550,-0.742036,0.064339,0.234958,1.532962,5.099695
00692,6,0.459197,-0.278726,0.807258,-0.244509,-1.617473,-0.364752,5.832743
00693,6,0.067857,0.064789,0.537951,0.837739,-0.023629,1.778196,5.584873
00694,6,-0.279896,0.566049,0.141791,-0.762327,-1.736195,1.869671,5.493471
00695,6,-0.565715,0.800035,0.105567,0.169605,-1.372561,0.042086,5.684732
00696,6,-0.290243,0.322088,0.565572,-0.701532,-0.612680,-0.399907,4.821773
00697,6,-0.098379,-0.981680,-0.061038,-0.151328,1.747519,1.392728,5.339953
00698,6,-0.491811,-0.651552,0.074558,0.572751,-1.052952,1.293429,5.523916
00699,6,-0.240251,-0.642381,-0.034468,0.726938,-1.712295,-1.580759,5.419569
00700,6,-0.026549,0.299141,0.393403,-0.868933,-1.649643,-1.299379,5.643882
00701,6,-0.093528,-0.806767,0.288699,0.506983,-0.414884,0.540449,5.187003
00702,6,-0.382340,0.225072,-0.273215,0.853529,1.152042,-1.114619,4.899195
00703,6,0.969957,0.177637,0.113576,-0.121362,-0.115865,-0.197328,5.460855
00704,6,-0.461916,-0.870351,-0.158352,-0.063612,-1.076278,-0.023526,4.708248
00705,6,0.149542,-0.288877,-0.100296,-0.940281,0.424369,0.462294,4.803764
00706,6,-0.181448,0.427089,-0.037111,-0.885039,-1.442197,-0.792186,5.478399
00707,6,0.202499,0.426962,0.484557,-0.736140,0.386073,0.228428,5.328007
00708,6,-0.297326,0.111026,0.231145,-0.919697,-0.637513,-1.137246,5.205500
00709,6,-0.054537,-0.943544,-0.228584,0.233452,-0.186826,1.360206,4.792543
00710,6,0.858952,0.498794,0.105833,0.046960,-0.441884,0.152573,5.533416
00711,6,0.663723,0.374699,0.618309,0.191745,-0.831776,1.650647,5.797946
00712,6,0.619262,0.143102,-0.758097,0.146030,0.940093,1.658598,5.756532
00713,6,-0.009577,0.204098,0.493121,-0.845626,1.044559,0.719924,4.842870
00714,6,-0.147771,0.756845,0.254519,0.583583,-1.042487,-0.866379,4.821432
00715,6,0.624896,0.115746,-0.547971,0.543908,1.417934,1.961732,5.869731
00716,6,0.289181,-0.617578,-0.479432,0.552374,1.775492,-1.343482,5.724703
00717,6,-0.511907,0.260827,-0.790743,0.211296,1.591941,1.250267,5.788078
00718,6,0.693255,-0.199224,0.514109,-0.464112,1.645025,1.347093,5.586326
00719,6,-0.788556,0.365769,-0.492622,0.041427,1.702918,0.732192,5.624431
00720,6,0.309307,0.548233,-0.375578,-0.680228,-1.510191,-1.671285,4.933399
00721,6,-0.524086,-0.341685,-0.659437,0.416808,0.632034,1.708773,5.532076
00722,6,-0.706413,-0.662139,0.177521,0.176177,1.341775,0.964001,5.783637
00723,6,0.348810,-0.281643,0.892717,0.045438,-1.189248,-1.183339,5.378627
00724,6,-0.195618,-0.311154,-0.114430,0.922942,-0.146978,1.796541,5.890206
00725,6,-0.420169,0.549519,0.559163,0.456973,-0.158349,0.256334,4.672115
00726,6,-0.309019,-0.295783,-0.163645,-0.888954,0.145666,-0.560519,5.213774
00727,6,-0.542697,-0.362900,-0.306632,-0.692647,-1.200457,0.622213,5.805336
00728,6,-0.376865,-0.627997,0.592126,0.336124,1.077761,-0.892879,5.424079
00729,6,0.430650,0.593997,0.331559,-0.593108,-1.396096,-0.731488,5.772189
00730,6,0.352659,-0.428124,-0.831977,-0.012453,0.963676,-0.240206,5.369598
00731,6,0.178253,-0.597182,-0.215535,0.751760,-1.454666,1.573810,5.511099
00732,6,-0.641828,0.121525,0.320145,0.686146,-1.612863,1.045370,5.304998
00733,6,0.405920,0.340571,-0.216203,0.820059,0.947167,0.555043,4.923247
00734,6,-0.381120,0.031067,0.596089,0.706017,-1.361893,1.520297,5.008465
00735,6,0.376608,0.221851,-0.756979,0.485727,1.310332,-1.287614,4.970393
00736,6,0.375817,-0.285337,-0.880297,0.049215,-0.829738,1.613029,5.764620
00737,6,0.500144,0.519614,-0.665028,-0.193897,-1.707918,-1.204007,5.447973
00738,6,0.367287,-0.221255,0.832752,0.350243,-1.473817,-0.995707,5.132778
00739,6,0.864815,-0.309337,0.214340,-0.332362,0.702056,-0.626034,5.058005
00740,6,-0.460899,0.048268,-0.054539,0.884459,-0.808080,-0.155298,4.642176
00741,6,-0.255728,0.090578,-0.516874,-0.811936,-1.085504,-1.139273,5.809368
00742,6,0.131647,-0.501963,0.559631,0.646155,-0.663901,-1.162035,5.488134
00743,6,0.503525,-0.656184,-0.007505,0.561986,-1.529940,-0.956994,5.031319
00744,6,0.925912,0.175695,0.155518,-0.296027,0.453796,-1.414073,4.774331
00745,6,-0.504827,-0.822212,-0.077876,-0.251102,-0.195723,1.021419,5.071366
00746,6,-0.591955,-0.044117,-0.745028,0.304263,1.200054,-0.207325,4.796590
00747,6,0.893432,-0.062729,-0.324185,0.304546,0.046041,1.045054,5.519106
00748,6,-0.000284,0.596269,-0.150982,-0.788459,-1.622573,-1.321245,5.562255
00749,6,0.255747,0.415561,-0.553161,-0.675215,0.176748,-0.055131,4.890457
