00000,16,0.580771,0.355403,0.679104,0.274246,-0.722019,-2.763593,8.190992
00001,16,0.580022,0.372841,0.691548,0.215233,-0.736196,-2.713673,8.170291
00002,16,0.577429,0.387535,0.701664,0.155112,-0.750373,-2.663753,8.149590
00003,16,0.573056,0.399441,0.709358,0.094145,-0.764551,-2.613833,8.128889
00004,16,0.566976,0.408532,0.714546,0.032599,-0.778728,-2.563913,8.108188
00005,16,0.559263,0.414797,0.717155,-0.029259,-0.792905,-2.513994,8.087488
00006,16,0.549997,0.418239,0.717125,-0.091160,-0.807083,-2.464074,8.066787
00007,16,0.539262,0.418878,0.714408,-0.152836,-0.821260,-2.414154,8.046086
00008,16,0.527143,0.416750,0.708968,-0.214020,-0.835437,-2.364234,8.025385
00009,16,0.513729,0.411903,0.700782,-0.274448,-0.849614,-2.314314,8.004684
00010,16,0.499113,0.404401,0.689842,-0.333862,-0.863792,-2.264394,7.983983
00011,16,0.483387,0.394320,0.676150,-0.392007,-0.877969,-2.214474,7.963282
00012,16,0.466646,0.381750,0.659724,-0.448634,-0.892146,-2.164554,7.942581
00013,16,0.448985,0.366792,0.640592,-0.503506,-0.906323,-2.114634,7.921880
00014,16,0.430500,0.349558,0.618798,-0.556388,-0.920501,-2.064714,7.901179
00015,16,0.411288,0.330172,0.594395,-0.607060,-0.934678,-2.014794,7.880478
00016,16,0.391445,0.308767,0.567452,-0.655310,-0.948855,-1.964874,7.859778
00017,16,0.371066,0.285485,0.538048,-0.700937,-0.963032,-1.914954,7.839077
00018,16,0.350246,0.260474,0.506274,-0.743752,-0.977210,-1.865034,7.818376
00019,16,0.329078,0.233892,0.472232,-0.783581,-0.991387,-1.815114,7.797675
00020,16,0.307656,0.205901,0.436035,-0.820259,-1.005564,-1.765195,7.776974
00021,16,0.286068,0.176671,0.397807,-0.853640,-1.019742,-1.715275,7.756273
00022,16,0.264405,0.146375,0.357680,-0.883589,-1.033919,-1.665355,7.735572
00023,16,0.242750,0.115188,0.315796,-0.909987,-1.048096,-1.615435,7.714871
00024,16,0.221190,0.083290,0.272306,-0.932731,-1.062273,-1.565515,7.694170
00025,16,0.199803,0.050863,0.227367,-0.951733,-1.076451,-1.515595,7.673469
00026,16,0.178669,0.018090,0.181143,-0.966921,-1.090628,-1.465675,7.652768
00027,16,0.157863,-0.014848,0.133807,-0.978240,-1.104805,-1.415755,7.632067
00028,16,0.137456,-0.047769,0.085535,-0.985651,-1.118982,-1.365835,7.611367
00029,16,0.117517,-0.080490,0.036507,-0.989130,-1.133160,-1.315915,7.590666
00030,16,0.098109,-0.112834,-0.013092,-0.988671,-1.147337,-1.265995,7.569965
00031,16,0.079295,-0.144625,-0.063072,-0.984285,-1.161514,-1.216075,7.549264
00032,16,0.061130,-0.175690,-0.113244,-0.975998,-1.175692,-1.166155,7.528563
00033,16,0.043669,-0.205862,-0.163417,-0.963851,-1.189869,-1.116235,7.507862
00034,16,0.026959,-0.234977,-0.213396,-0.947903,-1.204046,-1.066315,7.487161
00035,16,0.011045,-0.262879,-0.262991,-0.928229,-1.218223,-1.016396,7.466460
00036,16,-0.004033,-0.289415,-0.312009,-0.904916,-1.232401,-0.966476,7.445759
00037,16,-0.018239,-0.314441,-0.360262,-0.878069,-1.246578,-0.916556,7.425058
00038,16,-0.031542,-0.337821,-0.407562,-0.847806,-1.260755,-0.866636,7.404357
00039,16,-0.043917,-0.359424,-0.453726,-0.814259,-1.274932,-0.816716,7.383656
00040,16,-0.055341,-0.379130,-0.498574,-0.777574,-1.289110,-0.766796,7.362956
00041,16,-0.065797,-0.396826,-0.541932,-0.737909,-1.303287,-0.716876,7.342255
00042,16,-0.075275,-0.412409,-0.583630,-0.695434,-1.317464,-0.666956,7.321554
00043,16,-0.083767,-0.425786,-0.623506,-0.650330,-1.331641,-0.617036,7.300853
00044,16,-0.091270,-0.436873,-0.661403,-0.602791,-1.345819,-0.567116,7.280152
00045,16,-0.097788,-0.445597,-0.697174,-0.553018,-1.359996,-0.517196,7.259451
00046,16,-0.103329,-0.451895,-0.730678,-0.501222,-1.374173,-0.467276,7.238750
00047,16,-0.107904,-0.455715,-0.761783,-0.447623,-1.388351,-0.417356,7.218049
00048,16,-0.111532,-0.457016,-0.790368,-0.392448,-1.402528,-0.367436,7.197348
00049,16,-0.114235,-0.455768,-0.816319,-0.335930,-1.416705,-0.317516,7.176647
00050,16,-0.116041,-0.451953,-0.839534,-0.278308,-1.430882,-0.267597,7.155946
00051,16,-0.116981,-0.445564,-0.859921,-0.219825,-1.445060,-0.217677,7.135245
00052,16,-0.117091,-0.436606,-0.877400,-0.160728,-1.459237,-0.167757,7.114545
00053,16,-0.116413,-0.425095,-0.891901,-0.101266,-1.473414,-0.117837,7.093844
00054,16,-0.114993,-0.411059,-0.903365,-0.041690,-1.487591,-0.067917,7.073143
00055,16,-0.112880,-0.394537,-0.911748,0.017749,-1.501769,-0.017997,7.052442
00056,16,-0.110127,-0.375580,-0.917013,0.076799,-1.515946,0.031923,7.031741
00057,16,-0.106792,-0.354250,-0.919140,0.135212,-1.530123,0.081843,7.011040
00058,16,-0.102937,-0.330623,-0.918119,0.192742,-1.544300,0.131763,6.990339
00059,16,-0.098626,-0.304781,-0.913952,0.249144,-1.558478,0.181683,6.969638
00060,16,-0.093925,-0.276821,-0.906654,0.304182,-1.572655,0.231603,6.948937
00061,16,-0.088907,-0.246849,-0.896252,0.357622,-1.586832,0.281523,6.928236
00062,16,-0.083643,-0.214981,-0.882785,0.409241,-1.601010,0.331443,6.907535
00063,16,-0.078209,-0.181345,-0.866304,0.458819,-1.615187,0.381363,6.886834
00064,16,-0.072682,-0.146076,-0.846872,0.506149,-1.629364,0.431283,6.866134
00065,16,-0.067140,-0.109321,-0.824564,0.551032,-1.643541,0.481202,6.845433
00066,16,-0.061661,-0.071232,-0.799465,0.593279,-1.657719,0.531122,6.824732
00067,16,-0.056326,-0.031972,-0.771672,0.632714,-1.671896,0.581042,6.804031
00068,16,-0.051215,0.008289,-0.741293,0.669173,-1.686073,0.630962,6.783330
00069,16,-0.046407,0.049374,-0.708444,0.702506,-1.700250,0.680882,6.762629
00070,16,-0.041980,0.091099,-0.673253,0.732576,-1.714428,0.730802,6.741928
00071,16,-0.038013,0.133275,-0.635856,0.759262,-1.728605,0.780722,6.721227
00072,16,-0.034580,0.175709,-0.596398,0.782458,-1.742782,0.830642,6.700526
00073,16,-0.031754,0.218201,-0.555030,0.802073,-1.756960,0.880562,6.679825
00074,16,-0.029606,0.260550,-0.511913,0.818035,-1.771137,0.930482,6.659124
00075,16,-0.028201,0.302550,-0.467215,0.830288,-1.785314,0.980402,6.638424
00076,16,-0.027604,0.343997,-0.421106,0.838793,-1.799491,1.030322,6.617723
00077,16,-0.027871,0.384681,-0.373766,0.843530,-1.813669,1.080242,6.597022
00078,16,-0.029055,0.424397,-0.325376,0.844496,-1.827846,1.130162,6.576321
00079,16,-0.031205,0.462939,-0.276122,0.841707,-1.842023,1.180082,6.555620
00080,16,-0.034362,0.500101,-0.226194,0.835197,-1.856200,1.230002,6.534919
00081,16,-0.038559,0.535684,-0.175782,0.825019,-1.870378,1.279921,6.514218
00082,16,-0.043826,0.569489,-0.125078,0.811244,-1.884555,1.329841,6.493517
00083,16,-0.050181,0.601327,-0.074274,0.793959,-1.898732,1.379761,6.472816
00084,16,-0.057639,0.631010,-0.023563,0.773271,-1.912909,1.429681,6.452115
00085,16,-0.066203,0.658360,0.026864,0.749304,-1.927087,1.479601,6.431414
00086,16,-0.075869,0.683208,0.076820,0.722197,-1.941264,1.529521,6.410713
00087,16,-0.086623,0.705393,0.126120,0.692106,-1.955441,1.579441,6.390013
00088,16,-0.098445,0.724764,0.174582,0.659202,-1.969619,1.629361,6.369312
00089,16,-0.111303,0.741182,0.222029,0.623670,-1.983796,1.679281,6.348611
00090,16,-0.125158,0.754519,0.268291,0.585710,-1.997973,1.729201,6.327910
00091,16,-0.139958,0.764663,0.313203,0.545532,-2.012150,1.779121,6.307209
00092,16,-0.155647,0.771514,0.356607,0.503360,-2.026328,1.829041,6.286508
00093,16,-0.172156,0.774987,0.398355,0.459425,-2.040505,1.878961,6.265807
00094,16,-0.189409,0.775012,0.438304,0.413969,-2.054682,1.928881,6.245106
00095,16,-0.207321,0.771536,0.476322,0.367242,-2.068859,1.978801,6.224405
00096,16,-0.225799,0.764524,0.512288,0.319497,-2.083037,2.028720,6.203704
00097,16,-0.244742,0.753956,0.546089,0.270994,-2.097214,2.078640,6.183003
00098,16,-0.264040,0.739831,0.577624,0.221996,-2.111391,2.128560,6.162302
00099,16,-0.283580,0.722167,0.606802,0.172766,-2.125569,2.178480,6.141602
