00000,18,-0.460378,0.517632,0.635906,-0.340195,0.206690,-0.299560,4.193599
00001,18,-0.421360,0.516996,0.670199,-0.325582,0.203781,-0.286230,4.180051
00002,18,-0.381983,0.514261,0.702998,-0.308898,0.200872,-0.272900,4.166504
00003,18,-0.342379,0.509578,0.734127,-0.290111,0.197963,-0.259570,4.152957
00004,18,-0.302674,0.503114,0.763406,-0.269214,0.195054,-0.246240,4.139410
00005,18,-0.262980,0.495043,0.790663,-0.246223,0.192145,-0.232910,4.125863
00006,18,-0.223401,0.485548,0.815730,-0.221177,0.189236,-0.219580,4.112316
00007,18,-0.184027,0.474819,0.838445,-0.194141,0.186327,-0.206249,4.098769
00008,18,-0.144938,0.463046,0.858655,-0.165205,0.183418,-0.192919,4.085221
00009,18,-0.106202,0.450420,0.876218,-0.134481,0.180509,-0.179589,4.071674
00010,18,-0.067876,0.437129,0.891002,-0.102105,0.177600,-0.166259,4.058127
00011,18,-0.030008,0.423355,0.902892,-0.068235,0.174692,-0.152929,4.044580
00012,18,0.007367,0.409272,0.911784,-0.033048,0.171783,-0.139599,4.031033
00013,18,0.044220,0.395045,0.917591,0.003256,0.168874,-0.126269,4.017486
00014,18,0.080531,0.380825,0.920244,0.040466,0.165965,-0.112939,4.003939
00015,18,0.116290,0.366748,0.919692,0.078350,0.163056,-0.099608,3.990392
00016,18,0.151489,0.352936,0.915902,0.116667,0.160147,-0.086278,3.976844
00017,18,0.186126,0.339491,0.908859,0.155167,0.157238,-0.072948,3.963297
00018,18,0.220205,0.326499,0.898571,0.193590,0.154329,-0.059618,3.949750
00019,18,0.253730,0.314024,0.885063,0.231674,0.151420,-0.046288,3.936203
00020,18,0.286706,0.302111,0.868381,0.269153,0.148511,-0.032958,3.922656
00021,18,0.319139,0.290783,0.848589,0.305765,0.145602,-0.019628,3.909109
00022,18,0.351032,0.280044,0.825772,0.341250,0.142693,-0.006298,3.895562
00023,18,0.382387,0.269877,0.800033,0.375358,0.139784,0.007033,3.882014
00024,18,0.413200,0.260247,0.771490,0.407847,0.136875,0.020363,3.868467
00025,18,0.443464,0.251099,0.740282,0.438487,0.133966,0.033693,3.854920
00026,18,0.473163,0.242361,0.706560,0.467066,0.131057,0.047023,3.841373
00027,18,0.502278,0.233946,0.670489,0.493386,0.128148,0.060353,3.827826
00028,18,0.530779,0.225751,0.632249,0.517273,0.125239,0.073683,3.814279
00029,18,0.558629,0.217663,0.592028,0.538571,0.122330,0.087013,3.800732
00030,18,0.585783,0.209558,0.550026,0.557149,0.119421,0.100343,3.787184
00031,18,0.612186,0.201306,0.506448,0.572900,0.116512,0.113674,3.773637
00032,18,0.637774,0.192769,0.461506,0.585744,0.113603,0.127004,3.760090
00033,18,0.662475,0.183809,0.415417,0.595625,0.110694,0.140334,3.746543
00034,18,0.686208,0.174285,0.368396,0.602518,0.107785,0.153664,3.732996
00035,18,0.708882,0.164063,0.320663,0.606420,0.104876,0.166994,3.719449
00036,18,0.730400,0.153008,0.272432,0.607359,0.101967,0.180324,3.705902
00037,18,0.750659,0.140999,0.223916,0.605386,0.099058,0.193654,3.692354
00038,18,0.769547,0.127919,0.175322,0.600580,0.096149,0.206984,3.678807
00039,18,0.786950,0.113668,0.126851,0.593041,0.093241,0.220315,3.665260
00040,18,0.802748,0.098157,0.078693,0.582896,0.090332,0.233645,3.651713
00041,18,0.816821,0.081317,0.031030,0.570288,0.087423,0.246975,3.638166
00042,18,0.829045,0.063092,-0.015965,0.555381,0.084514,0.260305,3.624619
00043,18,0.839298,0.043451,-0.062134,0.538358,0.081605,0.273635,3.611072
00044,18,0.847461,0.022380,-0.107330,0.519412,0.078696,0.286965,3.597525
00045,18,0.853416,-0.000112,-0.151422,0.498751,0.075787,0.300295,3.583977
00046,18,0.857052,-0.023994,-0.194289,0.476590,0.072878,0.313625,3.570430
00047,18,0.858264,-0.049212,-0.235828,0.453151,0.069969,0.326956,3.556883
00048,18,0.856956,-0.075690,-0.275948,0.428660,0.067060,0.340286,3.543336
00049,18,0.853041,-0.103329,-0.314576,0.403343,0.064151,0.353616,3.529789
00050,18,0.846443,-0.132010,-0.351649,0.377425,0.061242,0.366946,3.516242
00051,18,0.837101,-0.161590,-0.387121,0.351124,0.058333,0.380276,3.502695
00052,18,0.824964,-0.191911,-0.420957,0.324652,0.055424,0.393606,3.489147
00053,18,0.810000,-0.222793,-0.453137,0.298212,0.052515,0.406936,3.475600
00054,18,0.792190,-0.254043,-0.483650,0.271992,0.049606,0.420266,3.462053
00055,18,0.771534,-0.285451,-0.512498,0.246167,0.046697,0.433597,3.448506
00056,18,0.748048,-0.316799,-0.539691,0.220897,0.043788,0.446927,3.434959
00057,18,0.721767,-0.347856,-0.565248,0.196323,0.040879,0.460257,3.421412
00058,18,0.692744,-0.378387,-0.589195,0.172565,0.037970,0.473587,3.407865
00059,18,0.661050,-0.408150,-0.611563,0.149726,0.035061,0.486917,3.394317
00060,18,0.626775,-0.436904,-0.632387,0.127884,0.032152,0.500247,3.380770
00061,18,0.590026,-0.464410,-0.651707,0.107099,0.029243,0.513577,3.367223
00062,18,0.550929,-0.490431,-0.669563,0.087407,0.026334,0.526907,3.353676
00063,18,0.509625,-0.514739,-0.685995,0.068822,0.023425,0.540238,3.340129
00064,18,0.466271,-0.537117,-0.701042,0.051339,0.020516,0.553568,3.326582
00065,18,0.421042,-0.557358,-0.714742,0.034930,0.017607,0.566898,3.313035
00066,18,0.374122,-0.575273,-0.727126,0.019550,0.014698,0.580228,3.299488
00067,18,0.325709,-0.590687,-0.738224,0.005135,0.011790,0.593558,3.285940
00068,18,0.276014,-0.603450,-0.748060,-0.008397,0.008881,0.606888,3.272393
00069,18,0.225253,-0.613429,-0.756650,-0.021139,0.005972,0.620218,3.258846
00070,18,0.173653,-0.620516,-0.764004,-0.033199,0.003063,0.633548,3.245299
00071,18,0.121444,-0.624629,-0.770125,-0.044696,0.000154,0.646879,3.231752
00072,18,0.068860,-0.625709,-0.775008,-0.055755,-0.002755,0.660209,3.218205
00073,18,0.016138,-0.623727,-0.778640,-0.066507,-0.005664,0.673539,3.204658
00074,18,-0.036487,-0.618678,-0.781001,-0.077086,-0.008573,0.686869,3.191110
00075,18,-0.088781,-0.610587,-0.782063,-0.087628,-0.011482,0.700199,3.177563
00076,18,-0.140514,-0.599503,-0.781790,-0.098264,-0.014391,0.713529,3.164016
00077,18,-0.191462,-0.585504,-0.780140,-0.109123,-0.017300,0.726859,3.150469
00078,18,-0.241410,-0.568693,-0.777065,-0.120324,-0.020209,0.740189,3.136922
00079,18,-0.290151,-0.549197,-0.772513,-0.131980,-0.023118,0.753520,3.123375
00080,18,-0.337489,-0.527166,-0.766425,-0.144188,-0.026027,0.766850,3.109828
00081,18,-0.383240,-0.502772,-0.758741,-0.157036,-0.028936,0.780180,3.096280
00082,18,-0.427234,-0.476204,-0.749399,-0.170591,-0.031845,0.793510,3.082733
00083,18,-0.469316,-0.447672,-0.738336,-0.184909,-0.034754,0.806840,3.069186
00084,18,-0.509346,-0.417398,-0.725491,-0.200021,-0.037663,0.820170,3.055639
00085,18,-0.547200,-0.385616,-0.710803,-0.215944,-0.040572,0.833500,3.042092
00086,18,-0.582772,-0.352570,-0.694215,-0.232670,-0.043481,0.846830,3.028545
00087,18,-0.615973,-0.318511,-0.675678,-0.250173,-0.046390,0.860161,3.014998
00088,18,-0.646731,-0.283693,-0.655146,-0.268406,-0.049299,0.873491,3.001450
00089,18,-0.674990,-0.248371,-0.632582,-0.287298,-0.052208,0.886821,2.987903
00090,18,-0.700714,-0.212798,-0.607959,-0.306762,-0.055117,0.900151,2.974356
00091,18,-0.723881,-0.177221,-0.581260,-0.326687,-0.058026,0.913481,2.960809
00092,18,-0.744488,-0.141881,-0.552480,-0.346947,-0.060935,0.926811,2.947262
00093,18,-0.762545,-0.107008,-0.521627,-0.367396,-0.063844,0.940141,2.933715
00094,18,-0.778077,-0.072820,-0.488720,-0.387874,-0.066753,0.953471,2.920168
00095,18,-0.791123,-0.039517,-0.453797,-0.408206,-0.069661,0.966802,2.906621
00096,18,-0.801733,-0.007287,-0.416907,-0.428206,-0.072570,0.980132,2.893073
00097,18,-0.809969,0.023706,-0.378116,-0.447678,-0.075479,0.993462,2.879526
00098,18,-0.815903,0.053315,-0.337507,-0.466421,-0.078388,1.006792,2.865979
00099,18,-0.819613,0.081416,-0.295178,-0.484227,-0.081297,1.020122,2.852432
