00000,21,-0.382660,-0.037413,-0.457963,-0.801525,-0.071357,0.074677,0.223857
00001,21,0.050358,-0.644195,-0.073400,-0.759664,0.016324,0.077830,0.223916
00002,21,-0.855882,-0.361466,0.353400,0.109164,0.057519,-0.063407,0.223941
00003,21,-0.228773,0.050801,0.208023,0.949636,0.045725,-0.021567,0.223995
00004,21,0.927179,-0.054679,-0.316686,-0.192510,0.077351,0.059776,0.223716
00005,21,0.146403,0.028217,0.972097,-0.181102,-0.079034,0.040786,0.224523
00006,21,0.385834,-0.871736,-0.285502,0.098477,-0.043300,0.038827,0.224049
00007,21,0.441434,-0.190751,0.861933,-0.160692,-0.039653,0.039510,0.224092
00008,21,-0.461343,0.090086,0.454189,0.756809,0.028169,0.018993,0.223984
00009,21,-0.694807,-0.033766,-0.707027,0.127341,-0.035070,0.064673,0.224951
00010,21,0.439869,-0.599313,0.663156,-0.086972,-0.045201,0.051325,0.225031
00011,21,0.190807,-0.546991,0.715236,-0.390936,-0.012744,-0.066339,0.226093
00012,21,0.061473,0.712835,-0.581355,0.387445,0.044154,0.025224,0.224189
00013,21,-0.651371,-0.593282,0.427744,-0.201911,0.072262,0.017928,0.225851
00014,21,0.375922,0.599823,0.325216,-0.627000,0.051552,0.045105,0.226508
00015,21,-0.560285,0.330318,-0.154986,0.743606,-0.080550,0.006848,0.226023
00016,21,0.418523,0.797772,-0.261636,-0.346330,-0.034612,-0.051916,0.224739
00017,21,-0.378736,0.093293,0.352771,-0.850534,0.010020,-0.024716,0.224672
00018,21,-0.092942,0.085847,-0.975615,-0.179350,0.003765,0.075985,0.225464
00019,21,-0.014900,-0.261319,0.465219,-0.845613,-0.076566,0.017416,0.225663
00020,21,0.625148,-0.490582,0.564175,0.224111,0.078207,-0.076230,0.228060
00021,21,-0.281493,0.532161,0.793812,-0.086184,-0.022064,0.038627,0.226178
00022,21,-0.167054,-0.502617,-0.374257,-0.761184,-0.049502,-0.060818,0.228610
00023,21,-0.749080,0.640809,0.118851,-0.118812,-0.037138,-0.069936,0.227185
00024,21,0.896062,0.441477,-0.046576,0.001277,-0.003979,-0.051118,0.224763
00025,21,-0.000929,-0.919348,-0.342833,0.193039,-0.056969,0.012969,0.224434
00026,21,-0.160417,0.214704,-0.956199,-0.117691,-0.015657,-0.051110,0.228777
00027,21,0.349541,-0.878579,0.321526,0.050409,0.001852,0.052771,0.224518
00028,21,-0.468378,0.765599,0.172214,0.405983,-0.017814,0.073696,0.225502
00029,21,-0.637305,0.067461,-0.512418,-0.571593,-0.039219,-0.016525,0.226005
00030,21,0.707127,0.322787,0.050252,-0.627100,0.033817,-0.044398,0.226160
00031,21,-0.261748,0.945481,0.177808,-0.077056,-0.049515,0.081006,0.226732
00032,21,0.094441,-0.230943,-0.086146,0.964533,0.000791,0.039172,0.224786
00033,21,0.671631,-0.460347,0.116173,-0.568768,-0.059796,-0.079897,0.230772
00034,21,-0.747190,0.129268,0.260329,0.597684,-0.068833,-0.001788,0.230975
00035,21,0.672864,0.192844,0.709044,-0.085568,0.033461,0.061153,0.228403
00036,21,-0.632955,-0.594786,-0.285370,0.405168,0.081465,0.015001,0.226293
00037,21,0.015232,0.455902,-0.053715,0.888277,-0.000477,-0.023309,0.224971
00038,21,-0.366239,-0.218540,-0.073856,-0.901474,-0.009297,-0.067278,0.224967
00039,21,0.444026,-0.575213,0.139285,0.672733,0.054519,0.045883,0.231177
00040,21,-0.286426,-0.325946,0.093660,0.896073,0.040121,0.014543,0.229364
00041,21,0.417725,0.388560,0.085130,-0.816872,0.021352,-0.038291,0.229303
00042,21,-0.841197,-0.305652,0.445754,-0.016358,-0.081635,0.071052,0.225913
00043,21,0.474249,-0.341402,-0.766630,-0.266105,-0.058534,0.016213,0.232290
00044,21,-0.093194,0.570022,-0.811345,-0.090049,0.068827,-0.070527,0.224886
00045,21,-0.420467,-0.657303,0.339488,0.525270,-0.051675,0.075598,0.224557
00046,21,0.116903,0.144777,0.895818,-0.403588,0.042000,-0.079315,0.233108
00047,21,0.046885,-0.320834,-0.387567,0.862936,-0.040740,0.055877,0.229024
00048,21,0.345112,0.700479,-0.047703,0.622857,0.066477,0.042921,0.225705
00049,21,0.505138,-0.363959,-0.253222,-0.740438,0.082130,0.037768,0.227362
00050,21,-0.266553,-0.026107,0.816832,0.510934,0.009925,-0.076330,0.232650
00051,21,-0.083607,-0.879569,0.212137,0.417573,-0.045690,-0.068418,0.228564
00052,21,0.026076,0.521820,0.848423,0.084859,-0.021620,-0.066720,0.230471
00053,21,0.202911,0.263856,0.097095,0.937966,0.081062,0.079081,0.229867
00054,21,0.559865,-0.158081,-0.784932,0.213174,0.070695,0.060353,0.226203
00055,21,0.614000,-0.650689,0.292580,-0.337647,0.004095,0.061695,0.231234
00056,21,0.184202,-0.383305,-0.821467,0.379920,0.050925,0.007996,0.225477
00057,21,-0.008576,0.656591,0.714244,0.242221,-0.009561,-0.026728,0.227254
00058,21,-0.148307,-0.272520,-0.020640,-0.950427,-0.068503,0.054075,0.232343
00059,21,-0.747628,-0.636716,0.138967,0.127802,0.073684,0.021686,0.234608
00060,21,-0.406856,0.891491,-0.170584,0.103021,0.039171,0.013403,0.232537
00061,21,0.014563,0.555626,-0.830933,0.024845,0.033536,0.030804,0.227817
00062,21,0.179656,-0.367270,0.671247,0.618275,-0.025635,0.051570,0.235618
00063,21,-0.212940,-0.005990,0.958262,-0.190669,0.058021,0.036502,0.231038
00064,21,-0.459910,0.125969,0.214551,0.852398,-0.075017,0.067168,0.224641
00065,21,-0.686805,0.067372,-0.544468,-0.476775,-0.067237,-0.007630,0.231710
00066,21,-0.214797,0.331422,-0.882895,-0.254005,-0.067820,0.000006,0.233211
00067,21,0.106468,0.005983,-0.976148,-0.189112,-0.059312,-0.055914,0.226091
00068,21,0.389943,-0.806675,-0.206256,-0.393291,-0.034593,-0.081965,0.230260
00069,21,-0.747983,-0.352720,0.111760,0.551017,0.019611,-0.000277,0.235667
00070,21,0.185701,-0.980835,-0.048305,0.033843,0.027479,-0.009079,0.229056
00071,21,-0.666345,0.496597,-0.227395,0.507609,0.069027,0.065605,0.235581
00072,21,-0.312453,-0.883134,0.345198,0.057320,0.012467,-0.038890,0.237558
00073,21,-0.398782,-0.867791,0.172325,-0.241278,-0.071585,-0.034833,0.234955
00074,21,0.241008,-0.436167,-0.828491,0.255492,-0.009239,0.055252,0.228750
00075,21,-0.257197,-0.145225,-0.909261,0.293263,-0.019261,-0.061197,0.232231
00076,21,-0.485366,-0.809229,0.304165,0.130582,0.002753,-0.056879,0.240123
00077,21,-0.596881,0.378337,-0.148564,0.691753,0.002271,-0.049099,0.225920
00078,21,-0.331011,-0.613550,-0.299295,0.651468,-0.035452,-0.007076,0.228631
00079,21,0.895821,0.289473,-0.158609,-0.297579,0.041378,0.029624,0.239402
00080,21,0.374308,-0.908305,0.185958,0.017199,0.034090,-0.062846,0.238168
00081,21,-0.475893,0.561093,0.600509,0.313192,-0.065458,-0.042405,0.233075
00082,21,0.643908,-0.575787,0.258169,-0.432668,0.040147,-0.083792,0.241508
00083,21,0.083048,-0.200783,0.712228,-0.667473,-0.031138,0.005017,0.230920
00084,21,-0.498013,-0.764348,-0.207007,0.353417,-0.013939,0.046368,0.239014
00085,21,0.773779,-0.122706,-0.077287,-0.616632,0.056579,-0.034422,0.228925
00086,21,0.430132,0.011790,0.877529,-0.211640,0.042342,-0.049197,0.230000
00087,21,0.351459,0.428216,0.769752,0.317158,0.027876,-0.084729,0.241431
00088,21,-0.086402,-0.489582,0.807220,-0.318182,0.018303,-0.007818,0.240925
00089,21,-0.870811,0.442652,-0.081659,-0.197685,-0.023819,-0.065861,0.224643
00090,21,0.644773,0.308860,0.171087,0.677940,0.009776,-0.012189,0.238639
00091,21,0.230750,0.010056,0.658638,0.716135,0.048579,0.042161,0.241148
00092,21,-0.964432,0.151972,-0.215871,-0.013207,0.042555,0.042045,0.225102
00093,21,0.184731,-0.797160,0.462685,-0.341076,-0.005421,0.074257,0.236748
00094,21,0.439103,0.281097,0.468315,-0.713340,-0.068780,0.054893,0.243447
00095,21,0.741131,-0.632721,-0.107397,-0.197115,-0.074389,0.058267,0.241408
00096,21,-0.502877,-0.735425,0.453306,0.027912,-0.024522,0.081547,0.234334
00097,21,0.500744,0.492874,0.678171,0.215443,0.019251,-0.076514,0.243789
00098,21,-0.162867,0.900343,-0.025103,0.402773,-0.001463,-0.080242,0.228797
00099,21,-0.185982,0.239783,-0.918947,0.251894,0.085489,0.042916,0.237329
