00000,14,0.058130,-0.231430,0.482958,0.842504,-0.165924,-0.261094,1.246149
00001,14,-0.283972,0.017680,-0.946695,0.151047,-0.340958,0.137237,1.246371
00002,14,0.635131,0.521503,0.549092,-0.152123,-0.429132,-0.289912,1.246028
00003,14,0.603855,0.460429,-0.271396,0.591361,0.209241,-0.295812,1.245543
00004,14,-0.197785,0.838824,0.487250,-0.140861,0.355900,-0.377182,1.248084
00005,14,-0.309417,0.735209,-0.601140,0.048566,0.278428,0.325231,1.251337
00006,14,-0.319671,-0.894517,0.108948,-0.292882,0.045966,0.141897,1.249478
00007,14,-0.802947,0.187514,-0.495760,-0.272647,-0.412502,0.428725,1.245327
00008,14,0.152124,-0.085190,-0.969312,0.173307,-0.397727,-0.304179,1.250652
00009,14,0.641038,-0.556910,-0.488534,-0.200640,0.069972,-0.286334,1.254789
00010,14,0.831520,-0.482880,0.257592,-0.095117,0.258089,-0.386047,1.245346
00011,14,0.112283,0.859244,0.499081,-0.003300,-0.445106,-0.291218,1.245259
00012,14,-0.388442,-0.439551,0.349618,-0.730531,0.356732,0.025614,1.248741
00013,14,0.102825,0.130892,0.840504,0.515604,-0.369119,0.340830,1.251336
00014,14,-0.805222,-0.401100,-0.187681,-0.394350,0.128178,-0.314460,1.258895
00015,14,-0.664774,-0.578388,0.329932,-0.338657,-0.034214,-0.281167,1.252527
00016,14,-0.626410,0.756739,0.142291,-0.121284,-0.115880,0.027321,1.246067
00017,14,0.338366,0.334725,-0.532207,0.700160,-0.106957,0.000924,1.248265
00018,14,-0.046291,0.094184,0.535487,0.837998,0.109469,0.130146,1.248404
00019,14,0.014018,0.335304,-0.483655,0.808364,0.442485,-0.450221,1.258674
00020,14,0.324049,-0.234616,0.915613,-0.040008,0.098902,-0.021484,1.258201
00021,14,-0.963225,0.258307,-0.047944,-0.056353,-0.438948,-0.405844,1.270668
00022,14,0.233668,-0.252036,0.569349,-0.746806,0.179164,0.135326,1.268738
00023,14,0.671794,0.516714,0.043418,-0.528976,0.186814,-0.301850,1.271795
00024,14,0.528858,0.221896,-0.655585,-0.491202,0.046114,0.418162,1.250145
00025,14,0.036556,0.214829,0.026471,0.975608,0.026051,-0.423850,1.265278
00026,14,-0.122912,0.118216,-0.735570,0.655633,-0.009890,0.121340,1.247434
00027,14,0.165942,-0.300176,0.762142,-0.549088,0.253221,0.378233,1.258217
00028,14,0.522087,-0.323001,0.788307,-0.040829,0.374582,0.160174,1.268362
00029,14,-0.568777,-0.434135,-0.691255,0.100923,-0.098470,0.002863,1.276644
00030,14,0.652452,0.106493,-0.737752,-0.136706,0.103659,-0.429981,1.253324
00031,14,-0.027681,-0.994813,0.095407,-0.021852,-0.303532,-0.146661,1.264389
00032,14,0.625568,0.088354,-0.406786,0.659836,0.287488,0.176863,1.263286
00033,14,-0.206283,-0.656050,0.550235,0.473589,0.039563,-0.178198,1.251141
00034,14,-0.640217,-0.523857,0.293620,0.479043,0.046963,-0.321181,1.281557
00035,14,0.283206,-0.431429,-0.830019,0.211501,0.396156,0.296575,1.282165
00036,14,0.531341,-0.491686,-0.013837,-0.689732,0.361367,-0.123868,1.283482
00037,14,-0.593046,-0.439168,-0.608456,-0.291905,-0.285512,0.272626,1.248902
00038,14,-0.743197,-0.548787,-0.366708,-0.109619,-0.292791,-0.003459,1.247900
00039,14,0.657415,-0.488632,0.558339,0.131536,0.346383,0.162191,1.262582
00040,14,0.873775,-0.102653,-0.246398,-0.406532,-0.201555,0.453929,1.250853
00041,14,0.473597,-0.223330,-0.501431,0.688764,-0.106792,-0.440560,1.294088
00042,14,-0.211817,-0.334831,-0.916436,-0.056284,-0.028810,-0.169855,1.290063
00043,14,-0.280106,0.880902,-0.125522,-0.360273,-0.275235,0.070089,1.280695
00044,14,0.974702,0.094458,0.194580,-0.056316,-0.295669,-0.014520,1.281903
00045,14,-0.394958,-0.402315,0.814278,0.138208,-0.100566,0.320928,1.278070
00046,14,0.516791,-0.583869,0.600876,0.175990,-0.011894,0.422238,1.249961
00047,14,-0.807185,0.251130,0.295259,0.445206,-0.139633,0.439000,1.269522
00048,14,0.652996,0.603248,0.262149,-0.375455,0.167546,0.056090,1.255101
00049,14,0.827958,-0.539151,0.084505,0.129076,-0.247814,-0.388191,1.262882
00050,14,0.562888,0.063025,-0.721857,-0.397627,-0.135052,-0.161034,1.301973
00051,14,-0.623556,0.101368,-0.445337,-0.634490,-0.202303,-0.188379,1.301859
00052,14,-0.555208,-0.702447,-0.425711,-0.130702,-0.129612,-0.338389,1.281608
00053,14,-0.109989,0.090243,0.908807,-0.392210,0.022392,0.254231,1.286315
00054,14,0.666667,0.146657,0.657366,-0.319245,-0.343974,0.013308,1.308917
00055,14,0.656357,-0.523201,0.119734,-0.530208,0.164641,-0.150541,1.280462
00056,14,-0.223631,0.028179,0.111594,-0.967854,0.284235,-0.050097,1.287139
00057,14,-0.196239,0.738627,0.152049,0.626739,-0.343371,-0.380506,1.298212
00058,14,0.090483,0.031444,-0.100977,0.990266,0.155300,-0.079536,1.259298
00059,14,0.122691,-0.901607,0.309251,0.276433,0.259066,-0.196672,1.248043
00060,14,-0.337509,-0.494832,-0.356833,0.716868,-0.445425,0.456080,1.295881
00061,14,0.949937,-0.229647,0.209076,-0.034208,-0.300062,0.301687,1.267288
00062,14,0.336045,0.212367,0.807619,-0.435575,0.394416,0.402022,1.298327
00063,14,-0.525778,0.138533,0.765536,-0.343978,-0.406693,0.096118,1.315617
00064,14,0.092364,0.882794,0.448006,-0.106936,0.434498,-0.369627,1.250981
00065,14,-0.262836,0.553085,-0.075013,-0.787012,0.401638,-0.377144,1.291840
00066,14,-0.937188,0.100390,0.104507,-0.317299,-0.244391,0.137732,1.321782
00067,14,-0.191974,-0.087472,0.812196,0.543905,-0.453871,-0.032074,1.261478
00068,14,0.402950,0.376252,-0.113368,0.826567,0.338618,0.035767,1.310122
00069,14,0.760093,0.226911,-0.067684,-0.605135,-0.462213,-0.468422,1.322451
00070,14,0.325999,-0.281219,-0.578095,-0.693142,0.411322,0.238483,1.295168
00071,14,0.573282,-0.203978,-0.171120,0.774892,-0.285791,-0.144107,1.286939
00072,14,0.781670,-0.128935,0.547009,0.270462,-0.013361,-0.446544,1.319064
00073,14,0.619316,0.000714,0.216746,-0.754631,0.259511,0.257587,1.298207
00074,14,-0.233351,0.425109,0.779466,-0.396564,0.259334,-0.334884,1.275196
00075,14,0.592903,0.040395,0.255410,-0.762627,0.345850,-0.303804,1.304466
00076,14,-0.593885,0.190068,0.736032,-0.263498,0.089260,-0.383537,1.269595
00077,14,0.279867,0.118401,0.366338,0.879461,0.001819,0.077194,1.321538
00078,14,-0.446230,-0.476668,0.141770,-0.744021,0.051732,0.209892,1.307669
00079,14,-0.315318,-0.116647,-0.057612,0.940026,0.058366,-0.212554,1.333053
00080,14,0.032581,0.446793,0.449658,-0.772737,-0.083308,-0.439954,1.321553
00081,14,0.415438,0.122455,0.884355,-0.174161,-0.012071,0.264549,1.269558
00082,14,0.444453,-0.173898,0.537246,-0.695405,-0.409327,0.359913,1.258324
00083,14,0.728850,0.566077,0.307006,-0.232553,0.373841,0.137899,1.254268
00084,14,0.265557,-0.538851,0.472891,-0.644587,-0.426972,0.245058,1.278659
00085,14,0.527463,0.115943,0.622476,-0.566448,-0.293343,-0.187533,1.296255
00086,14,0.787443,-0.106991,0.547700,0.261747,0.175035,0.295919,1.336561
00087,14,0.985904,-0.063975,-0.081628,-0.131292,0.043879,0.197402,1.293180
00088,14,-0.776172,-0.167193,0.500275,-0.345441,-0.211778,-0.034094,1.349927
00089,14,-0.382641,-0.661965,-0.629295,-0.139201,0.452955,-0.231002,1.293821
00090,14,0.411035,-0.410603,0.736748,0.345916,-0.397132,-0.071552,1.341696
00091,14,0.072335,0.980850,0.108461,0.144696,0.258164,-0.232751,1.266562
00092,14,0.214765,-0.464325,0.077395,-0.855739,-0.129471,-0.349062,1.257081
00093,14,-0.026271,-0.014635,0.598190,-0.800790,0.153388,0.003670,1.302440
00094,14,0.249481,-0.018602,-0.653778,0.714134,-0.311070,0.176395,1.248708
00095,14,0.367830,-0.767570,0.110016,-0.513259,-0.376935,-0.233496,1.261698
00096,14,0.031187,-0.255338,0.319682,-0.911939,-0.126642,-0.477968,1.335539
00097,14,0.984288,0.127142,-0.122214,0.008752,0.180573,0.135868,1.337820
00098,14,0.696673,0.501544,0.488214,-0.157314,-0.416117,-0.301313,1.315680
00099,14,0.021321,-0.838432,0.135798,0.527386,0.235689,-0.450496,1.265820
