00000,16,0.113706,0.416769,0.859269,-0.273918,0.408983,0.373566,2.058639
00001,16,0.084680,0.419928,0.854285,-0.294428,0.414295,0.362605,2.063885
00002,16,0.055777,0.422383,0.848132,-0.314886,0.419608,0.351645,2.069130
00003,16,0.027039,0.424139,0.840818,-0.335261,0.424920,0.340684,2.074375
00004,16,-0.001491,0.425199,0.832350,-0.355525,0.430232,0.329724,2.079620
00005,16,-0.029770,0.425567,0.822736,-0.375648,0.435545,0.318763,2.084865
00006,16,-0.057757,0.425251,0.811988,-0.395601,0.440857,0.307803,2.090110
00007,16,-0.085411,0.424256,0.800120,-0.415356,0.446170,0.296842,2.095355
00008,16,-0.112690,0.422591,0.787144,-0.434882,0.451482,0.285882,2.100600
00009,16,-0.139555,0.420264,0.773077,-0.454153,0.456794,0.274921,2.105845
00010,16,-0.165966,0.417285,0.757937,-0.473139,0.462107,0.263961,2.111090
00011,16,-0.191886,0.413665,0.741742,-0.491812,0.467419,0.253000,2.116335
00012,16,-0.217277,0.409416,0.724514,-0.510145,0.472732,0.242040,2.121580
00013,16,-0.242102,0.404548,0.706275,-0.528112,0.478044,0.231079,2.126825
00014,16,-0.266325,0.399077,0.687049,-0.545685,0.483356,0.220119,2.132070
00015,16,-0.289912,0.393015,0.666860,-0.562838,0.488669,0.209158,2.137315
00016,16,-0.312830,0.386377,0.645736,-0.579547,0.493981,0.198198,2.142561
00017,16,-0.335046,0.379179,0.623704,-0.595785,0.499293,0.187237,2.147806
00018,16,-0.356528,0.371437,0.600794,-0.611530,0.504606,0.176277,2.153051
00019,16,-0.377246,0.363168,0.577036,-0.626756,0.509918,0.165316,2.158296
00020,16,-0.397173,0.354389,0.552462,-0.641442,0.515231,0.154356,2.163541
00021,16,-0.416279,0.345118,0.527104,-0.655566,0.520543,0.143395,2.168786
00022,16,-0.434538,0.335375,0.500998,-0.669105,0.525855,0.132435,2.174031
00023,16,-0.451925,0.325177,0.474177,-0.682040,0.531168,0.121474,2.179276
00024,16,-0.468417,0.314546,0.446679,-0.694351,0.536480,0.110514,2.184521
00025,16,-0.483991,0.303501,0.418540,-0.706020,0.541793,0.099553,2.189766
00026,16,-0.498626,0.292064,0.389798,-0.717028,0.547105,0.088593,2.195011
00027,16,-0.512302,0.280255,0.360492,-0.727358,0.552417,0.077632,2.200256
00028,16,-0.525001,0.268096,0.330661,-0.736995,0.557730,0.066672,2.205501
00029,16,-0.536706,0.255610,0.300347,-0.745924,0.563042,0.055711,2.210746
00030,16,-0.547402,0.242818,0.269589,-0.754130,0.568355,0.044751,2.215991
00031,16,-0.557075,0.229743,0.238430,-0.761601,0.573667,0.033790,2.221236
00032,16,-0.565713,0.216409,0.206912,-0.768325,0.578979,0.022830,2.226482
00033,16,-0.573304,0.202839,0.175077,-0.774291,0.584292,0.011869,2.231727
00034,16,-0.579840,0.189056,0.142969,-0.779489,0.589604,0.000909,2.236972
00035,16,-0.585312,0.175084,0.110631,-0.783911,0.594917,-0.010052,2.242217
00036,16,-0.589714,0.160947,0.078106,-0.787549,0.600229,-0.021012,2.247462
00037,16,-0.593041,0.146669,0.045439,-0.790396,0.605541,-0.031973,2.252707
00038,16,-0.595289,0.132274,0.012674,-0.792448,0.610854,-0.042933,2.257952
00039,16,-0.596458,0.117786,-0.020145,-0.793699,0.616166,-0.053894,2.263197
00040,16,-0.596545,0.103230,-0.052974,-0.794148,0.621479,-0.064854,2.268442
00041,16,-0.595553,0.088631,-0.085767,-0.793791,0.626791,-0.075815,2.273687
00042,16,-0.593484,0.074012,-0.118481,-0.792629,0.632103,-0.086775,2.278932
00043,16,-0.590342,0.059398,-0.151072,-0.790661,0.637416,-0.097736,2.284177
00044,16,-0.586133,0.044813,-0.183496,-0.787889,0.642728,-0.108696,2.289422
00045,16,-0.580863,0.030282,-0.215708,-0.784316,0.648041,-0.119657,2.294667
00046,16,-0.574542,0.015828,-0.247666,-0.779944,0.653353,-0.130617,2.299912
00047,16,-0.567178,0.001476,-0.279326,-0.774780,0.658665,-0.141578,2.305158
00048,16,-0.558784,-0.012751,-0.310646,-0.768828,0.663978,-0.152538,2.310403
00049,16,-0.549373,-0.026829,-0.341583,-0.762096,0.669290,-0.163499,2.315648
00050,16,-0.538957,-0.040734,-0.372096,-0.754593,0.674603,-0.174459,2.320893
00051,16,-0.527554,-0.054444,-0.402143,-0.746327,0.679915,-0.185420,2.326138
00052,16,-0.515179,-0.067934,-0.431685,-0.737308,0.685227,-0.196380,2.331383
00053,16,-0.501852,-0.081184,-0.460682,-0.727548,0.690540,-0.207341,2.336628
00054,16,-0.487591,-0.094170,-0.489094,-0.717059,0.695852,-0.218301,2.341873
00055,16,-0.472418,-0.106870,-0.516883,-0.705855,0.701164,-0.229262,2.347118
00056,16,-0.456355,-0.119263,-0.544013,-0.693950,0.706477,-0.240222,2.352363
00057,16,-0.439425,-0.131328,-0.570446,-0.681359,0.711789,-0.251183,2.357608
00058,16,-0.421652,-0.143043,-0.596147,-0.668099,0.717102,-0.262143,2.362853
00059,16,-0.403062,-0.154389,-0.621083,-0.654187,0.722414,-0.273104,2.368098
00060,16,-0.383683,-0.165345,-0.645219,-0.639641,0.727726,-0.284064,2.373343
00061,16,-0.363543,-0.175893,-0.668523,-0.624480,0.733039,-0.295025,2.378588
00062,16,-0.342670,-0.186012,-0.690964,-0.608724,0.738351,-0.305985,2.383833
00063,16,-0.321095,-0.195686,-0.712513,-0.592394,0.743664,-0.316946,2.389079
00064,16,-0.298848,-0.204895,-0.733140,-0.575511,0.748976,-0.327906,2.394324
00065,16,-0.275963,-0.213623,-0.752819,-0.558098,0.754288,-0.338867,2.399569
00066,16,-0.252473,-0.221854,-0.771523,-0.540177,0.759601,-0.349827,2.404814
00067,16,-0.228410,-0.229571,-0.789227,-0.521772,0.764913,-0.360788,2.410059
00068,16,-0.203812,-0.236759,-0.805909,-0.502908,0.770226,-0.371748,2.415304
00069,16,-0.178712,-0.243404,-0.821546,-0.483609,0.775538,-0.382709,2.420549
00070,16,-0.153148,-0.249491,-0.836119,-0.463902,0.780850,-0.393669,2.425794
00071,16,-0.127158,-0.255008,-0.849607,-0.443812,0.786163,-0.404630,2.431039
00072,16,-0.100778,-0.259942,-0.861994,-0.423367,0.791475,-0.415590,2.436284
00073,16,-0.074048,-0.264281,-0.873265,-0.402592,0.796788,-0.426551,2.441529
00074,16,-0.047008,-0.268015,-0.883404,-0.381516,0.802100,-0.437511,2.446774
00075,16,-0.019696,-0.271134,-0.892400,-0.360168,0.807412,-0.448472,2.452019
00076,16,0.007847,-0.273628,-0.900241,-0.338574,0.812725,-0.459432,2.457264
00077,16,0.035580,-0.275489,-0.906918,-0.316764,0.818037,-0.470393,2.462509
00078,16,0.063461,-0.276709,-0.912424,-0.294767,0.823350,-0.481353,2.467755
00079,16,0.091450,-0.277283,-0.916752,-0.272611,0.828662,-0.492314,2.473000
00080,16,0.119505,-0.277204,-0.919898,-0.250327,0.833974,-0.503274,2.478245
00081,16,0.147583,-0.276467,-0.921860,-0.227944,0.839287,-0.514235,2.483490
00082,16,0.175643,-0.275070,-0.922637,-0.205491,0.844599,-0.525195,2.488735
00083,16,0.203642,-0.273008,-0.922230,-0.182998,0.849912,-0.536156,2.493980
00084,16,0.231537,-0.270279,-0.920642,-0.160494,0.855224,-0.547116,2.499225
00085,16,0.259287,-0.266884,-0.917876,-0.138010,0.860536,-0.558077,2.504470
00086,16,0.286849,-0.262822,-0.913939,-0.115574,0.865849,-0.569037,2.509715
00087,16,0.314181,-0.258093,-0.908839,-0.093216,0.871161,-0.579998,2.514960
00088,16,0.341241,-0.252701,-0.902586,-0.070965,0.876474,-0.590958,2.520205
00089,16,0.367987,-0.246648,-0.895190,-0.048851,0.881786,-0.601919,2.525450
00090,16,0.394377,-0.239937,-0.886664,-0.026901,0.887098,-0.612879,2.530695
00091,16,0.420372,-0.232574,-0.877023,-0.005144,0.892411,-0.623840,2.535940
00092,16,0.445930,-0.224566,-0.866284,0.016392,0.897723,-0.634800,2.541185
00093,16,0.471011,-0.215918,-0.854464,0.037678,0.903036,-0.645761,2.546430
00094,16,0.495575,-0.206640,-0.841582,0.058689,0.908348,-0.656721,2.551676
00095,16,0.519584,-0.196740,-0.827660,0.079397,0.913660,-0.667682,2.556921
00096,16,0.542999,-0.186228,-0.812721,0.099777,0.918973,-0.678642,2.562166
00097,16,0.565784,-0.175115,-0.796788,0.119802,0.924285,-0.689603,2.567411
00098,16,0.587901,-0.163414,-0.779886,0.139448,0.929597,-0.700563,2.572656
00099,16,0.609314,-0.151137,-0.762044,0.158691,0.934910,-0.711524,2.577901
