00000,11,0.058324,-0.628450,-0.691909,0.350586,2.609529,4.614880,13.942274
00001,11,0.056131,-0.592725,-0.701578,0.391553,2.631002,4.613928,13.933538
00002,11,0.053749,-0.554421,-0.710462,0.430084,2.652476,4.612975,13.924802
00003,11,0.051147,-0.513734,-0.718509,0.466054,2.673949,4.612023,13.916067
00004,11,0.048298,-0.470866,-0.725671,0.499354,2.695422,4.611070,13.907331
00005,11,0.045181,-0.426022,-0.731903,0.529888,2.716896,4.610118,13.898596
00006,11,0.041779,-0.379406,-0.737168,0.557574,2.738369,4.609165,13.889860
00007,11,0.038081,-0.331225,-0.741428,0.582344,2.759843,4.608213,13.881124
00008,11,0.034082,-0.281682,-0.744654,0.604139,2.781316,4.607260,13.872389
00009,11,0.029780,-0.230982,-0.746821,0.622912,2.802789,4.606307,13.863653
00010,11,0.025176,-0.179327,-0.747908,0.638624,2.824263,4.605355,13.854918
00011,11,0.020278,-0.126920,-0.747901,0.651248,2.845736,4.604402,13.846182
00012,11,0.015092,-0.073957,-0.746789,0.660763,2.867210,4.603450,13.837446
00013,11,0.009632,-0.020638,-0.744570,0.667156,2.888683,4.602497,13.828711
00014,11,0.003911,0.032843,-0.741243,0.670421,2.910157,4.601545,13.819975
00015,11,-0.002056,0.086292,-0.736816,0.670560,2.931630,4.600592,13.811240
00016,11,-0.008253,0.139517,-0.731302,0.667580,2.953103,4.599640,13.802504
00017,11,-0.014662,0.192327,-0.724718,0.661497,2.974577,4.598687,13.793768
00018,11,-0.021267,0.244534,-0.717089,0.652330,2.996050,4.597734,13.785033
00019,11,-0.028049,0.295948,-0.708442,0.640108,3.017524,4.596782,13.776297
00020,11,-0.034994,0.346383,-0.698813,0.624864,3.038997,4.595829,13.767562
00021,11,-0.042086,0.395653,-0.688241,0.606640,3.060470,4.594877,13.758826
00022,11,-0.049312,0.443573,-0.676771,0.585485,3.081944,4.593924,13.750090
00023,11,-0.056659,0.489957,-0.664454,0.561456,3.103417,4.592972,13.741355
00024,11,-0.064120,0.534624,-0.651344,0.534619,3.124891,4.592019,13.732619
00025,11,-0.071687,0.577391,-0.637501,0.505048,3.146364,4.591067,13.723884
00026,11,-0.079358,0.618077,-0.622989,0.472829,3.167837,4.590114,13.715148
00027,11,-0.087130,0.656505,-0.607877,0.438059,3.189311,4.589161,13.706412
00028,11,-0.095006,0.692498,-0.592236,0.400844,3.210784,4.588209,13.697677
00029,11,-0.102993,0.725886,-0.576143,0.361305,3.232258,4.587256,13.688941
00030,11,-0.111100,0.756499,-0.559675,0.319577,3.253731,4.586304,13.680206
00031,11,-0.119338,0.784178,-0.542913,0.275806,3.275204,4.585351,13.671470
00032,11,-0.127724,0.808766,-0.525940,0.230155,3.296678,4.584399,13.662734
00033,11,-0.136275,0.830117,-0.508840,0.182802,3.318151,4.583446,13.653999
00034,11,-0.145013,0.848094,-0.491699,0.133939,3.339625,4.582494,13.645263
00035,11,-0.153961,0.862573,-0.474600,0.083775,3.361098,4.581541,13.636528
00036,11,-0.163145,0.873442,-0.457628,0.032533,3.382571,4.580588,13.627792
00037,11,-0.172591,0.880607,-0.440865,-0.019547,3.404045,4.579636,13.619056
00038,11,-0.182326,0.883989,-0.424390,-0.072212,3.425518,4.578683,13.610321
00039,11,-0.192379,0.883529,-0.408279,-0.125197,3.446992,4.577731,13.601585
00040,11,-0.202776,0.879192,-0.392606,-0.178225,3.468465,4.576778,13.592850
00041,11,-0.213543,0.870963,-0.377436,-0.231008,3.489938,4.575826,13.584114
00042,11,-0.224705,0.858853,-0.362830,-0.283253,3.511412,4.574873,13.575378
00043,11,-0.236283,0.842900,-0.348843,-0.334661,3.532885,4.573920,13.566643
00044,11,-0.248296,0.823166,-0.335520,-0.384931,3.554359,4.572968,13.557907
00045,11,-0.260756,0.799743,-0.322902,-0.433764,3.575832,4.572015,13.549172
00046,11,-0.273674,0.772747,-0.311016,-0.480866,3.597305,4.571063,13.540436
00047,11,-0.287055,0.742324,-0.299885,-0.525950,3.618779,4.570110,13.531700
00048,11,-0.300895,0.708642,-0.289520,-0.568741,3.640252,4.569158,13.522965
00049,11,-0.315189,0.671895,-0.279923,-0.608979,3.661726,4.568205,13.514229
00050,11,-0.329923,0.632300,-0.271088,-0.646420,3.683199,4.567253,13.505494
00051,11,-0.345076,0.590090,-0.263000,-0.680843,3.704672,4.566300,13.496758
00052,11,-0.360624,0.545519,-0.255635,-0.712046,3.726146,4.565347,13.488022
00053,11,-0.376532,0.498852,-0.248962,-0.739857,3.747619,4.564395,13.479287
00054,11,-0.392763,0.450367,-0.242942,-0.764124,3.769093,4.563442,13.470551
00055,11,-0.409273,0.400346,-0.237532,-0.784727,3.790566,4.562490,13.461816
00056,11,-0.426013,0.349080,-0.232683,-0.801570,3.812039,4.561537,13.453080
00057,11,-0.442929,0.296858,-0.228340,-0.814586,3.833513,4.560585,13.444344
00058,11,-0.459962,0.243969,-0.224447,-0.823734,3.854986,4.559632,13.435609
00059,11,-0.477051,0.190695,-0.220946,-0.828999,3.876460,4.558680,13.426873
00060,11,-0.494132,0.137314,-0.217778,-0.830392,3.897933,4.557727,13.418138
00061,11,-0.511136,0.084094,-0.214882,-0.827945,3.919406,4.556774,13.409402
00062,11,-0.527996,0.031293,-0.212200,-0.821713,3.940880,4.555822,13.400666
00063,11,-0.544641,-0.020843,-0.209676,-0.811768,3.962353,4.554869,13.391931
00064,11,-0.561002,-0.072081,-0.207254,-0.798202,3.983827,4.553917,13.383195
00065,11,-0.577007,-0.122202,-0.204883,-0.781122,4.005300,4.552964,13.374460
00066,11,-0.592588,-0.171001,-0.202516,-0.760648,4.026774,4.552012,13.365724
00067,11,-0.607676,-0.218284,-0.200109,-0.736911,4.048247,4.551059,13.356988
00068,11,-0.622205,-0.263875,-0.197622,-0.710054,4.069720,4.550107,13.348253
00069,11,-0.636109,-0.307609,-0.195020,-0.680227,4.091194,4.549154,13.339517
00070,11,-0.649328,-0.349335,-0.192274,-0.647587,4.112667,4.548201,13.330782
00071,11,-0.661801,-0.388913,-0.189358,-0.612298,4.134141,4.547249,13.322046
00072,11,-0.673473,-0.426218,-0.186252,-0.574528,4.155614,4.546296,13.313310
00073,11,-0.684292,-0.461132,-0.182940,-0.534448,4.177087,4.545344,13.304575
00074,11,-0.694209,-0.493551,-0.179409,-0.492233,4.198561,4.544391,13.295839
00075,11,-0.703181,-0.523378,-0.175654,-0.448059,4.220034,4.543439,13.287104
00076,11,-0.711168,-0.550526,-0.171671,-0.402107,4.241508,4.542486,13.278368
00077,11,-0.718134,-0.574917,-0.167460,-0.354556,4.262981,4.541534,13.269632
00078,11,-0.724051,-0.596481,-0.163025,-0.305588,4.284454,4.540581,13.260897
00079,11,-0.728892,-0.615152,-0.158373,-0.255386,4.305928,4.539628,13.252161
00080,11,-0.732638,-0.630876,-0.153512,-0.204135,4.327401,4.538676,13.243426
00081,11,-0.735274,-0.643601,-0.148452,-0.152021,4.348875,4.537723,13.234690
00082,11,-0.736793,-0.653285,-0.143208,-0.099230,4.370348,4.536771,13.225954
00083,11,-0.737189,-0.659890,-0.137792,-0.045950,4.391821,4.535818,13.217219
00084,11,-0.736466,-0.663384,-0.132219,0.007627,4.413295,4.534866,13.208483
00085,11,-0.734631,-0.663743,-0.126502,0.061310,4.434768,4.533913,13.199747
00086,11,-0.731699,-0.660950,-0.120656,0.114905,4.456242,4.532960,13.191012
00087,11,-0.727690,-0.654993,-0.114693,0.168216,4.477715,4.532008,13.182276
00088,11,-0.722629,-0.645869,-0.108626,0.221045,4.499188,4.531055,13.173541
00089,11,-0.716547,-0.633583,-0.102466,0.273191,4.520662,4.530103,13.164805
00090,11,-0.709482,-0.618150,-0.096219,0.324451,4.542135,4.529150,13.156069
00091,11,-0.701476,-0.599592,-0.089891,0.374621,4.563609,4.528198,13.147334
00092,11,-0.692578,-0.577944,-0.083486,0.423494,4.585082,4.527245,13.138598
00093,11,-0.682841,-0.553251,-0.077002,0.470863,4.606555,4.526293,13.129863
00094,11,-0.672324,-0.525573,-0.070436,0.516519,4.628029,4.525340,13.121127
00095,11,-0.661091,-0.494981,-0.063781,0.560253,4.649502,4.524387,13.112391
00096,11,-0.649211,-0.461562,-0.057025,0.601859,4.670976,4.523435,13.103656
00097,11,-0.636754,-0.425418,-0.050154,0.641130,4.692449,4.522482,13.094920
00098,11,-0.623797,-0.386670,-0.043149,0.677865,4.713922,4.521530,13.086185
00099,11,-0.610419,-0.345454,-0.035986,0.711867,4.735396,4.520577,13.077449
