00000,21,0.439061,0.871010,-0.038157,0.217048,-0.659449,0.430636,2.165008
00001,21,0.394351,0.895895,-0.027551,0.202732,-0.660461,0.431169,2.164255
00002,21,0.348595,0.917997,-0.015271,0.188494,-0.661473,0.431702,2.163503
00003,21,0.302020,0.937233,-0.001329,0.174287,-0.662484,0.432235,2.162750
00004,21,0.254852,0.953534,0.014248,0.160064,-0.663496,0.432768,2.161998
00005,21,0.207321,0.966841,0.031419,0.145773,-0.664508,0.433301,2.161245
00006,21,0.159655,0.977108,0.050131,0.131362,-0.665520,0.433835,2.160493
00007,21,0.112081,0.984305,0.070315,0.116778,-0.666531,0.434368,2.159741
00008,21,0.064823,0.988411,0.091890,0.101967,-0.667543,0.434901,2.158988
00009,21,0.018100,0.989421,0.114763,0.086875,-0.668555,0.435434,2.158236
00010,21,-0.027873,0.987342,0.138827,0.071451,-0.669567,0.435967,2.157483
00011,21,-0.072889,0.982195,0.163964,0.055645,-0.670578,0.436500,2.156731
00012,21,-0.116748,0.974012,0.190047,0.039408,-0.671590,0.437033,2.155978
00013,21,-0.159261,0.962839,0.216936,0.022694,-0.672602,0.437566,2.155226
00014,21,-0.200245,0.948736,0.244482,0.005463,-0.673614,0.438099,2.154473
00015,21,-0.239532,0.931773,0.272529,-0.012323,-0.674625,0.438632,2.153721
00016,21,-0.276963,0.912031,0.300913,-0.030697,-0.675637,0.439165,2.152968
00017,21,-0.312393,0.889604,0.329464,-0.049686,-0.676649,0.439699,2.152216
00018,21,-0.345690,0.864597,0.358004,-0.069313,-0.677661,0.440232,2.151464
00019,21,-0.376735,0.837122,0.386354,-0.089593,-0.678672,0.440765,2.150711
00020,21,-0.405427,0.807305,0.414330,-0.110535,-0.679684,0.441298,2.149959
00021,21,-0.431676,0.775276,0.441748,-0.132143,-0.680696,0.441831,2.149206
00022,21,-0.455409,0.741176,0.468420,-0.154411,-0.681708,0.442364,2.148454
00023,21,-0.476569,0.705153,0.494162,-0.177327,-0.682719,0.442897,2.147701
00024,21,-0.495114,0.667360,0.518789,-0.200872,-0.683731,0.443430,2.146949
00025,21,-0.511020,0.627957,0.542121,-0.225018,-0.684743,0.443963,2.146196
00026,21,-0.524275,0.587108,0.563981,-0.249731,-0.685755,0.444496,2.145444
00027,21,-0.534886,0.544981,0.584197,-0.274967,-0.686766,0.445030,2.144692
00028,21,-0.542874,0.501747,0.602605,-0.300675,-0.687778,0.445563,2.143939
00029,21,-0.548275,0.457580,0.619046,-0.326797,-0.688790,0.446096,2.143187
00030,21,-0.551142,0.412653,0.633373,-0.353268,-0.689802,0.446629,2.142434
00031,21,-0.551539,0.367142,0.645447,-0.380013,-0.690813,0.447162,2.141682
00032,21,-0.549545,0.321221,0.655138,-0.406953,-0.691825,0.447695,2.140929
00033,21,-0.545253,0.275062,0.662332,-0.434001,-0.692837,0.448228,2.140177
00034,21,-0.538766,0.228836,0.666923,-0.461063,-0.693849,0.448761,2.139424
00035,21,-0.530201,0.182710,0.668821,-0.488040,-0.694860,0.449294,2.138672
00036,21,-0.519682,0.136848,0.667949,-0.514827,-0.695872,0.449827,2.137920
00037,21,-0.507346,0.091408,0.664245,-0.541315,-0.696884,0.450361,2.137167
00038,21,-0.493337,0.046544,0.657662,-0.567391,-0.697896,0.450894,2.136415
00039,21,-0.477807,0.002403,0.648169,-0.592935,-0.698907,0.451427,2.135662
00040,21,-0.460912,-0.040874,0.635750,-0.617828,-0.699919,0.451960,2.134910
00041,21,-0.442816,-0.083156,0.620406,-0.641947,-0.700931,0.452493,2.134157
00042,21,-0.423686,-0.124315,0.602154,-0.665166,-0.701943,0.453026,2.133405
00043,21,-0.403693,-0.164236,0.581028,-0.687361,-0.702954,0.453559,2.132652
00044,21,-0.383007,-0.202811,0.557077,-0.708405,-0.703966,0.454092,2.131900
00045,21,-0.361801,-0.239940,0.530368,-0.728174,-0.704978,0.454625,2.131147
00046,21,-0.340247,-0.275536,0.500984,-0.746543,-0.705990,0.455158,2.130395
00047,21,-0.318514,-0.309518,0.469021,-0.763391,-0.707001,0.455691,2.129643
00048,21,-0.296769,-0.341818,0.434593,-0.778599,-0.708013,0.456225,2.128890
00049,21,-0.275175,-0.372376,0.397828,-0.792052,-0.709025,0.456758,2.128138
00050,21,-0.253889,-0.401144,0.358868,-0.803640,-0.710037,0.457291,2.127385
00051,21,-0.233061,-0.428083,0.317869,-0.813257,-0.711048,0.457824,2.126633
00052,21,-0.212837,-0.453164,0.274997,-0.820804,-0.712060,0.458357,2.125880
00053,21,-0.193352,-0.476369,0.230433,-0.826189,-0.713072,0.458890,2.125128
00054,21,-0.174731,-0.497691,0.184367,-0.829326,-0.714084,0.459423,2.124375
00055,21,-0.157093,-0.517129,0.136999,-0.830139,-0.715095,0.459956,2.123623
00056,21,-0.140542,-0.534696,0.088537,-0.828558,-0.716107,0.460489,2.122871
00057,21,-0.125175,-0.550410,0.039199,-0.824526,-0.717119,0.461022,2.122118
00058,21,-0.111072,-0.564300,-0.010793,-0.817992,-0.718131,0.461556,2.121366
00059,21,-0.098306,-0.576403,-0.061212,-0.808918,-0.719142,0.462089,2.120613
00060,21,-0.086933,-0.586762,-0.111826,-0.797275,-0.720154,0.462622,2.119861
00061,21,-0.076997,-0.595429,-0.162400,-0.783046,-0.721166,0.463155,2.119108
00062,21,-0.068531,-0.602463,-0.212701,-0.766225,-0.722178,0.463688,2.118356
00063,21,-0.061550,-0.607926,-0.262491,-0.746817,-0.723189,0.464221,2.117603
00064,21,-0.056060,-0.611889,-0.311539,-0.724839,-0.724201,0.464754,2.116851
00065,21,-0.052050,-0.614426,-0.359612,-0.700322,-0.725213,0.465287,2.116099
00066,21,-0.049498,-0.615614,-0.406483,-0.673306,-0.726225,0.465820,2.115346
00067,21,-0.048367,-0.615534,-0.451932,-0.643844,-0.727236,0.466353,2.114594
00068,21,-0.048609,-0.614272,-0.495743,-0.612002,-0.728248,0.466886,2.113841
00069,21,-0.050162,-0.611911,-0.537709,-0.577856,-0.729260,0.467420,2.113089
00070,21,-0.052953,-0.608541,-0.577632,-0.541494,-0.730272,0.467953,2.112336
00071,21,-0.056898,-0.604247,-0.615324,-0.503015,-0.731283,0.468486,2.111584
00072,21,-0.061902,-0.599118,-0.650609,-0.462530,-0.732295,0.469019,2.110831
00073,21,-0.067860,-0.593238,-0.683322,-0.420160,-0.733307,0.469552,2.110079
00074,21,-0.074659,-0.586694,-0.713312,-0.376034,-0.734319,0.470085,2.109326
00075,21,-0.082177,-0.579568,-0.740442,-0.330292,-0.735331,0.470618,2.108574
00076,21,-0.090284,-0.571939,-0.764590,-0.283084,-0.736342,0.471151,2.107822
00077,21,-0.098846,-0.563883,-0.785649,-0.234565,-0.737354,0.471684,2.107069
00078,21,-0.107722,-0.555472,-0.803529,-0.184900,-0.738366,0.472217,2.106317
00079,21,-0.116769,-0.546774,-0.818155,-0.134259,-0.739378,0.472751,2.105564
00080,21,-0.125839,-0.537852,-0.829470,-0.082820,-0.740389,0.473284,2.104812
00081,21,-0.134782,-0.528763,-0.837434,-0.030763,-0.741401,0.473817,2.104059
00082,21,-0.143451,-0.519559,-0.842026,0.021725,-0.742413,0.474350,2.103307
00083,21,-0.151695,-0.510284,-0.843241,0.074455,-0.743425,0.474883,2.102554
00084,21,-0.159367,-0.500978,-0.841091,0.127236,-0.744436,0.475416,2.101802
00085,21,-0.166323,-0.491674,-0.835606,0.179876,-0.745448,0.475949,2.101050
00086,21,-0.172422,-0.482397,-0.826835,0.232180,-0.746460,0.476482,2.100297
00087,21,-0.177529,-0.473166,-0.814841,0.283956,-0.747472,0.477015,2.099545
00088,21,-0.181515,-0.463994,-0.799705,0.335013,-0.748483,0.477548,2.098792
00089,21,-0.184258,-0.454885,-0.781524,0.385160,-0.749495,0.478081,2.098040
00090,21,-0.185643,-0.445839,-0.760410,0.434213,-0.750507,0.478615,2.097287
00091,21,-0.185567,-0.436847,-0.736488,0.481990,-0.751519,0.479148,2.096535
00092,21,-0.183934,-0.427895,-0.709900,0.528314,-0.752530,0.479681,2.095782
00093,21,-0.180660,-0.418962,-0.680798,0.573015,-0.753542,0.480214,2.095030
00094,21,-0.175674,-0.410022,-0.649348,0.615928,-0.754554,0.480747,2.094278
00095,21,-0.168915,-0.401042,-0.615725,0.656899,-0.755566,0.481280,2.093525
00096,21,-0.160335,-0.391986,-0.580114,0.695778,-0.756577,0.481813,2.092773
00097,21,-0.149901,-0.382812,-0.542711,0.732427,-0.757589,0.482346,2.092020
00098,21,-0.137592,-0.373474,-0.503716,0.766717,-0.758601,0.482879,2.091268
00099,21,-0.123402,-0.363921,-0.463339,0.798530,-0.759613,0.483412,2.090515
