00000,18,-0.844228,-0.443647,-0.270367,0.131748,-0.736783,-1.063599,3.159781
00001,18,-0.851607,-0.408705,-0.273760,0.181055,-0.744980,-1.052701,3.171595
00002,18,-0.855055,-0.373663,-0.275657,0.230801,-0.753177,-1.041803,3.183408
00003,18,-0.854504,-0.338699,-0.276196,0.280751,-0.761374,-1.030905,3.195222
00004,18,-0.849909,-0.303982,-0.275522,0.330663,-0.769571,-1.020007,3.207035
00005,18,-0.841248,-0.269669,-0.273791,0.380288,-0.777768,-1.009109,3.218849
00006,18,-0.828527,-0.235907,-0.271159,0.429374,-0.785965,-0.998211,3.230662
00007,18,-0.811777,-0.202833,-0.267790,0.477667,-0.794162,-0.987313,3.242476
00008,18,-0.791051,-0.170567,-0.263847,0.524909,-0.802359,-0.976415,3.254289
00009,18,-0.766430,-0.139220,-0.259495,0.570846,-0.810555,-0.965517,3.266103
00010,18,-0.738018,-0.108885,-0.254897,0.615225,-0.818752,-0.954619,3.277916
00011,18,-0.705943,-0.079646,-0.250212,0.657795,-0.826949,-0.943721,3.289730
00012,18,-0.670357,-0.051568,-0.245595,0.698316,-0.835146,-0.932823,3.301543
00013,18,-0.631434,-0.024703,-0.241195,0.736550,-0.843343,-0.921925,3.313357
00014,18,-0.589367,0.000909,-0.237152,0.772272,-0.851540,-0.911027,3.325170
00015,18,-0.544373,0.025245,-0.233599,0.805265,-0.859737,-0.900129,3.336984
00016,18,-0.496683,0.048294,-0.230656,0.835327,-0.867934,-0.889231,3.348797
00017,18,-0.446549,0.070060,-0.228431,0.862267,-0.876131,-0.878333,3.360611
00018,18,-0.394236,0.090558,-0.227022,0.885911,-0.884328,-0.867435,3.372425
00019,18,-0.340022,0.109816,-0.226511,0.906101,-0.892525,-0.856537,3.384238
00020,18,-0.284199,0.127873,-0.226963,0.922695,-0.900721,-0.845639,3.396052
00021,18,-0.227067,0.144781,-0.228433,0.935573,-0.908918,-0.834741,3.407865
00022,18,-0.168936,0.160597,-0.230955,0.944632,-0.917115,-0.823843,3.419679
00023,18,-0.110118,0.175391,-0.234548,0.949789,-0.925312,-0.812945,3.431492
00024,18,-0.050933,0.189237,-0.239216,0.950984,-0.933509,-0.802047,3.443306
00025,18,0.008301,0.202218,-0.244943,0.948178,-0.941706,-0.791149,3.455119
00026,18,0.067265,0.214421,-0.251699,0.941353,-0.949903,-0.780251,3.466933
00027,18,0.125642,0.225936,-0.259436,0.930516,-0.958100,-0.769353,3.478746
00028,18,0.183122,0.236858,-0.268089,0.915692,-0.966297,-0.758455,3.490560
00029,18,0.239400,0.247281,-0.277580,0.896933,-0.974494,-0.747557,3.502373
00030,18,0.294181,0.257300,-0.287812,0.874310,-0.982691,-0.736659,3.514187
00031,18,0.347181,0.267009,-0.298678,0.847917,-0.990887,-0.725761,3.526000
00032,18,0.398127,0.276500,-0.310054,0.817869,-0.999084,-0.714863,3.537814
00033,18,0.446761,0.285860,-0.321806,0.784301,-1.007281,-0.703965,3.549627
00034,18,0.492844,0.295173,-0.333789,0.747370,-1.015478,-0.693067,3.561441
00035,18,0.536151,0.304516,-0.345846,0.707249,-1.023675,-0.682169,3.573254
00036,18,0.576478,0.313960,-0.357816,0.664131,-1.031872,-0.671271,3.585068
00037,18,0.613640,0.323566,-0.369527,0.618224,-1.040069,-0.660373,3.596881
00038,18,0.647475,0.333388,-0.380803,0.569752,-1.048266,-0.649475,3.608695
00039,18,0.677841,0.343470,-0.391466,0.518954,-1.056463,-0.638577,3.620508
00040,18,0.704621,0.353847,-0.401335,0.466080,-1.064660,-0.627679,3.632322
00041,18,0.727722,0.364541,-0.410228,0.411392,-1.072857,-0.616781,3.644135
00042,18,0.747073,0.375564,-0.417966,0.355159,-1.081053,-0.605883,3.655949
00043,18,0.762628,0.386915,-0.424373,0.297661,-1.089250,-0.594985,3.667762
00044,18,0.774368,0.398583,-0.429277,0.239180,-1.097447,-0.584087,3.679576
00045,18,0.782294,0.410543,-0.432514,0.180006,-1.105644,-0.573189,3.691389
00046,18,0.786434,0.422759,-0.433928,0.120427,-1.113841,-0.562291,3.703203
00047,18,0.786838,0.435183,-0.433373,0.060735,-1.122038,-0.551393,3.715016
00048,18,0.783581,0.447754,-0.430715,0.001217,-1.130235,-0.540495,3.726830
00049,18,0.776756,0.460403,-0.425832,-0.057839,-1.138432,-0.529597,3.738643
00050,18,0.766482,0.473046,-0.418618,-0.116154,-1.146629,-0.518699,3.750457
00051,18,0.752894,0.485591,-0.408982,-0.173453,-1.154826,-0.507801,3.762270
00052,18,0.736147,0.497937,-0.396849,-0.229471,-1.163023,-0.496903,3.774084
00053,18,0.716415,0.509972,-0.382163,-0.283952,-1.171219,-0.486005,3.785897
00054,18,0.693886,0.521579,-0.364886,-0.336652,-1.179416,-0.475107,3.797711
00055,18,0.668763,0.532632,-0.345001,-0.387341,-1.187613,-0.464209,3.809524
00056,18,0.641261,0.543001,-0.322509,-0.435801,-1.195810,-0.453311,3.821338
00057,18,0.611606,0.552550,-0.297433,-0.481831,-1.204007,-0.442413,3.833151
00058,18,0.580033,0.561140,-0.269816,-0.525245,-1.212204,-0.431515,3.844965
00059,18,0.546785,0.568632,-0.239722,-0.565877,-1.220401,-0.420618,3.856778
00060,18,0.512109,0.574884,-0.207236,-0.603578,-1.228598,-0.409720,3.868592
00061,18,0.476256,0.579754,-0.172464,-0.638217,-1.236795,-0.398822,3.880406
00062,18,0.439477,0.583106,-0.135531,-0.669685,-1.244992,-0.387924,3.892219
00063,18,0.402024,0.584804,-0.096582,-0.697892,-1.253189,-0.377026,3.904033
00064,18,0.364145,0.584717,-0.055782,-0.722767,-1.261385,-0.366128,3.915846
00065,18,0.326086,0.582723,-0.013311,-0.744261,-1.269582,-0.355230,3.927660
00066,18,0.288084,0.578704,0.030630,-0.762345,-1.277779,-0.344332,3.939473
00067,18,0.250370,0.572554,0.075829,-0.777011,-1.285976,-0.333434,3.951287
00068,18,0.213164,0.564175,0.122057,-0.788270,-1.294173,-0.322536,3.963100
00069,18,0.176676,0.553481,0.169071,-0.796153,-1.302370,-0.311638,3.974914
00070,18,0.141103,0.540398,0.216620,-0.800709,-1.310567,-0.300740,3.986727
00071,18,0.106629,0.524868,0.264441,-0.802007,-1.318764,-0.289842,3.998541
00072,18,0.073421,0.506843,0.312264,-0.800132,-1.326961,-0.278944,4.010354
00073,18,0.041631,0.486294,0.359813,-0.795185,-1.335158,-0.268046,4.022168
00074,18,0.011395,0.463207,0.406809,-0.787284,-1.343355,-0.257148,4.033981
00075,18,-0.017170,0.437583,0.452968,-0.776560,-1.351551,-0.246250,4.045795
00076,18,-0.043964,0.409443,0.498010,-0.763157,-1.359748,-0.235352,4.057608
00077,18,-0.068909,0.378823,0.541653,-0.747232,-1.367945,-0.224454,4.069422
00078,18,-0.091942,0.345777,0.583623,-0.728951,-1.376142,-0.213556,4.081235
00079,18,-0.113023,0.310378,0.623648,-0.708487,-1.384339,-0.202658,4.093049
00080,18,-0.132126,0.272717,0.661467,-0.686025,-1.392536,-0.191760,4.104862
00081,18,-0.149250,0.232900,0.696827,-0.661751,-1.400733,-0.180862,4.116676
00082,18,-0.164408,0.191053,0.729488,-0.635858,-1.408930,-0.169964,4.128489
00083,18,-0.177633,0.147317,0.759224,-0.608541,-1.417127,-0.159066,4.140303
00084,18,-0.188973,0.101850,0.785824,-0.579997,-1.425324,-0.148168,4.152116
00085,18,-0.198497,0.054825,0.809092,-0.550421,-1.433521,-0.137270,4.163930
00086,18,-0.206284,0.006431,0.828853,-0.520008,-1.441717,-0.126372,4.175743
00087,18,-0.212431,-0.043131,0.844951,-0.488948,-1.449914,-0.115474,4.187557
00088,18,-0.217047,-0.093648,0.857252,-0.457427,-1.458111,-0.104576,4.199370
00089,18,-0.220253,-0.144894,0.865642,-0.425627,-1.466308,-0.093678,4.211184
00090,18,-0.222179,-0.196633,0.870033,-0.393719,-1.474505,-0.082780,4.222997
00091,18,-0.222967,-0.248622,0.870358,-0.361869,-1.482702,-0.071882,4.234811
00092,18,-0.222763,-0.300611,0.866577,-0.330232,-1.490899,-0.060984,4.246624
00093,18,-0.221722,-0.352341,0.858675,-0.298952,-1.499096,-0.050086,4.258438
00094,18,-0.219999,-0.403554,0.846659,-0.268164,-1.507293,-0.039188,4.270251
00095,18,-0.217756,-0.453987,0.830566,-0.237989,-1.515490,-0.028290,4.282065
00096,18,-0.215153,-0.503375,0.810454,-0.208536,-1.523687,-0.017392,4.293878
00097,18,-0.212348,-0.551458,0.786408,-0.179901,-1.531883,-0.006494,4.305692
00098,18,-0.209499,-0.597975,0.758539,-0.152166,-1.540080,0.004404,4.317505
00099,18,-0.206759,-0.642673,0.726978,-0.125399,-1.548277,0.015302,4.329319
