00000,17,0.207305,-0.130502,0.688823,0.682287,-0.143370,0.220382,0.715783
00001,17,0.807150,-0.329747,0.148540,-0.466597,0.118072,-0.145149,0.715970
00002,17,-0.552745,0.603772,0.562983,0.113943,-0.197156,0.140936,0.717566
00003,17,0.363793,-0.757609,-0.221636,0.494532,-0.149456,-0.216418,0.716224
00004,17,0.948496,-0.162771,-0.260772,0.076549,0.115211,0.092336,0.717287
00005,17,0.587831,0.205007,0.186479,-0.760035,-0.054003,0.129023,0.718921
00006,17,-0.390048,0.347320,0.838184,-0.157096,-0.075123,-0.160430,0.716609
00007,17,-0.340533,-0.521612,0.750774,-0.219765,-0.075156,0.059063,0.720354
00008,17,-0.258848,-0.109274,0.280309,-0.917869,-0.201801,0.122576,0.721557
00009,17,0.088588,0.300617,-0.299751,-0.901072,-0.216511,0.068569,0.716355
00010,17,-0.169134,0.418129,-0.892502,0.001740,0.192879,0.066673,0.719738
00011,17,-0.171661,0.861069,-0.342866,-0.333971,-0.154217,0.149605,0.717215
00012,17,0.334895,-0.467577,-0.744741,0.338495,0.019749,-0.199326,0.715648
00013,17,-0.855881,-0.178162,-0.195208,-0.444544,0.172199,-0.113087,0.723600
00014,17,-0.395142,-0.727690,-0.363335,0.426987,-0.042143,-0.216748,0.719621
00015,17,0.385331,0.683646,-0.601695,0.148695,-0.132505,0.102473,0.720195
00016,17,0.377060,0.607354,-0.639945,0.281810,0.070128,-0.236321,0.723508
00017,17,0.766205,-0.013955,-0.376802,-0.520342,0.202807,0.259548,0.725857
00018,17,0.148476,0.037737,-0.983008,0.101128,0.181585,0.261142,0.726228
00019,17,-0.878328,-0.401652,-0.051759,-0.254041,-0.183713,0.125188,0.719323
00020,17,-0.768520,0.196023,0.205349,0.573397,0.089432,0.189949,0.723102
00021,17,-0.165573,-0.124782,0.223926,0.952299,-0.170797,-0.076367,0.719492
00022,17,-0.764670,-0.040042,-0.629175,-0.133473,-0.158148,-0.106082,0.727516
00023,17,-0.014001,0.987010,0.004056,0.159994,0.087168,-0.137602,0.731781
00024,17,-0.754432,-0.156536,0.612429,0.176804,0.207347,-0.237687,0.723975
00025,17,0.871181,0.350886,-0.265693,0.217553,-0.147509,0.097635,0.717594
00026,17,-0.112416,-0.916944,0.225132,0.309664,0.061080,0.023158,0.721778
00027,17,-0.935831,-0.152411,-0.259709,0.183145,0.161227,-0.182519,0.725914
00028,17,-0.275079,0.395563,-0.015698,0.876137,-0.238867,-0.070568,0.723087
00029,17,0.704191,0.262920,0.656082,0.067424,-0.044816,0.202901,0.732378
00030,17,-0.287600,-0.321107,0.251976,0.866420,-0.143648,0.109415,0.719511
00031,17,-0.380038,0.492689,-0.336251,0.706940,0.014061,-0.188349,0.727817
00032,17,-0.730692,0.081764,0.498966,0.458734,-0.251319,0.109315,0.717847
00033,17,0.305324,-0.537734,-0.509825,0.598079,0.243202,0.235193,0.719019
00034,17,0.563443,-0.458050,0.681840,-0.088407,0.151783,-0.106851,0.739236
00035,17,0.319139,-0.384420,0.837521,0.221201,-0.018608,0.013246,0.731191
00036,17,-0.031531,0.661127,0.690911,0.290789,-0.244019,0.112153,0.731898
00037,17,-0.029593,-0.446513,0.850078,0.277700,0.124992,-0.175244,0.728214
00038,17,0.534286,0.503144,0.510318,-0.448286,0.083780,-0.007575,0.742459
00039,17,-0.014930,-0.008127,-0.604260,0.796606,-0.157350,-0.042844,0.721252
00040,17,0.050032,0.412367,0.760953,0.498398,0.247218,0.014143,0.741548
00041,17,0.222104,0.067506,0.417706,-0.878427,0.000099,0.203588,0.735922
00042,17,-0.028439,-0.216071,-0.852571,0.475002,0.134201,-0.195364,0.729472
00043,17,0.654569,0.122886,-0.687721,0.288924,0.127489,0.198284,0.719744
00044,17,0.381398,-0.798323,-0.327843,0.331264,-0.066423,-0.146924,0.730903
00045,17,0.097036,0.734975,0.507235,0.439441,0.138728,-0.253714,0.722385
00046,17,0.372422,0.070235,0.316727,-0.869513,0.149808,0.156298,0.724379
00047,17,0.266768,0.422416,0.859394,-0.108822,0.136425,0.168684,0.731311
00048,17,-0.655375,-0.484453,0.279996,-0.507337,0.250831,-0.157018,0.726253
00049,17,0.430018,-0.750797,-0.497520,-0.062148,-0.028478,0.137327,0.749875
00050,17,0.526940,-0.093775,0.841364,-0.075149,-0.085697,-0.165189,0.731393
00051,17,0.124973,-0.291310,0.667556,-0.673713,-0.219983,0.053352,0.731871
00052,17,0.189262,-0.844829,-0.365432,0.341911,-0.008911,0.020437,0.747946
00053,17,0.690885,-0.599515,-0.066112,-0.398609,0.049933,-0.008891,0.750614
00054,17,-0.190638,0.314180,-0.918399,0.146600,-0.077293,-0.227358,0.741335
00055,17,-0.200024,0.179089,0.074795,-0.960377,0.128852,-0.133272,0.746951
00056,17,-0.721166,-0.378044,-0.298297,0.498017,0.009560,0.238277,0.732980
00057,17,0.077596,0.065482,-0.491710,0.864819,0.109383,0.105200,0.733769
00058,17,0.541649,0.817454,0.191253,-0.042519,0.078919,-0.032121,0.746533
00059,17,0.147608,0.396312,-0.255595,-0.869379,0.131230,-0.255086,0.741905
00060,17,-0.364040,0.408515,-0.038228,0.836139,-0.099016,0.167576,0.752379
00061,17,0.579288,0.064641,0.159684,-0.796710,0.153439,-0.205841,0.754163
00062,17,0.344695,0.542614,-0.299865,-0.704866,-0.162476,-0.139237,0.730484
00063,17,-0.211226,0.356479,0.698682,0.583223,-0.072974,-0.247091,0.754477
00064,17,0.543434,0.179825,-0.704527,-0.419504,-0.180251,-0.225976,0.720639
00065,17,-0.006016,-0.776802,-0.486379,0.399972,0.259517,0.199747,0.722798
00066,17,0.347419,-0.307969,-0.796740,-0.386860,-0.078088,-0.050338,0.746179
00067,17,0.651970,0.080003,0.503844,-0.560960,0.109468,-0.072133,0.758154
00068,17,-0.230256,-0.319036,-0.165725,-0.904286,-0.141201,0.210238,0.735672
00069,17,0.813555,-0.403974,0.381222,0.172056,-0.076824,-0.259910,0.742720
00070,17,-0.382570,0.313167,0.278174,0.823521,-0.241751,0.049689,0.758270
00071,17,-0.712042,-0.441593,0.465176,-0.285662,-0.213270,-0.101988,0.734831
00072,17,-0.551296,0.178374,0.241515,0.778412,-0.166528,0.014457,0.718018
00073,17,0.389755,0.563160,0.652248,0.324830,-0.015336,0.190103,0.749072
00074,17,0.099141,0.231962,0.762553,-0.595716,-0.211011,-0.074250,0.732758
00075,17,-0.095601,0.354409,0.669900,0.645359,-0.256114,0.137364,0.723140
00076,17,0.450472,0.232135,0.592488,0.626216,0.055939,-0.201445,0.727694
00077,17,0.105189,-0.379822,-0.035267,-0.918383,-0.112111,0.141012,0.716921
00078,17,0.340608,0.299224,-0.818577,0.352678,-0.202936,-0.058309,0.718885
00079,17,-0.246560,-0.680180,-0.686294,-0.074593,-0.092135,0.038083,0.729371
00080,17,-0.491477,0.113904,0.123067,0.854594,0.165551,0.092539,0.750268
00081,17,-0.291322,-0.113131,0.941356,0.127205,0.024597,0.061057,0.752837
00082,17,-0.356568,-0.342403,0.621300,-0.607952,-0.157348,0.268782,0.752479
00083,17,0.216235,-0.855082,-0.071780,0.465753,0.110493,0.233193,0.727688
00084,17,0.346736,-0.669008,0.114244,0.647418,-0.010429,0.027730,0.749709
00085,17,0.212453,-0.716468,-0.622773,0.231712,-0.131193,-0.207666,0.769118
00086,17,-0.493558,-0.645737,-0.275669,-0.513255,0.125294,-0.139803,0.719277
00087,17,0.830195,0.152626,0.299399,0.444794,-0.014269,0.078721,0.754243
00088,17,-0.634936,0.010456,-0.107604,0.764963,0.024017,0.112214,0.720954
00089,17,-0.221106,-0.022114,-0.785651,-0.577387,0.197333,-0.160880,0.732438
00090,17,0.129376,0.269708,-0.257441,0.918827,0.052412,0.111069,0.772471
00091,17,-0.257208,0.048221,-0.811163,0.523005,-0.149176,0.003588,0.749274
00092,17,-0.200711,0.118358,-0.334123,0.913273,0.033222,0.030661,0.754375
00093,17,0.086804,0.988694,-0.009132,-0.121922,0.055196,-0.164624,0.744790
00094,17,-0.350377,0.460462,0.632311,-0.515164,-0.167554,-0.234949,0.780179
00095,17,-0.591869,-0.284471,-0.479943,0.581741,-0.030628,-0.115209,0.777975
00096,17,0.630399,-0.737100,-0.124769,0.209076,-0.014454,0.154242,0.767316
00097,17,0.400647,-0.412198,-0.186253,-0.796797,0.233291,0.084148,0.746260
00098,17,0.736778,-0.486206,-0.396008,-0.252861,0.260187,0.272632,0.775832
00099,17,0.780821,-0.445882,-0.409685,-0.153837,-0.010707,0.003454,0.719749
