00000,5,0.656060,0.456273,0.094598,-0.593675,16.042684,-28.063644,89.928260
00001,5,0.552970,0.480848,0.109005,-0.671659,16.101331,-28.026667,90.068813
00002,5,0.437142,0.510914,0.117213,-0.730844,16.159978,-27.989690,90.209366
00003,5,0.312684,0.545351,0.118502,-0.768619,16.218625,-27.952712,90.349918
00004,5,0.184383,0.582793,0.112564,-0.783379,16.277272,-27.915735,90.490471
00005,5,0.057255,0.621742,0.099477,-0.774765,16.335919,-27.878758,90.631024
00006,5,-0.063946,0.660701,0.079620,-0.743669,16.394566,-27.841780,90.771577
00007,5,-0.175125,0.698280,0.053535,-0.692003,16.453213,-27.804803,90.912130
00008,5,-0.273044,0.733243,0.021788,-0.622354,16.511860,-27.767826,91.052682
00009,5,-0.355304,0.764509,-0.015131,-0.537638,16.570507,-27.730848,91.193235
00010,5,-0.420184,0.791109,-0.056846,-0.440861,16.629154,-27.693871,91.333788
00011,5,-0.466435,0.812143,-0.103073,-0.335016,16.687801,-27.656894,91.474341
00012,5,-0.493101,0.826741,-0.153527,-0.223111,16.746448,-27.619916,91.614894
00013,5,-0.499437,0.834059,-0.207803,-0.108278,16.805095,-27.582939,91.755447
00014,5,-0.484955,0.833323,-0.265241,0.006105,16.863742,-27.545962,91.895999
00015,5,-0.449581,0.823918,-0.324807,0.116338,16.922389,-27.508984,92.036552
00016,5,-0.393899,0.805525,-0.385036,0.218446,16.981036,-27.472007,92.177105
00017,5,-0.319386,0.778259,-0.444077,0.308382,17.039683,-27.435030,92.317658
00018,5,-0.228550,0.742767,-0.499853,0.382371,17.098330,-27.398052,92.458211
00019,5,-0.124869,0.700237,-0.550302,0.437312,17.156977,-27.361075,92.598763
00020,5,-0.012530,0.652278,-0.593656,0.471113,17.215624,-27.324098,92.739316
00021,5,0.103983,0.600714,-0.628645,0.482840,17.274271,-27.287120,92.879869
00022,5,0.220291,0.547345,-0.654597,0.472637,17.332918,-27.250143,93.020422
00023,5,0.332423,0.493757,-0.671406,0.441487,17.391565,-27.213166,93.160975
00024,5,0.436933,0.441216,-0.679419,0.390903,17.450212,-27.176188,93.301527
00025,5,0.530874,0.390666,-0.679289,0.322672,17.508859,-27.139211,93.442080
00026,5,0.611666,0.342799,-0.671840,0.238713,17.567506,-27.102234,93.582633
00027,5,0.676954,0.298162,-0.657976,0.141064,17.626153,-27.065256,93.723186
00028,5,0.724524,0.257271,-0.638633,0.031990,17.684800,-27.028279,93.863739
00029,5,0.752318,0.220696,-0.614767,-0.085848,17.743447,-26.991302,94.004292
00030,5,0.758578,0.189107,-0.587385,-0.209224,17.802094,-26.954324,94.144844
00031,5,0.742114,0.163252,-0.557567,-0.334265,17.860741,-26.917347,94.285397
00032,5,0.702624,0.143882,-0.526494,-0.456530,17.919388,-26.880370,94.425950
00033,5,0.640965,0.131624,-0.495440,-0.571293,17.978035,-26.843392,94.566503
00034,5,0.559255,0.126844,-0.465720,-0.673979,18.036682,-26.806415,94.707056
00035,5,0.460727,0.129532,-0.438610,-0.760639,18.095329,-26.769438,94.847608
00036,5,0.349361,0.139263,-0.415261,-0.828317,18.153976,-26.732460,94.988161
00037,5,0.229421,0.155214,-0.396635,-0.875188,18.212623,-26.695483,95.128714
00038,5,0.105032,0.176244,-0.383484,-0.900469,18.271270,-26.658506,95.269267
00039,5,-0.020075,0.200988,-0.376364,-0.904184,18.329917,-26.621528,95.409820
00040,5,-0.142642,0.227942,-0.375682,-0.886881,18.388564,-26.584551,95.550373
00041,5,-0.259792,0.255524,-0.381723,-0.849412,18.447211,-26.547574,95.690925
00042,5,-0.368866,0.282120,-0.394667,-0.792832,18.505858,-26.510596,95.831478
00043,5,-0.467242,0.306111,-0.414557,-0.718416,18.564505,-26.473619,95.972031
00044,5,-0.552226,0.325923,-0.441239,-0.627796,18.623152,-26.436642,96.112584
00045,5,-0.621051,0.340088,-0.474278,-0.523159,18.681799,-26.399664,96.253137
00046,5,-0.671042,0.347353,-0.512881,-0.407431,18.740446,-26.362687,96.393689
00047,5,-0.699915,0.346801,-0.555864,-0.284362,18.799093,-26.325710,96.534242
00048,5,-0.706150,0.337963,-0.601692,-0.158426,18.857740,-26.288732,96.674795
00049,5,-0.689318,0.320873,-0.648605,-0.034513,18.916387,-26.251755,96.815348
00050,5,-0.650234,0.296041,-0.694797,0.082530,18.975034,-26.214778,96.955901
00051,5,-0.590873,0.264318,-0.738595,0.188362,19.033681,-26.177800,97.096453
00052,5,-0.514083,0.226717,-0.778590,0.279489,19.092328,-26.140823,97.237006
00053,5,-0.423203,0.184229,-0.813681,0.353383,19.150975,-26.103846,97.377559
00054,5,-0.321732,0.137695,-0.843049,0.408407,19.209622,-26.066868,97.518112
00055,5,-0.213106,0.087759,-0.866079,0.443611,19.268269,-26.029891,97.658665
00056,5,-0.100637,0.034897,-0.882280,0.458513,19.326916,-25.992914,97.799218
00057,5,0.012442,-0.020484,-0.891221,0.452934,19.385563,-25.955936,97.939770
00058,5,0.122862,-0.077914,-0.892498,0.426942,19.444210,-25.918959,98.080323
00059,5,0.227218,-0.136720,-0.885765,0.380917,19.502857,-25.881982,98.220876
00060,5,0.321934,-0.195905,-0.870801,0.315727,19.561504,-25.845004,98.361429
00061,5,0.403357,-0.254096,-0.847628,0.232943,19.620151,-25.808027,98.501982
00062,5,0.468006,-0.309579,-0.816637,0.135031,19.678798,-25.771050,98.642534
00063,5,0.512921,-0.360456,-0.778677,0.025398,19.737445,-25.734072,98.783087
00064,5,0.536039,-0.404877,-0.735063,-0.091751,19.796092,-25.697095,98.923640
00065,5,0.536452,-0.441306,-0.687478,-0.211757,19.854739,-25.660118,99.064193
00066,5,0.514454,-0.468726,-0.637782,-0.329948,19.913386,-25.623140,99.204746
00067,5,0.471367,-0.486731,-0.587794,-0.442043,19.972033,-25.586163,99.345298
00068,5,0.409219,-0.495503,-0.539115,-0.544398,20.030680,-25.549186,99.485851
00069,5,0.330407,-0.495694,-0.493030,-0.634065,20.089327,-25.512208,99.626404
00070,5,0.237436,-0.488278,-0.450502,-0.708700,20.147974,-25.475231,99.766957
00071,5,0.132807,-0.474420,-0.412232,-0.766388,20.206621,-25.438254,99.907510
00072,5,0.019034,-0.455374,-0.378749,-0.805493,20.265268,-25.401276,100.048063
00073,5,-0.101221,-0.432426,-0.350498,-0.824567,20.323915,-25.364299,100.188615
00074,5,-0.224983,-0.406870,-0.327897,-0.822388,20.382562,-25.327322,100.329168
00075,5,-0.348808,-0.380001,-0.311352,-0.798117,20.441209,-25.290344,100.469721
00076,5,-0.468742,-0.353109,-0.301235,-0.751566,20.499856,-25.253367,100.610274
00077,5,-0.580449,-0.327462,-0.297806,-0.683490,20.558503,-25.216390,100.750827
00078,5,-0.679527,-0.304266,-0.301133,-0.595804,20.617150,-25.179412,100.891379
00079,5,-0.761962,-0.284614,-0.311009,-0.491609,20.675797,-25.142435,101.031932
00080,5,-0.824580,-0.269425,-0.326912,-0.374974,20.734444,-25.105458,101.172485
00081,5,-0.865354,-0.259412,-0.348012,-0.250508,20.793091,-25.068480,101.313038
00082,5,-0.883480,-0.255077,-0.373230,-0.122869,20.851738,-25.031503,101.453591
00083,5,-0.879215,-0.256752,-0.401303,0.003645,20.910385,-24.994525,101.594143
00084,5,-0.853586,-0.264649,-0.430864,0.125328,20.969032,-24.957548,101.734696
00085,5,-0.808083,-0.278909,-0.460486,0.239089,21.027679,-24.920571,101.875249
00086,5,-0.744438,-0.299626,-0.488715,0.342334,21.086326,-24.883593,102.015802
00087,5,-0.664527,-0.326836,-0.514083,0.432781,21.144973,-24.846616,102.156355
00088,5,-0.570405,-0.360453,-0.535124,0.508283,21.203620,-24.809639,102.296908
00089,5,-0.464433,-0.400184,-0.550415,0.566742,21.262267,-24.772661,102.437460
00090,5,-0.349449,-0.445417,-0.558645,0.606138,21.320914,-24.735684,102.578013
00091,5,-0.228907,-0.495136,-0.558734,0.624705,21.379561,-24.698707,102.718566
00092,5,-0.106895,-0.547891,-0.549970,0.621225,21.438208,-24.661729,102.859119
00093,5,0.012024,-0.601862,-0.532140,0.595351,21.496855,-24.624752,102.999672
00094,5,0.123156,-0.655025,-0.505594,0.547857,21.555502,-24.587775,103.140224
00095,5,0.222123,-0.705376,-0.471207,0.480696,21.614149,-24.550797,103.280777
00096,5,0.305286,-0.751152,-0.430231,0.396826,21.672796,-24.513820,103.421330
00097,5,0.369998,-0.790988,-0.384074,0.299873,21.731443,-24.476843,103.561883
00098,5,0.414647,-0.823963,-0.334095,0.193732,21.790090,-24.439865,103.702436
00099,5,0.438509,-0.849550,-0.281440,0.082251,21.848737,-24.402888,103.842989
00100,5,0.441506,-0.867517,-0.226996,-0.030942,21.907384,-24.365911,103.983541
00101,5,0.423982,-0.877814,-0.171412,-0.142472,21.966031,-24.328933,104.124094
00102,5,0.386552,-0.880476,-0.115202,-0.249131,22.024678,-24.291956,104.264647
00103,5,0.330073,-0.875580,-0.058878,-0.347768,22.083325,-24.254979,104.405200
00104,5,0.255739,-0.863242,-0.003087,-0.435200,22.141972,-24.218001,104.545753
00105,5,0.165255,-0.843668,0.051276,-0.508216,22.200619,-24.181024,104.686305
00106,5,0.061035,-0.817244,0.103019,-0.563713,22.259266,-24.144047,104.826858
00107,5,-0.053663,-0.784632,0.150689,-0.598970,22.317913,-24.107069,104.967411
00108,5,-0.174764,-0.746844,0.192707,-0.612000,22.376560,-24.070092,105.107964
00109,5,-0.297600,-0.705249,0.227577,-0.601885,22.435207,-24.033115,105.248517
00110,5,-0.417317,-0.661487,0.254119,-0.568950,22.493854,-23.996137,105.389069
00111,5,-0.529337,-0.617313,0.271656,-0.514712,22.552501,-23.959160,105.529622
00112,5,-0.629737,-0.574419,0.280090,-0.441613,22.611148,-23.922183,105.670175
00113,5,-0.715446,-0.534278,0.279879,-0.352633,22.669795,-23.885205,105.810728
00114,5,-0.784226,-0.498076,0.271928,-0.250922,22.728442,-23.848228,105.951281
00115,5,-0.834521,-0.466705,0.257454,-0.139557,22.787089,-23.811251,106.091834
00116,5,-0.865244,-0.440811,0.237859,-0.021451,22.845736,-23.774273,106.232386
00117,5,-0.875603,-0.420868,0.214636,0.100590,22.904383,-23.737296,106.372939
