00000,15,0.847037,-0.231444,0.198195,0.435523,4.530779,-3.303324,23.771635
00001,15,0.863372,-0.262119,0.183584,0.390101,4.561066,-3.294149,23.741604
00002,15,0.875496,-0.294069,0.168770,0.344307,4.591354,-3.284975,23.711572
00003,15,0.883355,-0.327115,0.153577,0.298487,4.621641,-3.275801,23.681541
00004,15,0.886932,-0.361053,0.137831,0.252974,4.651929,-3.266626,23.651510
00005,15,0.886245,-0.395652,0.121360,0.208086,4.682216,-3.257452,23.621479
00006,15,0.881351,-0.430660,0.103999,0.164123,4.712504,-3.248277,23.591448
00007,15,0.872337,-0.465804,0.085593,0.121363,4.742791,-3.239103,23.561416
00008,15,0.859327,-0.500791,0.065999,0.080057,4.773079,-3.229929,23.531385
00009,15,0.842476,-0.535318,0.045091,0.040434,4.803366,-3.220754,23.501354
00010,15,0.821970,-0.569069,0.022759,0.002687,4.833654,-3.211580,23.471323
00011,15,0.798020,-0.601724,-0.001084,-0.033015,4.863942,-3.202406,23.441292
00012,15,0.770866,-0.632957,-0.026502,-0.066542,4.894229,-3.193231,23.411260
00013,15,0.740767,-0.662446,-0.053537,-0.097790,4.924517,-3.184057,23.381229
00014,15,0.708003,-0.689872,-0.082202,-0.126695,4.954804,-3.174882,23.351198
00015,15,0.672867,-0.714927,-0.112482,-0.153222,4.985092,-3.165708,23.321167
00016,15,0.635669,-0.737314,-0.144338,-0.177370,5.015379,-3.156534,23.291136
00017,15,0.596723,-0.756754,-0.177697,-0.199170,5.045667,-3.147359,23.261104
00018,15,0.556351,-0.772988,-0.212460,-0.218685,5.075954,-3.138185,23.231073
00019,15,0.514875,-0.785781,-0.248501,-0.236004,5.106242,-3.129011,23.201042
00020,15,0.472616,-0.794925,-0.285664,-0.251246,5.136530,-3.119836,23.171011
00021,15,0.429887,-0.800240,-0.323768,-0.264551,5.166817,-3.110662,23.140980
00022,15,0.386993,-0.801580,-0.362607,-0.276083,5.197105,-3.101487,23.110948
00023,15,0.344229,-0.798832,-0.401951,-0.286024,5.227392,-3.092313,23.080917
00024,15,0.301870,-0.791919,-0.441550,-0.294570,5.257680,-3.083139,23.050886
00025,15,0.260175,-0.780803,-0.481137,-0.301931,5.287967,-3.073964,23.020855
00026,15,0.219381,-0.765482,-0.520429,-0.308324,5.318255,-3.064790,22.990824
00027,15,0.179704,-0.745993,-0.559128,-0.313970,5.348542,-3.055616,22.960792
00028,15,0.141332,-0.722411,-0.596931,-0.319092,5.378830,-3.046441,22.930761
00029,15,0.104428,-0.694852,-0.633527,-0.323910,5.409117,-3.037267,22.900730
00030,15,0.069125,-0.663466,-0.668604,-0.328637,5.439405,-3.028092,22.870699
00031,15,0.035531,-0.628439,-0.701851,-0.333477,5.469693,-3.018918,22.840668
00032,15,0.003720,-0.589992,-0.732961,-0.338621,5.499980,-3.009744,22.810637
00033,15,-0.026259,-0.548377,-0.761637,-0.344240,5.530268,-3.000569,22.780605
00034,15,-0.054390,-0.503875,-0.787596,-0.350491,5.560555,-2.991395,22.750574
00035,15,-0.080680,-0.456794,-0.810567,-0.357506,5.590843,-2.982220,22.720543
00036,15,-0.105168,-0.407463,-0.830303,-0.365392,5.621130,-2.973046,22.690512
00037,15,-0.127915,-0.356232,-0.846574,-0.374231,5.651418,-2.963872,22.660481
00038,15,-0.149008,-0.303466,-0.859179,-0.384077,5.681705,-2.954697,22.630449
00039,15,-0.168554,-0.249541,-0.867945,-0.394956,5.711993,-2.945523,22.600418
00040,15,-0.186680,-0.194842,-0.872726,-0.406863,5.742281,-2.936349,22.570387
00041,15,-0.203527,-0.139756,-0.873410,-0.419762,5.772568,-2.927174,22.540356
00042,15,-0.219254,-0.084670,-0.869919,-0.433589,5.802856,-2.918000,22.510325
00043,15,-0.234026,-0.029966,-0.862209,-0.448251,5.833143,-2.908825,22.480293
00044,15,-0.248017,0.023984,-0.850273,-0.463625,5.863431,-2.899651,22.450262
00045,15,-0.261407,0.076818,-0.834138,-0.479561,5.893718,-2.890477,22.420231
00046,15,-0.274373,0.128195,-0.813869,-0.495886,5.924006,-2.881302,22.390200
00047,15,-0.287093,0.177791,-0.789565,-0.512401,5.954293,-2.872128,22.360169
00048,15,-0.299736,0.225306,-0.761361,-0.528890,5.984581,-2.862954,22.330137
00049,15,-0.312465,0.270467,-0.729425,-0.545116,6.014869,-2.853779,22.300106
00050,15,-0.325428,0.313030,-0.693957,-0.560831,6.045156,-2.844605,22.270075
00051,15,-0.338762,0.352783,-0.655187,-0.575773,6.075444,-2.835430,22.240044
00052,15,-0.352584,0.389546,-0.613371,-0.589673,6.105731,-2.826256,22.210013
00053,15,-0.366992,0.423174,-0.568791,-0.602260,6.136019,-2.817082,22.179981
00054,15,-0.382063,0.453557,-0.521751,-0.613261,6.166306,-2.807907,22.149950
00055,15,-0.397850,0.480623,-0.472573,-0.622408,6.196594,-2.798733,22.119919
00056,15,-0.414381,0.504334,-0.421594,-0.629439,6.226881,-2.789559,22.089888
00057,15,-0.431660,0.524688,-0.369163,-0.634105,6.257169,-2.780384,22.059857
00058,15,-0.449664,0.541720,-0.315638,-0.636172,6.287456,-2.771210,22.029826
00059,15,-0.468342,0.555496,-0.261377,-0.635422,6.317744,-2.762035,21.999794
00060,15,-0.487617,0.566116,-0.206744,-0.631663,6.348032,-2.752861,21.969763
00061,15,-0.507389,0.573709,-0.152096,-0.624724,6.378319,-2.743687,21.939732
00062,15,-0.527529,0.578432,-0.097784,-0.614465,6.408607,-2.734512,21.909701
00063,15,-0.547888,0.580467,-0.044148,-0.600773,6.438894,-2.725338,21.879670
00064,15,-0.568292,0.580017,0.008487,-0.583569,6.469182,-2.716164,21.849638
00065,15,-0.588548,0.577304,0.059810,-0.562808,6.499469,-2.706989,21.819607
00066,15,-0.608448,0.572566,0.109535,-0.538481,6.529757,-2.697815,21.789576
00067,15,-0.627764,0.566050,0.157395,-0.510613,6.560044,-2.688640,21.759545
00068,15,-0.646260,0.558015,0.203150,-0.479267,6.590332,-2.679466,21.729514
00069,15,-0.663689,0.548719,0.246588,-0.444543,6.620620,-2.670292,21.699482
00070,15,-0.679798,0.538423,0.287526,-0.406576,6.650907,-2.661117,21.669451
00071,15,-0.694331,0.527384,0.325810,-0.365537,6.681195,-2.651943,21.639420
00072,15,-0.707034,0.515853,0.361319,-0.321631,6.711482,-2.642769,21.609389
00073,15,-0.717657,0.504067,0.393964,-0.275095,6.741770,-2.633594,21.579358
00074,15,-0.725956,0.492251,0.423688,-0.226196,6.772057,-2.624420,21.549326
00075,15,-0.731701,0.480613,0.450467,-0.175228,6.802345,-2.615245,21.519295
00076,15,-0.734673,0.469340,0.474305,-0.122509,6.832632,-2.606071,21.489264
00077,15,-0.734676,0.458598,0.495241,-0.068381,6.862920,-2.596897,21.459233
00078,15,-0.731529,0.448525,0.513339,-0.013202,6.893207,-2.587722,21.429202
00079,15,-0.725078,0.439235,0.528692,0.042657,6.923495,-2.578548,21.399170
00080,15,-0.715194,0.430814,0.541417,0.098813,6.953783,-2.569374,21.369139
00081,15,-0.701777,0.423318,0.551656,0.154876,6.984070,-2.560199,21.339108
00082,15,-0.684757,0.416773,0.559567,0.210456,7.014358,-2.551025,21.309077
00083,15,-0.664096,0.411176,0.565330,0.265165,7.044645,-2.541850,21.279046
00084,15,-0.639789,0.406494,0.569135,0.318619,7.074933,-2.532676,21.249014
00085,15,-0.611865,0.402666,0.571184,0.370446,7.105220,-2.523502,21.218983
00086,15,-0.580386,0.399602,0.571689,0.420288,7.135508,-2.514327,21.188952
00087,15,-0.545450,0.397187,0.570863,0.467805,7.165795,-2.505153,21.158921
00088,15,-0.507190,0.395280,0.568921,0.512680,7.196083,-2.495979,21.128890
00089,15,-0.465768,0.393721,0.566076,0.554618,7.226371,-2.486804,21.098859
00090,15,-0.421383,0.392328,0.562535,0.593354,7.256658,-2.477630,21.068827
00091,15,-0.374259,0.390904,0.558495,0.628655,7.286946,-2.468455,21.038796
00092,15,-0.324652,0.389237,0.554142,0.660319,7.317233,-2.459281,21.008765
00093,15,-0.272843,0.387107,0.549648,0.688180,7.347521,-2.450107,20.978734
00094,15,-0.219135,0.384287,0.545165,0.712108,7.377808,-2.440932,20.948703
00095,15,-0.163851,0.380546,0.540830,0.732011,7.408096,-2.431758,20.918671
00096,15,-0.107335,0.375656,0.536754,0.747834,7.438383,-2.422583,20.888640
00097,15,-0.049939,0.369393,0.533027,0.759564,7.468671,-2.413409,20.858609
00098,15,0.007972,0.361539,0.529715,0.767220,7.498958,-2.404235,20.828578
00099,15,0.066026,0.351892,0.526858,0.770865,7.529246,-2.395060,20.798547
