00000,14,-0.358278,-0.055447,-0.910833,0.197347,-3.184472,2.137070,10.932209
00001,14,-0.359117,-0.096557,-0.908592,0.190190,-3.153872,2.141820,10.894649
00002,14,-0.359638,-0.137516,-0.904602,0.182881,-3.123272,2.146571,10.857090
00003,14,-0.359846,-0.178245,-0.898869,0.175425,-3.092672,2.151321,10.819530
00004,14,-0.359745,-0.218669,-0.891404,0.167829,-3.062072,2.156072,10.781970
00005,14,-0.359342,-0.258713,-0.882219,0.160098,-3.031472,2.160822,10.744411
00006,14,-0.358643,-0.298300,-0.871330,0.152239,-3.000872,2.165573,10.706851
00007,14,-0.357655,-0.337356,-0.858757,0.144256,-2.970272,2.170324,10.669292
00008,14,-0.356384,-0.375807,-0.844524,0.136157,-2.939672,2.175074,10.631732
00009,14,-0.354838,-0.413582,-0.828655,0.127948,-2.909072,2.179825,10.594173
00010,14,-0.353025,-0.450608,-0.811180,0.119633,-2.878472,2.184575,10.556613
00011,14,-0.350954,-0.486815,-0.792131,0.111220,-2.847872,2.189326,10.519054
00012,14,-0.348631,-0.522136,-0.771544,0.102714,-2.817272,2.194076,10.481494
00013,14,-0.346067,-0.556502,-0.749456,0.094122,-2.786672,2.198827,10.443934
00014,14,-0.343269,-0.589849,-0.725908,0.085449,-2.756072,2.203578,10.406375
00015,14,-0.340247,-0.622113,-0.700945,0.076701,-2.725472,2.208328,10.368815
00016,14,-0.337011,-0.653232,-0.674614,0.067884,-2.694872,2.213079,10.331256
00017,14,-0.333569,-0.683146,-0.646963,0.059005,-2.664272,2.217829,10.293696
00018,14,-0.329931,-0.711800,-0.618045,0.050069,-2.633672,2.222580,10.256137
00019,14,-0.326107,-0.739137,-0.587914,0.041081,-2.603072,2.227330,10.218577
00020,14,-0.322107,-0.765105,-0.556628,0.032048,-2.572472,2.232081,10.181017
00021,14,-0.317940,-0.789654,-0.524245,0.022975,-2.541872,2.236832,10.143458
00022,14,-0.313617,-0.812736,-0.490828,0.013868,-2.511272,2.241582,10.105898
00023,14,-0.309146,-0.834308,-0.456439,0.004732,-2.480672,2.246333,10.068339
00024,14,-0.304538,-0.854327,-0.421144,-0.004427,-2.450072,2.251083,10.030779
00025,14,-0.299803,-0.872754,-0.385011,-0.013603,-2.419472,2.255834,9.993220
00026,14,-0.294950,-0.889553,-0.348109,-0.022791,-2.388872,2.260584,9.955660
00027,14,-0.289988,-0.904692,-0.310509,-0.031987,-2.358272,2.265335,9.918101
00028,14,-0.284928,-0.918141,-0.272282,-0.041183,-2.327672,2.270085,9.880541
00029,14,-0.279778,-0.929873,-0.233502,-0.050377,-2.297072,2.274836,9.842981
00030,14,-0.274547,-0.939865,-0.194245,-0.059561,-2.266472,2.279587,9.805422
00031,14,-0.269244,-0.948097,-0.154585,-0.068731,-2.235872,2.284337,9.767862
00032,14,-0.263877,-0.954552,-0.114599,-0.077882,-2.205272,2.289088,9.730303
00033,14,-0.258456,-0.959218,-0.074365,-0.087009,-2.174672,2.293838,9.692743
00034,14,-0.252987,-0.962085,-0.033961,-0.096107,-2.144072,2.298589,9.655184
00035,14,-0.247480,-0.963146,0.006536,-0.105170,-2.113472,2.303339,9.617624
00036,14,-0.241940,-0.962399,0.047045,-0.114194,-2.082872,2.308090,9.580064
00037,14,-0.236376,-0.959844,0.087489,-0.123174,-2.052272,2.312841,9.542505
00038,14,-0.230793,-0.955485,0.127789,-0.132105,-2.021672,2.317591,9.504945
00039,14,-0.225199,-0.949331,0.167867,-0.140982,-1.991072,2.322342,9.467386
00040,14,-0.219600,-0.941393,0.207643,-0.149800,-1.960472,2.327092,9.429826
00041,14,-0.214000,-0.931684,0.247040,-0.158554,-1.929872,2.331843,9.392267
00042,14,-0.208406,-0.920224,0.285982,-0.167240,-1.899272,2.336593,9.354707
00043,14,-0.202823,-0.907033,0.324391,-0.175851,-1.868672,2.341344,9.317148
00044,14,-0.197254,-0.892137,0.362194,-0.184384,-1.838072,2.346095,9.279588
00045,14,-0.191704,-0.875564,0.399315,-0.192833,-1.807472,2.350845,9.242028
00046,14,-0.186176,-0.857345,0.435682,-0.201194,-1.776872,2.355596,9.204469
00047,14,-0.180674,-0.837515,0.471223,-0.209461,-1.746272,2.360346,9.166909
00048,14,-0.175200,-0.816112,0.505868,-0.217629,-1.715672,2.365097,9.129350
00049,14,-0.169757,-0.793177,0.539551,-0.225693,-1.685072,2.369847,9.091790
00050,14,-0.164348,-0.768754,0.572203,-0.233647,-1.654472,2.374598,9.054231
00051,14,-0.158972,-0.742889,0.603761,-0.241488,-1.623872,2.379349,9.016671
00052,14,-0.153633,-0.715632,0.634163,-0.249209,-1.593272,2.384099,8.979111
00053,14,-0.148329,-0.687036,0.663348,-0.256804,-1.562672,2.388850,8.941552
00054,14,-0.143063,-0.657156,0.691260,-0.264270,-1.532072,2.393600,8.903992
00055,14,-0.137834,-0.626049,0.717843,-0.271599,-1.501472,2.398351,8.866433
00056,14,-0.132641,-0.593774,0.743045,-0.278787,-1.470872,2.403101,8.828873
00057,14,-0.127484,-0.560395,0.766816,-0.285828,-1.440272,2.407852,8.791314
00058,14,-0.122362,-0.525975,0.789110,-0.292717,-1.409672,2.412603,8.753754
00059,14,-0.117274,-0.490581,0.809882,-0.299447,-1.379072,2.417353,8.716195
00060,14,-0.112218,-0.454281,0.829091,-0.306013,-1.348472,2.422104,8.678635
00061,14,-0.107192,-0.417144,0.846700,-0.312410,-1.317872,2.426854,8.641075
00062,14,-0.102194,-0.379243,0.862673,-0.318630,-1.287272,2.431605,8.603516
00063,14,-0.097222,-0.340651,0.876980,-0.324670,-1.256672,2.436355,8.565956
00064,14,-0.092273,-0.301441,0.889592,-0.330522,-1.226072,2.441106,8.528397
00065,14,-0.087343,-0.261689,0.900485,-0.336180,-1.195472,2.445857,8.490837
00066,14,-0.082431,-0.221472,0.909636,-0.341640,-1.164872,2.450607,8.453278
00067,14,-0.077533,-0.180867,0.917028,-0.346894,-1.134272,2.455358,8.415718
00068,14,-0.072645,-0.139952,0.922647,-0.351936,-1.103672,2.460108,8.378158
00069,14,-0.067765,-0.098805,0.926481,-0.356762,-1.073072,2.464859,8.340599
00070,14,-0.062888,-0.057506,0.928523,-0.361364,-1.042472,2.469609,8.303039
00071,14,-0.058011,-0.016134,0.928768,-0.365737,-1.011872,2.474360,8.265480
00072,14,-0.053130,0.025233,0.927218,-0.369875,-0.981272,2.479111,8.227920
00073,14,-0.048243,0.066514,0.923874,-0.373772,-0.950672,2.483861,8.190361
00074,14,-0.043344,0.107632,0.918743,-0.377422,-0.920072,2.488612,8.152801
00075,14,-0.038430,0.148507,0.911836,-0.380820,-0.889472,2.493362,8.115242
00076,14,-0.033498,0.189061,0.903166,-0.383959,-0.858872,2.498113,8.077682
00077,14,-0.028545,0.229218,0.892750,-0.386835,-0.828272,2.502863,8.040122
00078,14,-0.023566,0.268901,0.880609,-0.389442,-0.797673,2.507614,8.002563
00079,14,-0.018559,0.308035,0.866766,-0.391774,-0.767073,2.512365,7.965003
00080,14,-0.013520,0.346545,0.851249,-0.393826,-0.736473,2.517115,7.927444
00081,14,-0.008446,0.384359,0.834087,-0.395594,-0.705873,2.521866,7.889884
00082,14,-0.003334,0.421405,0.815316,-0.397073,-0.675273,2.526616,7.852325
00083,14,0.001818,0.457613,0.794970,-0.398257,-0.644673,2.531367,7.814765
00084,14,0.007013,0.492916,0.773091,-0.399143,-0.614073,2.536117,7.777205
00085,14,0.012253,0.527246,0.749720,-0.399726,-0.583473,2.540868,7.739646
00086,14,0.017540,0.560540,0.724904,-0.400003,-0.552873,2.545619,7.702086
00087,14,0.022876,0.592735,0.698690,-0.399969,-0.522273,2.550369,7.664527
00088,14,0.028262,0.623771,0.671129,-0.399621,-0.491673,2.555120,7.626967
00089,14,0.033700,0.653591,0.642275,-0.398956,-0.461073,2.559870,7.589408
00090,14,0.039190,0.682139,0.612183,-0.397972,-0.430473,2.564621,7.551848
00091,14,0.044734,0.709363,0.580913,-0.396665,-0.399873,2.569371,7.514289
00092,14,0.050331,0.735212,0.548524,-0.395034,-0.369273,2.574122,7.476729
00093,14,0.055981,0.759639,0.515079,-0.393076,-0.338673,2.578873,7.439169
00094,14,0.061685,0.782598,0.480642,-0.390791,-0.308073,2.583623,7.401610
00095,14,0.067440,0.804050,0.445280,-0.388177,-0.277473,2.588374,7.364050
00096,14,0.073248,0.823954,0.409061,-0.385233,-0.246873,2.593124,7.326491
00097,14,0.079105,0.842274,0.372054,-0.381959,-0.216273,2.597875,7.288931
00098,14,0.085010,0.858978,0.334330,-0.378355,-0.185673,2.602625,7.251372
00099,14,0.090962,0.874037,0.295962,-0.374422,-0.155073,2.607376,7.213812
