00000,5,-0.362429,-0.621640,0.690804,-0.070700,-24.495961,29.534950,102.706197
00001,5,-0.358486,-0.612630,0.691427,-0.134532,-24.433390,29.553692,102.638936
00002,5,-0.351446,-0.600326,0.690811,-0.197164,-24.370819,29.572435,102.571675
00003,5,-0.341643,-0.584711,0.688965,-0.258302,-24.308247,29.591177,102.504415
00004,5,-0.329418,-0.565797,0.685883,-0.317683,-24.245676,29.609920,102.437154
00005,5,-0.315114,-0.543624,0.681537,-0.375078,-24.183105,29.628662,102.369893
00006,5,-0.299074,-0.518259,0.675883,-0.430283,-24.120533,29.647404,102.302632
00007,5,-0.281631,-0.489793,0.668864,-0.483122,-24.057962,29.666147,102.235371
00008,5,-0.263111,-0.458343,0.660404,-0.533443,-23.995390,29.684889,102.168110
00009,5,-0.243827,-0.424045,0.650417,-0.581112,-23.932819,29.703632,102.100849
00010,5,-0.224079,-0.387063,0.638807,-0.626016,-23.870248,29.722374,102.033589
00011,5,-0.204150,-0.347580,0.625467,-0.668058,-23.807676,29.741117,101.966328
00012,5,-0.184307,-0.305802,0.610282,-0.707157,-23.745105,29.759859,101.899067
00013,5,-0.164798,-0.261957,0.593133,-0.743245,-23.682534,29.778602,101.831806
00014,5,-0.145849,-0.216294,0.573897,-0.776265,-23.619962,29.797344,101.764545
00015,5,-0.127667,-0.169085,0.552449,-0.806170,-23.557391,29.816086,101.697284
00016,5,-0.110436,-0.120622,0.528666,-0.832926,-23.494819,29.834829,101.630023
00017,5,-0.094315,-0.071222,0.502427,-0.856504,-23.432248,29.853571,101.562762
00018,5,-0.079437,-0.021221,0.473618,-0.876884,-23.369677,29.872314,101.495502
00019,5,-0.065909,0.029021,0.442134,-0.894053,-23.307105,29.891056,101.428241
00020,5,-0.053811,0.079126,0.407886,-0.908004,-23.244534,29.909799,101.360980
00021,5,-0.043190,0.128691,0.370800,-0.918738,-23.181963,29.928541,101.293719
00022,5,-0.034061,0.177299,0.330824,-0.926261,-23.119391,29.947284,101.226458
00023,5,-0.026409,0.224512,0.287934,-0.930586,-23.056820,29.966026,101.159197
00024,5,-0.020181,0.269881,0.242140,-0.931732,-22.994248,29.984768,101.091936
00025,5,-0.015290,0.312944,0.193488,-0.929728,-22.931677,30.003511,101.024676
00026,5,-0.011612,0.353239,0.142071,-0.924610,-22.869106,30.022253,100.957415
00027,5,-0.008988,0.390302,0.088029,-0.916424,-22.806534,30.040996,100.890154
00028,5,-0.007222,0.423683,0.031560,-0.905232,-22.743963,30.059738,100.822893
00029,5,-0.006086,0.452948,-0.027080,-0.891105,-22.681392,30.078481,100.755632
00030,5,-0.005322,0.477697,-0.087574,-0.874132,-22.618820,30.097223,100.688371
00031,5,-0.004646,0.497573,-0.149543,-0.854421,-22.556249,30.115966,100.621110
00032,5,-0.003754,0.512273,-0.212545,-0.832097,-22.493678,30.134708,100.553850
00033,5,-0.002329,0.521564,-0.276084,-0.807306,-22.431106,30.153450,100.486589
00034,5,-0.000053,0.525290,-0.339616,-0.780212,-22.368535,30.172193,100.419328
00035,5,0.003391,0.523385,-0.402559,-0.751001,-22.305963,30.190935,100.352067
00036,5,0.008302,0.515881,-0.464306,-0.719873,-22.243392,30.209678,100.284806
00037,5,0.014954,0.502907,-0.524244,-0.687044,-22.180821,30.228420,100.217545
00038,5,0.023589,0.484692,-0.581766,-0.652737,-22.118249,30.247163,100.150284
00039,5,0.034405,0.461559,-0.636292,-0.617181,-22.055678,30.265905,100.083024
00040,5,0.047550,0.433917,-0.687281,-0.580603,-21.993107,30.284648,100.015763
00041,5,0.063120,0.402247,-0.734251,-0.543221,-21.930535,30.303390,99.948502
00042,5,0.081157,0.367087,-0.776782,-0.505242,-21.867964,30.322133,99.881241
00043,5,0.101645,0.329017,-0.814533,-0.466853,-21.805392,30.340875,99.813980
00044,5,0.124514,0.288638,-0.847237,-0.428221,-21.742821,30.359617,99.746719
00045,5,0.149644,0.246559,-0.874709,-0.389485,-21.680250,30.378360,99.679458
00046,5,0.176872,0.203376,-0.896840,-0.350760,-21.617678,30.397102,99.612198
00047,5,0.205991,0.159664,-0.913590,-0.312134,-21.555107,30.415845,99.544937
00048,5,0.236763,0.115959,-0.924987,-0.273670,-21.492536,30.434587,99.477676
00049,5,0.268924,0.072758,-0.931112,-0.235407,-21.429964,30.453330,99.410415
00050,5,0.302185,0.030505,-0.932095,-0.197363,-21.367393,30.472072,99.343154
00051,5,0.336243,-0.010408,-0.928105,-0.159541,-21.304821,30.490815,99.275893
00052,5,0.370787,-0.049644,-0.919340,-0.121926,-21.242250,30.509557,99.208632
00053,5,0.405494,-0.086919,-0.906024,-0.084498,-21.179679,30.528299,99.141372
00054,5,0.440045,-0.122005,-0.888394,-0.047227,-21.117107,30.547042,99.074111
00055,5,0.474115,-0.154724,-0.866702,-0.010082,-21.054536,30.565784,99.006850
00056,5,0.507388,-0.184944,-0.841205,0.026970,-20.991965,30.584527,98.939589
00057,5,0.539550,-0.212580,-0.812161,0.063955,-20.929393,30.603269,98.872328
00058,5,0.570294,-0.237588,-0.779831,0.100898,-20.866822,30.622012,98.805067
00059,5,0.599324,-0.259961,-0.744472,0.137812,-20.804250,30.640754,98.737806
00060,5,0.626351,-0.279727,-0.706340,0.174701,-20.741679,30.659497,98.670546
00061,5,0.651100,-0.296947,-0.665684,0.211558,-20.679108,30.678239,98.603285
00062,5,0.673305,-0.311709,-0.622748,0.248361,-20.616536,30.696981,98.536024
00063,5,0.692715,-0.324128,-0.577771,0.285073,-20.553965,30.715724,98.468763
00064,5,0.709093,-0.334343,-0.530988,0.321641,-20.491394,30.734466,98.401502
00065,5,0.722216,-0.342514,-0.482626,0.357994,-20.428822,30.753209,98.334241
00066,5,0.731879,-0.348819,-0.432908,0.394041,-20.366251,30.771951,98.266980
00067,5,0.737893,-0.353456,-0.382053,0.429672,-20.303679,30.790694,98.199720
00068,5,0.740090,-0.356636,-0.330273,0.464754,-20.241108,30.809436,98.132459
00069,5,0.738323,-0.358584,-0.277780,0.499134,-20.178537,30.828179,98.065198
00070,5,0.732468,-0.359534,-0.224779,0.532634,-20.115965,30.846921,97.997937
00071,5,0.722430,-0.359731,-0.171477,0.565052,-20.053394,30.865664,97.930676
00072,5,0.708140,-0.359424,-0.118074,0.596163,-19.990823,30.884406,97.863415
00073,5,0.689564,-0.358866,-0.064774,0.625717,-19.928251,30.903148,97.796154
00074,5,0.666703,-0.358307,-0.011777,0.653440,-19.865680,30.921891,97.728893
00075,5,0.639602,-0.357996,0.040716,0.679036,-19.803108,30.940633,97.661633
00076,5,0.608347,-0.358172,0.092503,0.702190,-19.740537,30.959376,97.594372
00077,5,0.573075,-0.359060,0.143382,0.722566,-19.677966,30.978118,97.527111
00078,5,0.533978,-0.360869,0.193150,0.739820,-19.615394,30.996861,97.459850
00079,5,0.491303,-0.363783,0.241604,0.753598,-19.552823,31.015603,97.392589
00080,5,0.445360,-0.367957,0.288545,0.763547,-19.490252,31.034346,97.325328
00081,5,0.396518,-0.373509,0.333772,0.769324,-19.427680,31.053088,97.258067
00082,5,0.345212,-0.380520,0.377095,0.770605,-19.365109,31.071830,97.190807
00083,5,0.291934,-0.389022,0.418328,0.767097,-19.302537,31.090573,97.123546
00084,5,0.237232,-0.398999,0.457301,0.758548,-19.239966,31.109315,97.056285
00085,5,0.181703,-0.410383,0.493858,0.744764,-19.177395,31.128058,96.989024
00086,5,0.125977,-0.423050,0.527864,0.725615,-19.114823,31.146800,96.921763
00087,5,0.070713,-0.436826,0.559210,0.701047,-19.052252,31.165543,96.854502
00088,5,0.016572,-0.451486,0.587814,0.671089,-18.989681,31.184285,96.787241
00089,5,-0.035792,-0.466758,0.613627,0.635859,-18.927109,31.203028,96.719981
00090,5,-0.085754,-0.482336,0.636635,0.595562,-18.864538,31.221770,96.652720
00091,5,-0.132735,-0.497882,0.656855,0.550487,-18.801966,31.240512,96.585459
00092,5,-0.176219,-0.513038,0.674340,0.501002,-18.739395,31.259255,96.518198
00093,5,-0.215765,-0.527440,0.689172,0.447542,-18.676824,31.277997,96.450937
00094,5,-0.251019,-0.540722,0.701460,0.390593,-18.614252,31.296740,96.383676
00095,5,-0.281718,-0.552529,0.711333,0.330683,-18.551681,31.315482,96.316415
00096,5,-0.307695,-0.562528,0.718934,0.268365,-18.489110,31.334225,96.249155
00097,5,-0.328875,-0.570408,0.724416,0.204198,-18.426538,31.352967,96.181894
00098,5,-0.345269,-0.575894,0.727933,0.138738,-18.363967,31.371710,96.114633
00099,5,-0.356971,-0.578745,0.729633,0.072526,-18.301395,31.390452,96.047372
00100,5,-0.364143,-0.578758,0.729659,0.006075,-18.238824,31.409194,95.980111
00101,5,-0.367007,-0.575769,0.728134,-0.060134,-18.176253,31.427937,95.912850
00102,5,-0.365835,-0.569653,0.725169,-0.125655,-18.113681,31.446679,95.845589
00103,5,-0.360936,-0.560324,0.720853,-0.190086,-18.051110,31.465422,95.778329
00104,5,-0.352646,-0.547730,0.715255,-0.253065,-17.988539,31.484164,95.711068
00105,5,-0.341322,-0.531857,0.708422,-0.314270,-17.925967,31.502907,95.643807
00106,5,-0.327329,-0.512721,0.700379,-0.373418,-17.863396,31.521649,95.576546
00107,5,-0.311038,-0.490369,0.691133,-0.430266,-17.800825,31.540392,95.509285
00108,5,-0.292816,-0.464877,0.680668,-0.484601,-17.738253,31.559134,95.442024
00109,5,-0.273025,-0.436347,0.668955,-0.536245,-17.675682,31.577877,95.374763
00110,5,-0.252013,-0.404905,0.655944,-0.585046,-17.613110,31.596619,95.307503
00111,5,-0.230119,-0.370702,0.641574,-0.630879,-17.550539,31.615361,95.240242
00112,5,-0.207660,-0.333910,0.625770,-0.673641,-17.487968,31.634104,95.172981
00113,5,-0.184941,-0.294724,0.608449,-0.713249,-17.425396,31.652846,95.105720
00114,5,-0.162242,-0.253357,0.589517,-0.749638,-17.362825,31.671589,95.038459
00115,5,-0.139824,-0.210042,0.568876,-0.782759,-17.300254,31.690331,94.971198
00116,5,-0.117928,-0.165034,0.546422,-0.812576,-17.237682,31.709074,94.903937
00117,5,-0.096768,-0.118603,0.522050,-0.839067,-17.175111,31.727816,94.836677
00118,5,-0.076537,-0.071039,0.495654,-0.862219,-17.112539,31.746559,94.769416
00119,5,-0.057403,-0.022652,0.467133,-0.882031,-17.049968,31.765301,94.702155
00120,5,-0.039507,0.026232,0.436389,-0.898507,-16.987397,31.784043,94.634894
00121,5,-0.022964,0.075270,0.403331,-0.911664,-16.924825,31.802786,94.567633
00122,5,-0.007863,0.124099,0.367883,-0.921520,-16.862254,31.821528,94.500372
00123,5,0.005740,0.172342,0.329978,-0.928105,-16.799683,31.840271,94.433111
00124,5,0.017813,0.219606,0.289571,-0.931453,-16.737111,31.859013,94.365851
00125,5,0.028360,0.265485,0.246638,-0.931602,-16.674540,31.877756,94.298590
00126,5,0.037412,0.309558,0.201183,-0.928601,-16.611968,31.896498,94.231329
00127,5,0.045037,0.351399,0.153238,-0.922501,-16.549397,31.915241,94.164068
00128,5,0.051332,0.390576,0.102876,-0.913363,-16.486826,31.933983,94.096807
00129,5,0.056431,0.426655,0.050210,-0.901254,-16.424254,31.952725,94.029546
00130,5,0.060496,0.459211,-0.004601,-0.886253,-16.361683,31.971468,93.962285
00131,5,0.063724,0.487830,-0.061345,-0.868445,-16.299112,31.990210,93.895025
00132,5,0.066340,0.512123,-0.119758,-0.847931,-16.236540,32.008953,93.827764
00133,5,0.068595,0.531729,-0.179515,-0.824823,-16.173969,32.027695,93.760503
00134,5,0.070764,0.546335,-0.240236,-0.799247,-16.111397,32.046438,93.693242
00135,5,0.073136,0.555680,-0.301483,-0.771348,-16.048826,32.065180,93.625981
00136,5,0.076011,0.559570,-0.362768,-0.741284,-15.986255,32.083923,93.558720
00137,5,0.079693,0.557888,-0.423556,-0.709232,-15.923683,32.102665,93.491459
00138,5,0.084476,0.550603,-0.483278,-0.675383,-15.861112,32.121407,93.424198
00139,5,0.090641,0.537779,-0.541340,-0.639944,-15.798541,32.140150,93.356938
00140,5,0.098443,0.519576,-0.597144,-0.603132,-15.735969,32.158892,93.289677
00141,5,0.108104,0.496253,-0.650099,-0.565170,-15.673398,32.177635,93.222416
00142,5,0.119804,0.468161,-0.699638,-0.526288,-15.610826,32.196377,93.155155
00143,5,0.133674,0.435737,-0.745238,-0.486708,-15.548255,32.215120,93.087894
00144,5,0.149795,0.399492,-0.786431,-0.446647,-15.485684,32.233862,93.020633
00145,5,0.168189,0.359993,-0.822818,-0.406309,-15.423112,32.252605,92.953372
00146,5,0.188825,0.317848,-0.854078,-0.365879,-15.360541,32.271347,92.886112
00147,5,0.211620,0.273690,-0.879971,-0.325517,-15.297970,32.290090,92.818851
00148,5,0.236437,0.228152,-0.900340,-0.285363,-15.235398,32.308832,92.751590
00149,5,0.263096,0.181859,-0.915109,-0.245526,-15.172827,32.327574,92.684329
00150,5,0.291378,0.135405,-0.924278,-0.206092,-15.110255,32.346317,92.617068
00151,5,0.321031,0.089346,-0.927916,-0.167118,-15.047684,32.365059,92.549807
00152,5,0.351775,0.044190,-0.926149,-0.128641,-14.985113,32.383802,92.482546
00153,5,0.383315,0.000388,-0.919156,-0.090674,-14.922541,32.402544,92.415286
00154,5,0.415336,-0.041669,-0.907153,-0.053214,-14.859970,32.421287,92.348025
00155,5,0.447521,-0.081647,-0.890390,-0.016247,-14.797399,32.440029,92.280764
00156,5,0.479545,-0.119277,-0.869137,0.020256,-14.734827,32.458772,92.213503
00157,5,0.511085,-0.154345,-0.843680,0.056324,-14.672256,32.477514,92.146242
00158,5,0.541823,-0.186693,-0.814316,0.091993,-14.609684,32.496256,92.078981
00159,5,0.571446,-0.216218,-0.781342,0.127294,-14.547113,32.514999,92.011720
00160,5,0.599650,-0.242859,-0.745058,0.162257,-14.484542,32.533741,91.944460
00161,5,0.626142,-0.266603,-0.705760,0.196904,-14.421970,32.552484,91.877199
00162,5,0.650642,-0.287475,-0.663738,0.231248,-14.359399,32.571226,91.809938
00163,5,0.672881,-0.305534,-0.619274,0.265291,-14.296828,32.589969,91.742677
00164,5,0.692607,-0.320872,-0.572645,0.299023,-14.234256,32.608711,91.675416
00165,5,0.709581,-0.333608,-0.524116,0.332420,-14.171685,32.627454,91.608155
00166,5,0.723581,-0.343888,-0.473945,0.365441,-14.109113,32.646196,91.540894
00167,5,0.734402,-0.351877,-0.422382,0.398031,-14.046542,32.664938,91.473634
00168,5,0.741857,-0.357762,-0.369667,0.430117,-13.983971,32.683681,91.406373
00169,5,0.745777,-0.361746,-0.316034,0.461605,-13.921399,32.702423,91.339112
00170,5,0.746014,-0.364045,-0.261707,0.492385,-13.858828,32.721166,91.271851
00171,5,0.742441,-0.364890,-0.206905,0.522328,-13.796257,32.739908,91.204590
00172,5,0.734955,-0.364520,-0.151841,0.551281,-13.733685,32.758651,91.137329
00173,5,0.723477,-0.363182,-0.096723,0.579072,-13.671114,32.777393,91.070068
00174,5,0.707954,-0.361129,-0.041753,0.605510,-13.608542,32.796136,91.002808
00175,5,0.688366,-0.358617,0.012870,0.630381,-13.545971,32.814878,90.935547
00176,5,0.664723,-0.355900,0.066950,0.653450,-13.483400,32.833621,90.868286
00177,5,0.637070,-0.353231,0.120293,0.674462,-13.420828,32.852363,90.801025
00178,5,0.605492,-0.350855,0.172707,0.693146,-13.358257,32.871105,90.733764
00179,5,0.570117,-0.349006,0.224002,0.709213,-13.295686,32.889848,90.666503
00180,5,0.531118,-0.347905,0.273988,0.722361,-13.233114,32.908590,90.599242
00181,5,0.488717,-0.347751,0.322477,0.732280,-13.170543,32.927333,90.531982
