00000,5,-0.389861,-0.512249,-0.426217,0.635567,-28.416686,17.842514,85.518386
00001,5,-0.365580,-0.373156,-0.395179,0.755603,-28.201657,17.837399,85.668793
00002,5,-0.335786,-0.215081,-0.358874,0.843916,-27.986629,17.832285,85.819200
00003,5,-0.305185,-0.044904,-0.312594,0.898403,-27.771601,17.827171,85.969608
00004,5,-0.276637,0.129419,-0.251383,0.918437,-27.556572,17.822056,86.120015
00005,5,-0.250963,0.298807,-0.170724,0.904755,-27.341544,17.816942,86.270422
00006,5,-0.226805,0.453088,-0.067428,0.859489,-27.126516,17.811828,86.420829
00007,5,-0.200642,0.581326,0.059194,0.786318,-26.911487,17.806713,86.571236
00008,5,-0.167152,0.672746,0.205985,0.690680,-26.696459,17.801599,86.721643
00009,5,-0.120168,0.718489,0.364873,0.579825,-26.481430,17.796484,86.872050
00010,5,-0.054273,0.714022,0.522911,0.462372,-26.266402,17.791370,87.022458
00011,5,0.033351,0.661263,0.664175,0.347112,-26.051374,17.786256,87.172865
00012,5,0.141646,0.568990,0.773295,0.241244,-25.836345,17.781141,87.323272
00013,5,0.265654,0.450813,0.839072,0.148827,-25.621317,17.776027,87.473679
00014,5,0.397700,0.321602,0.856426,0.070268,-25.406289,17.770913,87.624086
00015,5,0.528988,0.194163,0.826111,0.003023,-25.191260,17.765798,87.774493
00016,5,0.650886,0.077427,0.753058,-0.057032,-24.976232,17.760684,87.924900
00017,5,0.755629,-0.023840,0.644521,-0.114221,-24.761204,17.755569,88.075308
00018,5,0.836567,-0.108419,0.508717,-0.172059,-24.546175,17.750455,88.225715
00019,5,0.888216,-0.177747,0.354058,-0.232630,-24.331147,17.745341,88.376122
00020,5,0.906268,-0.235082,0.188813,-0.296244,-24.116118,17.740226,88.526529
00021,5,0.887679,-0.284786,0.021006,-0.361219,-23.901090,17.735112,88.676936
00022,5,0.830899,-0.331678,-0.141595,-0.423726,-23.686062,17.729998,88.827343
00023,5,0.736303,-0.380336,-0.291501,-0.477731,-23.471033,17.724883,88.977750
00024,5,0.606844,-0.434239,-0.421644,-0.515161,-23.256005,17.719769,89.128157
00025,5,0.448852,-0.494757,-0.525768,-0.526604,-23.040977,17.714654,89.278565
00026,5,0.272626,-0.560169,-0.599201,-0.502832,-22.825948,17.709540,89.428972
00027,5,0.092160,-0.625162,-0.639941,-0.437208,-22.610920,17.704426,89.579379
00028,5,-0.076639,-0.681397,-0.649640,-0.328311,-22.395891,17.699311,89.729786
00029,5,-0.219186,-0.719303,-0.633743,-0.181456,-22.180863,17.694197,89.880193
00030,5,-0.325616,-0.730458,-0.600282,-0.007963,-21.965835,17.689083,90.030600
00031,5,-0.392603,-0.709441,-0.557685,0.177596,-21.750806,17.683968,90.181007
00032,5,-0.422874,-0.654434,-0.512662,0.360650,-21.535778,17.678854,90.331415
00033,5,-0.423138,-0.566772,-0.469015,0.528909,-21.320750,17.673739,90.481822
00034,5,-0.401743,-0.450082,-0.427523,0.673238,-21.105721,17.668625,90.632229
00035,5,-0.366887,-0.309535,-0.386478,0.787536,-20.890693,17.663511,90.782636
00036,5,-0.325563,-0.151373,-0.342467,0.868221,-20.675665,17.658396,90.933043
00037,5,-0.283046,0.017296,-0.291114,0.913693,-20.460636,17.653282,91.083450
00038,5,-0.242670,0.188563,-0.227758,0.923947,-20.245608,17.648168,91.233857
00039,5,-0.205723,0.353700,-0.148112,0.900352,-20.030579,17.643053,91.384265
00040,5,-0.171397,0.503196,-0.049022,0.845583,-19.815551,17.637939,91.534672
00041,5,-0.136841,0.626967,0.070572,0.763677,-19.600523,17.632824,91.685079
00042,5,-0.097455,0.714998,0.208472,0.660163,-19.385494,17.627710,91.835486
00043,5,-0.047623,0.758661,0.358141,0.542123,-19.170466,17.622596,91.985893
00044,5,0.017972,0.752751,0.508306,0.417928,-18.955438,17.617481,92.136300
00045,5,0.102630,0.697711,0.644078,0.296354,-18.740409,17.612367,92.286707
00046,5,0.206149,0.600790,0.749872,0.185047,-18.525381,17.607253,92.437115
00047,5,0.324358,0.474976,0.813196,0.088872,-18.310353,17.602138,92.587522
00048,5,0.449959,0.335807,0.827457,0.009013,-18.095324,17.597024,92.737929
00049,5,0.574146,0.197621,0.792519,-0.056674,-17.880296,17.591909,92.888336
00050,5,0.688135,0.070981,0.713304,-0.112363,-17.665267,17.586795,93.038743
00051,5,0.784104,-0.038140,0.597698,-0.162725,-17.450239,17.581681,93.189150
00052,5,0.855566,-0.127865,0.454780,-0.211728,-17.235211,17.576566,93.339557
00053,5,0.897413,-0.199408,0.293754,-0.261899,-17.020182,17.571452,93.489965
00054,5,0.905884,-0.256041,0.123444,-0.313965,-16.805154,17.566338,93.640372
00055,5,0.878572,-0.302242,-0.047853,-0.366699,-16.590126,17.561223,93.790779
00056,5,0.814547,-0.342984,-0.212379,-0.416853,-16.375097,17.556109,93.941186
00057,5,0.714652,-0.383071,-0.362889,-0.459171,-16.160069,17.550994,94.091593
00058,5,0.581969,-0.426398,-0.492708,-0.486551,-15.945040,17.545880,94.242000
00059,5,0.422458,-0.475081,-0.595959,-0.490567,-15.730012,17.540766,94.392407
00060,5,0.245523,-0.528524,-0.668091,-0.462635,-15.514984,17.535651,94.542815
00061,5,0.064054,-0.582755,-0.706744,-0.395984,-15.299955,17.530537,94.693222
00062,5,-0.106728,-0.630538,-0.712744,-0.288137,-15.084927,17.525423,94.843629
00063,5,-0.251920,-0.662675,-0.690636,-0.142886,-14.869899,17.520308,94.994036
00064,5,-0.360364,-0.670271,-0.648071,0.029568,-14.654870,17.515194,95.144443
00065,5,-0.427200,-0.646987,-0.593953,0.214763,-14.439842,17.510079,95.294850
00066,5,-0.454191,-0.590236,-0.536132,0.397356,-14.224814,17.504965,95.445257
00067,5,-0.447985,-0.501060,-0.479729,0.564007,-14.009785,17.499851,95.595665
00068,5,-0.417543,-0.383251,-0.426626,0.704814,-13.794757,17.494736,95.746072
00069,5,-0.371947,-0.242376,-0.375870,0.813405,-13.579728,17.489622,95.896479
00070,5,-0.319034,-0.085087,-0.324511,0.886378,-13.364700,17.484508,96.046886
00071,5,-0.264753,0.081248,-0.268479,0.922616,-13.149672,17.479393,96.197293
00072,5,-0.212948,0.248695,-0.203344,0.922741,-12.934643,17.474279,96.347700
00073,5,-0.165339,0.408795,-0.124999,0.888775,-12.719615,17.469164,96.498107
00074,5,-0.121567,0.552600,-0.030333,0.823973,-12.504587,17.464050,96.648515
00075,5,-0.079302,0.670820,0.081964,0.732796,-12.289558,17.458936,96.798922
00076,5,-0.034526,0.754266,0.210438,0.620969,-12.074530,17.453821,96.949329
00077,5,0.017881,0.794805,0.349876,0.495528,-11.859501,17.448707,97.099736
00078,5,0.083058,0.786985,0.490690,0.364658,-11.644473,17.443593,97.250143
00079,5,0.164638,0.730094,0.619398,0.237063,-11.429445,17.438478,97.400550
00080,5,0.263192,0.629770,0.720797,0.120696,-11.214416,17.433364,97.550957
00081,5,0.375394,0.497875,0.781505,0.021134,-10.999388,17.428249,97.701365
00082,5,0.494455,0.350047,0.793361,-0.059629,-10.784360,17.423135,97.851772
00083,5,0.611633,0.201891,0.754952,-0.123246,-10.569331,17.418021,98.002179
00084,5,0.717962,0.065682,0.670800,-0.173899,-10.354303,17.412906,98.152586
00085,5,0.805485,-0.051154,0.549207,-0.216666,-10.139275,17.407792,98.302993
00086,5,0.867791,-0.145880,0.400092,-0.256088,-9.924246,17.402678,98.453400
00087,5,0.900090,-0.219387,0.233512,-0.295257,-9.709218,17.397563,98.603807
00088,5,0.899125,-0.274963,0.058941,-0.335399,-9.494189,17.392449,98.754215
00089,5,0.863094,-0.317256,-0.114975,-0.375759,-9.279161,17.387334,98.904622
00090,5,0.791682,-0.351457,-0.280428,-0.413612,-9.064133,17.382220,99.055029
00091,5,0.686226,-0.382625,-0.430385,-0.444362,-8.849104,17.377106,99.205436
00092,5,0.550044,-0.415027,-0.558575,-0.461730,-8.634076,17.371991,99.355843
00093,5,0.388912,-0.451396,-0.659586,-0.458184,-8.419048,17.366877,99.506250
00094,5,0.211554,-0.492115,-0.729195,-0.425839,-8.204019,17.361763,99.656657
00095,5,0.029839,-0.534504,-0.764996,-0.358039,-7.988991,17.356648,99.807065
00096,5,-0.141892,-0.572620,-0.767260,-0.251556,-7.773963,17.351534,99.957472
00097,5,-0.288836,-0.598047,-0.739652,-0.108738,-7.558934,17.346419,100.107879
00098,5,-0.398885,-0.601804,-0.689147,0.061611,-7.343906,17.341305,100.258286
00099,5,-0.465635,-0.576742,-0.624694,0.245571,-7.128877,17.336191,100.408693
00100,5,-0.489611,-0.519306,-0.555001,0.427284,-6.913849,17.331076,100.559100
00101,5,-0.477111,-0.429931,-0.486477,0.592335,-6.698821,17.325962,100.709507
00102,5,-0.437608,-0.312315,-0.422223,0.729851,-6.483792,17.320848,100.859915
00103,5,-0.381140,-0.172292,-0.362174,0.832991,-6.268764,17.315733,101.010322
00104,5,-0.316536,-0.016891,-0.303913,0.898417,-6.053736,17.310619,101.160729
00105,5,-0.250553,0.146236,-0.243667,0.925452,-5.838707,17.305504,101.311136
00106,5,-0.187627,0.309076,-0.177189,0.915352,-5.623679,17.300390,101.461543
00107,5,-0.129911,0.463360,-0.100488,0.870815,-5.408650,17.295276,101.611950
00108,5,-0.077425,0.600613,-0.010483,0.795711,-5.193622,17.290161,101.762357
00109,5,-0.028246,0.712264,0.094315,0.694970,-4.978594,17.285047,101.912765
00110,5,0.021199,0.789952,0.213020,0.574583,-4.763565,17.279933,102.063172
00111,5,0.075622,0.826207,0.341511,0.441621,-4.548537,17.274818,102.213579
00112,5,0.139979,0.815690,0.471753,0.304139,-4.333509,17.269704,102.363986
00113,5,0.218144,0.756944,0.591858,0.170735,-4.118480,17.264589,102.514393
00114,5,0.311385,0.654139,0.687519,0.049548,-3.903452,17.259475,102.664800
00115,5,0.417266,0.517692,0.745015,-0.053231,-3.688424,17.254361,102.815207
00116,5,0.529649,0.362745,0.754799,-0.134769,-3.473395,17.249246,102.965615
00117,5,0.639956,0.205712,0.713920,-0.196094,-3.258367,17.244132,103.116022
00118,5,0.739024,0.060504,0.626066,-0.241290,-3.043338,17.239018,103.266429
00119,5,0.818649,-0.063813,0.499644,-0.275851,-2.828310,17.233903,103.416836
00120,5,0.872376,-0.163397,0.345303,-0.304999,-2.613282,17.228789,103.567243
00121,5,0.895643,-0.238667,0.174002,-0.332539,-2.398253,17.223674,103.717650
00122,5,0.885644,-0.292896,-0.004044,-0.360314,-2.183225,17.218560,103.868057
00123,5,0.841158,-0.330946,-0.179750,-0.388092,-1.968197,17.213446,104.018465
00124,5,0.762467,-0.358294,-0.345189,-0.413654,-1.753168,17.208331,104.168872
00125,5,0.651425,-0.380302,-0.493499,-0.432980,-1.538140,17.203217,104.319279
00126,5,0.511653,-0.401594,-0.618793,-0.440484,-1.323112,17.198103,104.469686
00127,5,0.348880,-0.425425,-0.716168,-0.429414,-1.108083,17.192988,104.620093
00128,5,0.171338,-0.452990,-0.781871,-0.392578,-0.893055,17.187874,104.770500
00129,5,-0.009995,-0.482763,-0.813710,-0.323594,-0.678026,17.182759,104.920907
00130,5,-0.181734,-0.510122,-0.811720,-0.218758,-0.462998,17.177645,105.071315
00131,5,-0.329515,-0.527729,-0.778880,-0.079152,-0.247970,17.172531,105.221722
00132,5,-0.440679,-0.526952,-0.721375,0.087967,-0.032941,17.167416,105.372129
00133,5,-0.507422,-0.500128,-0.647828,0.269649,0.182087,17.162302,105.522536
00134,5,-0.528801,-0.442704,-0.567419,0.449905,0.397115,17.157188,105.672943
00135,5,-0.510411,-0.354242,-0.487667,0.613327,0.612144,17.152073,105.823350
00136,5,-0.462025,-0.238055,-0.412935,0.747893,0.827172,17.146959,105.973757
00137,5,-0.394649,-0.100049,-0.344161,0.846045,1.042201,17.141844,106.124165
00138,5,-0.318248,0.052446,-0.279554,0.904331,1.257229,17.136730,106.274572
