00000,19,0.113239,-0.720805,0.297512,0.615714,0.030396,-0.038180,0.144564
00001,19,0.120575,-0.694229,0.303369,0.641463,0.030534,-0.038344,0.144619
00002,19,0.127725,-0.666616,0.309010,0.666200,0.030671,-0.038509,0.144674
00003,19,0.134684,-0.638006,0.314428,0.689887,0.030808,-0.038673,0.144729
00004,19,0.141447,-0.608443,0.319611,0.712487,0.030946,-0.038837,0.144784
00005,19,0.148011,-0.577972,0.324554,0.733966,0.031083,-0.039002,0.144839
00006,19,0.154373,-0.546638,0.329246,0.754289,0.031220,-0.039166,0.144894
00007,19,0.160528,-0.514490,0.333681,0.773426,0.031358,-0.039330,0.144948
00008,19,0.166474,-0.481574,0.337850,0.791347,0.031495,-0.039495,0.145003
00009,19,0.172208,-0.447942,0.341746,0.808023,0.031632,-0.039659,0.145058
00010,19,0.177728,-0.413644,0.345361,0.823430,0.031770,-0.039823,0.145113
00011,19,0.183031,-0.378732,0.348688,0.837543,0.031907,-0.039988,0.145168
00012,19,0.188116,-0.343258,0.351721,0.850340,0.032044,-0.040152,0.145223
00013,19,0.192980,-0.307275,0.354454,0.861802,0.032182,-0.040316,0.145278
00014,19,0.197623,-0.270839,0.356879,0.871911,0.032319,-0.040481,0.145332
00015,19,0.202044,-0.234005,0.358991,0.880650,0.032457,-0.040645,0.145387
00016,19,0.206241,-0.196826,0.360786,0.888008,0.032594,-0.040809,0.145442
00017,19,0.210215,-0.159361,0.362256,0.893971,0.032731,-0.040974,0.145497
00018,19,0.213964,-0.121665,0.363399,0.898531,0.032869,-0.041138,0.145552
00019,19,0.217490,-0.083795,0.364209,0.901681,0.033006,-0.041303,0.145607
00020,19,0.220792,-0.045808,0.364681,0.903416,0.033143,-0.041467,0.145661
00021,19,0.223870,-0.007762,0.364814,0.903733,0.033281,-0.041631,0.145716
00022,19,0.226727,0.030287,0.364602,0.902631,0.033418,-0.041796,0.145771
00023,19,0.229361,0.068280,0.364044,0.900113,0.033555,-0.041960,0.145826
00024,19,0.231776,0.106161,0.363136,0.896182,0.033693,-0.042124,0.145881
00025,19,0.233973,0.143873,0.361877,0.890844,0.033830,-0.042289,0.145936
00026,19,0.235953,0.181358,0.360264,0.884107,0.033967,-0.042453,0.145991
00027,19,0.237718,0.218561,0.358297,0.875982,0.034105,-0.042617,0.146045
00028,19,0.239270,0.255425,0.355975,0.866481,0.034242,-0.042782,0.146100
00029,19,0.240613,0.291895,0.353296,0.855619,0.034379,-0.042946,0.146155
00030,19,0.241748,0.327916,0.350262,0.843413,0.034517,-0.043110,0.146210
00031,19,0.242679,0.363434,0.346872,0.829881,0.034654,-0.043275,0.146265
00032,19,0.243409,0.398395,0.343128,0.815044,0.034791,-0.043439,0.146320
00033,19,0.243941,0.432748,0.339030,0.798925,0.034929,-0.043603,0.146375
00034,19,0.244278,0.466440,0.334580,0.781549,0.035066,-0.043768,0.146429
00035,19,0.244424,0.499420,0.329781,0.762942,0.035204,-0.043932,0.146484
00036,19,0.244383,0.531640,0.324635,0.743134,0.035341,-0.044096,0.146539
00037,19,0.244158,0.563050,0.319145,0.722155,0.035478,-0.044261,0.146594
00038,19,0.243755,0.593605,0.313314,0.700037,0.035616,-0.044425,0.146649
00039,19,0.243176,0.623257,0.307146,0.676814,0.035753,-0.044590,0.146704
00040,19,0.242428,0.651963,0.300646,0.652522,0.035890,-0.044754,0.146758
00041,19,0.241513,0.679679,0.293818,0.627199,0.036028,-0.044918,0.146813
00042,19,0.240437,0.706364,0.286668,0.600883,0.036165,-0.045083,0.146868
00043,19,0.239204,0.731979,0.279200,0.573616,0.036302,-0.045247,0.146923
00044,19,0.237820,0.756484,0.271422,0.545438,0.036440,-0.045411,0.146978
00045,19,0.236289,0.779844,0.263339,0.516394,0.036577,-0.045576,0.147033
00046,19,0.234617,0.802023,0.254958,0.486529,0.036714,-0.045740,0.147088
00047,19,0.232808,0.822988,0.246287,0.455888,0.036852,-0.045904,0.147142
00048,19,0.230867,0.842709,0.237332,0.424519,0.036989,-0.046069,0.147197
00049,19,0.228801,0.861155,0.228102,0.392469,0.037126,-0.046233,0.147252
00050,19,0.226613,0.878299,0.218605,0.359790,0.037264,-0.046397,0.147307
00051,19,0.224310,0.894117,0.208850,0.326530,0.037401,-0.046562,0.147362
00052,19,0.221897,0.908584,0.198845,0.292742,0.037538,-0.046726,0.147417
00053,19,0.219379,0.921679,0.188601,0.258477,0.037676,-0.046890,0.147471
00054,19,0.216762,0.933383,0.178126,0.223788,0.037813,-0.047055,0.147526
00055,19,0.214050,0.943679,0.167431,0.188729,0.037951,-0.047219,0.147581
00056,19,0.211250,0.952552,0.156526,0.153354,0.038088,-0.047384,0.147636
00057,19,0.208366,0.959989,0.145422,0.117718,0.038225,-0.047548,0.147691
00058,19,0.205405,0.965978,0.134129,0.081876,0.038363,-0.047712,0.147746
00059,19,0.202371,0.970513,0.122659,0.045883,0.038500,-0.047877,0.147801
00060,19,0.199269,0.973586,0.111022,0.009794,0.038637,-0.048041,0.147855
00061,19,0.196106,0.975193,0.099231,-0.026334,0.038775,-0.048205,0.147910
00062,19,0.192885,0.975333,0.087298,-0.062446,0.038912,-0.048370,0.147965
00063,19,0.189613,0.974006,0.075234,-0.098486,0.039049,-0.048534,0.148020
00064,19,0.186293,0.971214,0.063052,-0.134397,0.039187,-0.048698,0.148075
00065,19,0.182932,0.966962,0.050764,-0.170125,0.039324,-0.048863,0.148130
00066,19,0.179534,0.961258,0.038383,-0.205615,0.039461,-0.049027,0.148185
00067,19,0.176103,0.954110,0.025922,-0.240810,0.039599,-0.049191,0.148239
00068,19,0.172645,0.945530,0.013393,-0.275657,0.039736,-0.049356,0.148294
00069,19,0.169163,0.935532,0.000809,-0.310102,0.039873,-0.049520,0.148349
00070,19,0.165663,0.924131,-0.011816,-0.344091,0.040011,-0.049684,0.148404
00071,19,0.162149,0.911345,-0.024470,-0.377571,0.040148,-0.049849,0.148459
00072,19,0.158624,0.897193,-0.037138,-0.410491,0.040286,-0.050013,0.148514
00073,19,0.155093,0.881699,-0.049808,-0.442800,0.040423,-0.050177,0.148568
00074,19,0.151560,0.864886,-0.062467,-0.474446,0.040560,-0.050342,0.148623
00075,19,0.148028,0.846780,-0.075100,-0.505382,0.040698,-0.050506,0.148678
00076,19,0.144501,0.827409,-0.087695,-0.535558,0.040835,-0.050671,0.148733
00077,19,0.140983,0.806804,-0.100239,-0.564928,0.040972,-0.050835,0.148788
00078,19,0.137477,0.784994,-0.112717,-0.593446,0.041110,-0.050999,0.148843
00079,19,0.133986,0.762016,-0.125117,-0.621068,0.041247,-0.051164,0.148898
00080,19,0.130512,0.737903,-0.137425,-0.647750,0.041384,-0.051328,0.148952
00081,19,0.127060,0.712692,-0.149629,-0.673451,0.041522,-0.051492,0.149007
00082,19,0.123630,0.686424,-0.161715,-0.698131,0.041659,-0.051657,0.149062
00083,19,0.120227,0.659137,-0.173671,-0.721750,0.041796,-0.051821,0.149117
00084,19,0.116851,0.630873,-0.185483,-0.744272,0.041934,-0.051985,0.149172
00085,19,0.113505,0.601677,-0.197139,-0.765661,0.042071,-0.052150,0.149227
00086,19,0.110191,0.571593,-0.208627,-0.785885,0.042208,-0.052314,0.149282
00087,19,0.106911,0.540666,-0.219933,-0.804910,0.042346,-0.052478,0.149336
00088,19,0.103666,0.508945,-0.231047,-0.822706,0.042483,-0.052643,0.149391
00089,19,0.100458,0.476477,-0.241956,-0.839247,0.042620,-0.052807,0.149446
00090,19,0.097287,0.443313,-0.252649,-0.854504,0.042758,-0.052971,0.149501
00091,19,0.094155,0.409503,-0.263113,-0.868455,0.042895,-0.053136,0.149556
00092,19,0.091062,0.375099,-0.273339,-0.881076,0.043033,-0.053300,0.149611
00093,19,0.088008,0.340154,-0.283314,-0.892347,0.043170,-0.053465,0.149665
00094,19,0.084996,0.304720,-0.293029,-0.902250,0.043307,-0.053629,0.149720
00095,19,0.082024,0.268852,-0.302473,-0.910769,0.043445,-0.053793,0.149775
00096,19,0.079092,0.232605,-0.311636,-0.917890,0.043582,-0.053958,0.149830
00097,19,0.076201,0.196034,-0.320508,-0.923601,0.043719,-0.054122,0.149885
00098,19,0.073350,0.159195,-0.329080,-0.927892,0.043857,-0.054286,0.149940
00099,19,0.070538,0.122144,-0.337343,-0.930755,0.043994,-0.054451,0.149995
