00000,11,0.469102,-0.683858,-0.290935,-0.477115,0.262291,0.396146,1.789188
00001,11,0.125207,0.455916,0.829865,-0.296290,-0.233689,0.345745,1.790958
00002,11,-0.214241,0.508181,-0.774006,0.311074,0.638105,0.207267,1.791365
00003,11,-0.040342,-0.801450,-0.596185,0.024798,0.501738,-0.079920,1.794569
00004,11,0.451215,-0.688727,-0.210707,0.526938,0.621984,0.481509,1.792089
00005,11,-0.137060,-0.360345,0.794477,0.469226,-0.338712,-0.083115,1.790437
00006,11,0.381836,-0.796304,-0.408865,0.230066,0.204083,-0.640987,1.791181
00007,11,0.851458,0.376849,-0.363508,0.029432,0.618075,-0.641873,1.797728
00008,11,0.048563,0.124468,0.028465,0.990626,0.449316,-0.262560,1.795782
00009,11,-0.488019,0.013133,0.837752,-0.244614,-0.504880,-0.593708,1.795055
00010,11,0.389106,0.774068,0.447550,-0.221617,-0.350945,0.226057,1.799387
00011,11,0.100214,0.719805,-0.474810,0.496381,0.282206,-0.278191,1.795522
00012,11,-0.232537,-0.209731,-0.691600,0.650867,0.643656,-0.015956,1.797638
00013,11,0.896641,0.220294,-0.025785,-0.383197,0.453860,-0.208842,1.811079
00014,11,-0.556552,-0.722135,-0.054502,-0.407186,-0.135903,-0.115481,1.804385
00015,11,0.489474,0.405316,0.084090,-0.767504,-0.228204,0.461970,1.795400
00016,11,-0.165275,0.734146,-0.528932,-0.392358,0.132139,-0.402583,1.788344
00017,11,-0.446768,0.417065,-0.525730,0.591662,0.417510,0.255636,1.792427
00018,11,-0.133502,-0.355357,-0.513393,0.769627,-0.417333,-0.489782,1.811870
00019,11,0.375669,0.325905,-0.865136,0.064800,0.160330,-0.170368,1.804855
00020,11,-0.034493,-0.458546,-0.292061,-0.838598,0.055262,0.410907,1.818809
00021,11,0.793676,-0.415832,0.422101,-0.137817,-0.458440,0.102265,1.803066
00022,11,-0.321736,-0.740319,0.504111,-0.307062,0.230893,-0.426646,1.795808
00023,11,0.015171,-0.420794,0.021922,0.906764,0.640534,-0.285441,1.806997
00024,11,-0.037722,-0.838207,0.514377,-0.177208,-0.299643,-0.294430,1.820787
00025,11,-0.799069,0.037256,-0.317734,0.509063,-0.290701,0.412174,1.811745
00026,11,-0.397903,0.512657,-0.749224,-0.132364,0.045223,0.120944,1.799731
00027,11,-0.430462,0.091744,-0.676739,0.590178,0.048304,-0.608761,1.816274
00028,11,-0.045310,-0.005860,-0.933236,0.356348,-0.316413,-0.552021,1.799244
00029,11,-0.918418,0.195946,0.042789,-0.341003,0.287550,-0.639140,1.790601
00030,11,-0.307483,0.644861,0.194120,-0.672255,0.226558,-0.017980,1.836066
00031,11,0.246948,0.255748,-0.017331,-0.934510,0.418867,0.326936,1.838807
00032,11,0.161735,-0.517388,0.484797,-0.686384,0.421634,-0.024400,1.816715
00033,11,-0.162516,-0.969459,-0.121832,-0.137456,0.115222,0.298650,1.819769
00034,11,-0.142611,-0.944225,0.165878,0.246143,-0.509412,-0.152747,1.801041
00035,11,-0.831788,0.051872,0.456029,-0.312211,0.069718,-0.440102,1.811394
00036,11,0.549670,-0.463319,0.641881,0.266809,0.226187,-0.350034,1.820975
00037,11,-0.789527,-0.084391,0.350119,-0.496932,0.038589,0.126855,1.836174
00038,11,0.138242,-0.969000,-0.204667,0.006303,0.115920,0.540608,1.813204
00039,11,0.449253,0.413894,0.499992,-0.613898,0.171712,0.518941,1.792010
00040,11,-0.505503,-0.726430,0.464519,-0.031423,0.186416,0.377198,1.833253
00041,11,-0.201462,0.426864,0.264851,0.840865,0.191632,0.034451,1.801363
00042,11,-0.699611,0.633466,0.153370,-0.292818,0.565458,0.623903,1.812892
00043,11,-0.407996,-0.404853,-0.645647,0.502766,0.199900,0.547471,1.799053
00044,11,0.494266,0.430928,0.573972,0.490467,0.351706,0.184792,1.792823
00045,11,-0.244547,-0.162731,0.465281,0.835002,0.562110,-0.534028,1.815891
00046,11,-0.406159,-0.409865,0.808721,-0.114089,-0.125370,0.541758,1.851097
00047,11,0.651238,-0.140544,-0.714431,-0.213836,0.243391,0.471220,1.841442
00048,11,0.792188,-0.023034,-0.196148,-0.577437,-0.663676,0.458816,1.847739
00049,11,-0.657154,-0.433000,0.397946,0.471486,0.016655,0.424377,1.834139
00050,11,-0.426937,0.355047,-0.831664,-0.001054,0.545509,-0.494594,1.812941
00051,11,0.265921,0.245762,-0.119355,-0.924468,-0.116362,0.438181,1.835905
00052,11,-0.423097,-0.863390,-0.184860,0.203406,0.067642,0.617903,1.877444
00053,11,-0.372762,-0.489085,0.660871,-0.430226,0.405747,-0.068129,1.852677
00054,11,-0.302333,-0.533179,-0.744012,-0.266009,0.439378,0.466695,1.823966
00055,11,-0.769508,-0.594856,0.190802,-0.132664,-0.126977,0.436262,1.797230
00056,11,0.052300,0.156603,-0.908109,-0.384810,-0.246307,-0.430457,1.844364
00057,11,-0.395157,-0.363695,-0.820549,-0.195645,-0.214776,-0.103043,1.862199
00058,11,-0.163232,-0.299025,0.925426,-0.165910,-0.014931,-0.403333,1.854885
00059,11,-0.533306,0.702464,-0.469368,-0.042686,-0.672684,0.364758,1.855839
00060,11,0.981208,-0.082144,0.137929,-0.107045,0.426187,0.142370,1.891544
00061,11,0.672928,-0.547910,0.454857,0.200169,0.378707,-0.131832,1.870084
00062,11,0.717860,0.081776,0.143294,0.676355,-0.587215,-0.022684,1.797947
00063,11,0.073690,-0.704252,0.180027,-0.682780,-0.607627,0.574536,1.806959
00064,11,-0.209682,0.968295,-0.028595,-0.132746,0.620125,-0.311116,1.798214
00065,11,0.625616,0.491094,0.271490,-0.541964,-0.132755,0.023797,1.837762
00066,11,-0.378381,0.272522,0.618867,0.632110,-0.525565,-0.352184,1.817562
00067,11,0.416030,-0.158293,-0.447909,-0.775396,0.071854,0.080639,1.841886
00068,11,0.227110,0.457040,0.304256,-0.804341,-0.537515,-0.436019,1.843138
00069,11,-0.679980,0.143818,-0.569456,0.438935,-0.229418,0.069258,1.867389
00070,11,0.044555,0.790598,-0.335282,0.510448,-0.532253,-0.453330,1.799407
00071,11,-0.586120,-0.078577,-0.682337,-0.429774,0.248257,-0.559306,1.897273
00072,11,-0.868027,-0.264227,0.240729,0.344620,0.387031,0.082479,1.905523
00073,11,-0.432348,-0.427754,-0.664884,-0.433625,0.239634,0.235639,1.788552
00074,11,0.140485,0.367553,-0.705106,0.589910,-0.549548,0.615289,1.910353
00075,11,-0.214468,0.607630,0.747059,-0.163378,0.207078,-0.328928,1.835507
00076,11,-0.066897,-0.440932,-0.856425,0.260076,0.008711,-0.119736,1.886482
00077,11,0.255473,-0.636558,-0.552891,0.473115,0.201417,-0.543252,1.804064
00078,11,-0.458923,-0.504711,-0.150871,0.715468,0.423692,0.049657,1.820011
00079,11,-0.433881,0.410037,0.800758,0.049028,-0.239302,-0.489476,1.871380
00080,11,0.125210,0.393245,-0.390105,0.823103,-0.535959,0.447150,1.866266
00081,11,0.752076,0.473256,0.333809,0.314615,-0.510461,-0.491110,1.870170
00082,11,-0.526818,0.225715,0.650959,-0.497763,0.060692,-0.151013,1.917319
00083,11,0.420303,0.138956,-0.026877,-0.896278,0.134734,-0.556326,1.929551
00084,11,-0.164450,-0.509086,0.777353,-0.330924,0.508162,-0.430756,1.919502
00085,11,-0.474290,-0.834532,-0.098809,-0.262377,0.258098,0.273155,1.824369
00086,11,-0.168101,0.273803,-0.946973,0.003998,0.195399,0.461507,1.870113
00087,11,-0.343749,0.843988,-0.373603,0.173040,-0.563699,-0.084138,1.864265
00088,11,-0.709335,-0.372897,-0.242841,-0.546645,0.175995,0.326013,1.902454
00089,11,0.006166,0.056581,-0.949395,-0.308883,-0.272037,-0.566717,1.934903
00090,11,-0.852335,0.072403,-0.362222,-0.370241,0.179582,-0.518396,1.885270
00091,11,-0.588150,-0.474374,0.532808,0.381005,0.506346,0.104053,1.844734
00092,11,-0.669549,0.566943,-0.250290,-0.409431,0.537307,-0.343261,1.879443
00093,11,-0.041099,0.297843,0.440843,0.845729,-0.659550,-0.546931,1.863846
00094,11,0.716691,-0.118512,0.683587,-0.070840,0.148382,-0.139290,1.807203
00095,11,0.110561,0.093146,0.967517,0.207392,-0.154752,-0.338933,1.809719
00096,11,0.087599,-0.189241,-0.768815,-0.604514,-0.065439,-0.529360,1.818232
00097,11,0.139786,0.254454,-0.080606,0.953528,0.311550,0.598429,1.830550
00098,11,0.006737,0.771596,0.052496,0.633907,0.085633,0.025404,1.919772
00099,11,0.648729,0.460472,-0.495656,-0.348485,0.273959,-0.403072,1.944122
