00000,23,0.540939,-0.516348,-0.166624,0.642656,-8.540814,-0.658150,70.021826
00001,23,0.531469,-0.518020,-0.205538,0.637926,-8.588296,-0.574163,70.218770
00002,23,0.520262,-0.519159,-0.243944,0.632687,-8.635779,-0.490177,70.415714
00003,23,0.507345,-0.519744,-0.281755,0.626961,-8.683261,-0.406190,70.612659
00004,23,0.492750,-0.519761,-0.318883,0.620774,-8.730743,-0.322203,70.809603
00005,23,0.476510,-0.519191,-0.355244,0.614150,-8.778226,-0.238216,71.006548
00006,23,0.458665,-0.518022,-0.390755,0.607116,-8.825708,-0.154229,71.203492
00007,23,0.439259,-0.516239,-0.425334,0.599699,-8.873191,-0.070242,71.400436
00008,23,0.418340,-0.513831,-0.458903,0.591927,-8.920673,0.013745,71.597381
00009,23,0.395957,-0.510788,-0.491384,0.583828,-8.968155,0.097732,71.794325
00010,23,0.372167,-0.507099,-0.522705,0.575431,-9.015638,0.181719,71.991270
00011,23,0.347028,-0.502758,-0.552794,0.566766,-9.063120,0.265706,72.188214
00012,23,0.320602,-0.497759,-0.581583,0.557864,-9.110602,0.349693,72.385158
00013,23,0.292955,-0.492095,-0.609007,0.548753,-9.158085,0.433679,72.582103
00014,23,0.264156,-0.485765,-0.635005,0.539465,-9.205567,0.517666,72.779047
00015,23,0.234275,-0.478766,-0.659519,0.530031,-9.253050,0.601653,72.975992
00016,23,0.203388,-0.471098,-0.682494,0.520481,-9.300532,0.685640,73.172936
00017,23,0.171572,-0.462763,-0.703881,0.510848,-9.348014,0.769627,73.369880
00018,23,0.138906,-0.453763,-0.723631,0.501160,-9.395497,0.853614,73.566825
00019,23,0.105473,-0.444102,-0.741704,0.491451,-9.442979,0.937601,73.763769
00020,23,0.071355,-0.433787,-0.758060,0.481748,-9.490462,1.021588,73.960714
00021,23,0.036639,-0.422825,-0.772666,0.472085,-9.537944,1.105575,74.157658
00022,23,0.001412,-0.411225,-0.785491,0.462489,-9.585426,1.189562,74.354602
00023,23,-0.034238,-0.398998,-0.796510,0.452990,-9.632909,1.273549,74.551547
00024,23,-0.070220,-0.386155,-0.805703,0.443618,-9.680391,1.357535,74.748491
00025,23,-0.106444,-0.372709,-0.813052,0.434400,-9.727873,1.441522,74.945436
00026,23,-0.142818,-0.358676,-0.818547,0.425364,-9.775356,1.525509,75.142380
00027,23,-0.179252,-0.344072,-0.822180,0.416538,-9.822838,1.609496,75.339324
00028,23,-0.215652,-0.328915,-0.823948,0.407946,-9.870321,1.693483,75.536269
00029,23,-0.251926,-0.313222,-0.823853,0.399614,-9.917803,1.777470,75.733213
00030,23,-0.287984,-0.297015,-0.821902,0.391566,-9.965285,1.861457,75.930158
00031,23,-0.323734,-0.280314,-0.818107,0.383825,-10.012768,1.945444,76.127102
00032,23,-0.359084,-0.263143,-0.812482,0.376414,-10.060250,2.029431,76.324046
00033,23,-0.393947,-0.245525,-0.805048,0.369353,-10.107733,2.113418,76.520991
00034,23,-0.428233,-0.227485,-0.795829,0.362661,-10.155215,2.197405,76.717935
00035,23,-0.461855,-0.209048,-0.784855,0.356358,-10.202697,2.281391,76.914880
00036,23,-0.494728,-0.190241,-0.772159,0.350461,-10.250180,2.365378,77.111824
00037,23,-0.526769,-0.171093,-0.757777,0.344986,-10.297662,2.449365,77.308768
00038,23,-0.557896,-0.151630,-0.741752,0.339946,-10.345144,2.533352,77.505713
00039,23,-0.588030,-0.131883,-0.724129,0.335356,-10.392627,2.617339,77.702657
00040,23,-0.617094,-0.111882,-0.704957,0.331228,-10.440109,2.701326,77.899602
00041,23,-0.645015,-0.091656,-0.684289,0.327571,-10.487592,2.785313,78.096546
00042,23,-0.671720,-0.071237,-0.662182,0.324395,-10.535074,2.869300,78.293490
00043,23,-0.697142,-0.050657,-0.638695,0.321707,-10.582556,2.953287,78.490435
00044,23,-0.721215,-0.029947,-0.613892,0.319513,-10.630039,3.037274,78.687379
00045,23,-0.743878,-0.009140,-0.587839,0.317817,-10.677521,3.121261,78.884324
00046,23,-0.765071,0.011732,-0.560604,0.316624,-10.725004,3.205247,79.081268
00047,23,-0.784741,0.032637,-0.532261,0.315934,-10.772486,3.289234,79.278212
00048,23,-0.802836,0.053541,-0.502883,0.315747,-10.819968,3.373221,79.475157
00049,23,-0.819308,0.074412,-0.472548,0.316063,-10.867451,3.457208,79.672101
00050,23,-0.834114,0.095216,-0.441335,0.316878,-10.914933,3.541195,79.869046
00051,23,-0.847215,0.115923,-0.409324,0.318187,-10.962415,3.625182,80.065990
00052,23,-0.858575,0.136498,-0.376598,0.319986,-11.009898,3.709169,80.262934
00053,23,-0.868163,0.156911,-0.343242,0.322267,-11.057380,3.793156,80.459879
00054,23,-0.875953,0.177129,-0.309343,0.325022,-11.104863,3.877143,80.656823
00055,23,-0.881921,0.197120,-0.274986,0.328240,-11.152345,3.961130,80.853768
00056,23,-0.886050,0.216856,-0.240260,0.331910,-11.199827,4.045117,81.050712
00057,23,-0.888325,0.236304,-0.205254,0.336020,-11.247310,4.129103,81.247656
00058,23,-0.888738,0.255435,-0.170057,0.340556,-11.294792,4.213090,81.444601
00059,23,-0.887283,0.274222,-0.134759,0.345502,-11.342275,4.297077,81.641545
00060,23,-0.883959,0.292635,-0.099449,0.350843,-11.389757,4.381064,81.838490
00061,23,-0.878771,0.310647,-0.064218,0.356561,-11.437239,4.465051,82.035434
00062,23,-0.871727,0.328232,-0.029155,0.362637,-11.484722,4.549038,82.232378
00063,23,-0.862839,0.345364,0.005652,0.369053,-11.532204,4.633025,82.429323
00064,23,-0.852125,0.362020,0.040113,0.375786,-11.579686,4.717012,82.626267
00065,23,-0.839606,0.378176,0.074141,0.382815,-11.627169,4.800999,82.823211
00066,23,-0.825308,0.393809,0.107651,0.390119,-11.674651,4.884986,83.020156
00067,23,-0.809260,0.408900,0.140556,0.397672,-11.722134,4.968973,83.217100
00068,23,-0.791497,0.423427,0.172774,0.405452,-11.769616,5.052959,83.414045
00069,23,-0.772056,0.437373,0.204223,0.413433,-11.817098,5.136946,83.610989
00070,23,-0.750980,0.450720,0.234823,0.421589,-11.864581,5.220933,83.807933
00071,23,-0.728315,0.463453,0.264496,0.429895,-11.912063,5.304920,84.004878
00072,23,-0.704111,0.475557,0.293167,0.438322,-11.959546,5.388907,84.201822
00073,23,-0.678420,0.487020,0.320762,0.446844,-12.007028,5.472894,84.398767
00074,23,-0.651301,0.497829,0.347211,0.455433,-12.054510,5.556881,84.595711
00075,23,-0.622812,0.507974,0.372446,0.464059,-12.101993,5.640868,84.792655
00076,23,-0.593019,0.517448,0.396402,0.472696,-12.149475,5.724855,84.989600
00077,23,-0.561987,0.526243,0.419019,0.481313,-12.196957,5.808842,85.186544
00078,23,-0.529787,0.534353,0.440236,0.489882,-12.244440,5.892829,85.383489
00079,23,-0.496491,0.541775,0.460000,0.498373,-12.291922,5.976815,85.580433
00080,23,-0.462174,0.548507,0.478259,0.506758,-12.339405,6.060802,85.777377
00081,23,-0.426915,0.554547,0.494965,0.515006,-12.386887,6.144789,85.974322
00082,23,-0.390792,0.559897,0.510074,0.523088,-12.434369,6.228776,86.171266
00083,23,-0.353889,0.564558,0.523546,0.530977,-12.481852,6.312763,86.368211
00084,23,-0.316289,0.568535,0.535345,0.538642,-12.529334,6.396750,86.565155
00085,23,-0.278079,0.571833,0.545439,0.546055,-12.576817,6.480737,86.762099
00086,23,-0.239345,0.574459,0.553799,0.553188,-12.624299,6.564724,86.959044
00087,23,-0.200177,0.576423,0.560403,0.560013,-12.671781,6.648711,87.155988
00088,23,-0.160663,0.577733,0.565232,0.566502,-12.719264,6.732698,87.352933
00089,23,-0.120895,0.578402,0.568270,0.572630,-12.766746,6.816685,87.549877
00090,23,-0.080964,0.578442,0.569507,0.578370,-12.814228,6.900671,87.746821
00091,23,-0.040962,0.577868,0.568938,0.583696,-12.861711,6.984658,87.943766
00092,23,-0.000980,0.576695,0.566560,0.588584,-12.909193,7.068645,88.140710
00093,23,0.038889,0.574941,0.562378,0.593010,-12.956676,7.152632,88.337655
00094,23,0.078553,0.572625,0.556398,0.596951,-13.004158,7.236619,88.534599
00095,23,0.117922,0.569765,0.548634,0.600385,-13.051640,7.320606,88.731543
00096,23,0.156904,0.566383,0.539102,0.603291,-13.099123,7.404593,88.928488
00097,23,0.195410,0.562501,0.527822,0.605649,-13.146605,7.488580,89.125432
00098,23,0.233351,0.558142,0.514822,0.607440,-13.194088,7.572567,89.322377
00099,23,0.270640,0.553329,0.500130,0.608646,-13.241570,7.656554,89.519321
