00000,5,0.316288,-0.231753,0.379714,-0.837895,-6.864919,10.499068,100.724713
00001,5,0.414189,-0.194148,0.385607,-0.801286,-6.550084,10.299718,100.690172
00002,5,0.506957,-0.158854,0.396655,-0.748614,-6.235249,10.100367,100.655630
00003,5,0.591770,-0.126770,0.412866,-0.680646,-5.920414,9.901017,100.621088
00004,5,0.665752,-0.098690,0.434074,-0.598843,-5.605579,9.701666,100.586546
00005,5,0.726218,-0.075247,0.459903,-0.505404,-5.290744,9.502315,100.552004
00006,5,0.770934,-0.056868,0.489762,-0.403187,-4.975909,9.302965,100.517462
00007,5,0.798349,-0.043742,0.522871,-0.295515,-4.661073,9.103614,100.482920
00008,5,0.807733,-0.035830,0.558320,-0.185907,-4.346238,8.904263,100.448378
00009,5,0.799178,-0.032899,0.595131,-0.077778,-4.031403,8.704913,100.413837
00010,5,0.773499,-0.034591,0.632325,0.025802,-3.716568,8.505562,100.379295
00011,5,0.732044,-0.040486,0.668972,0.122258,-3.401733,8.306212,100.344753
00012,5,0.676494,-0.050176,0.704218,0.209558,-3.086898,8.106861,100.310211
00013,5,0.608681,-0.063309,0.737296,0.286169,-2.772063,7.907510,100.275669
00014,5,0.530471,-0.079618,0.767519,0.350963,-2.457228,7.708160,100.241127
00015,5,0.443690,-0.098918,0.794272,0.403094,-2.142393,7.508809,100.206585
00016,5,0.350120,-0.121094,0.816994,0.441897,-1.827558,7.309458,100.172043
00017,5,0.251528,-0.146058,0.835166,0.466794,-1.512723,7.110108,100.137502
00018,5,0.149729,-0.173706,0.848311,0.477258,-1.197888,6.910757,100.102960
00019,5,0.046653,-0.203854,0.855990,0.472808,-0.883053,6.711407,100.068418
00020,5,-0.055585,-0.236179,0.857827,0.453058,-0.568218,6.512056,100.033876
00021,5,-0.154649,-0.270157,0.853538,0.417817,-0.253383,6.312705,99.999334
00022,5,-0.247983,-0.305026,0.842979,0.367217,0.061452,6.113355,99.964792
00023,5,-0.332885,-0.339771,0.826208,0.301865,0.376287,5.914004,99.930250
00024,5,-0.406654,-0.373156,0.803535,0.222973,0.691122,5.714654,99.895708
00025,5,-0.466798,-0.403805,0.775567,0.132426,1.005957,5.515303,99.861167
00026,5,-0.511272,-0.430323,0.743202,0.032748,1.320792,5.315952,99.826625
00027,5,-0.538691,-0.451440,0.707586,-0.073029,1.635627,5.116602,99.792083
00028,5,-0.548456,-0.466142,0.670019,-0.181605,1.950462,4.917251,99.757541
00029,5,-0.540764,-0.473760,0.631833,-0.289677,2.265297,4.717900,99.722999
00030,5,-0.516504,-0.474007,0.594274,-0.394180,2.580132,4.518550,99.688457
00031,5,-0.477077,-0.466959,0.558416,-0.492460,2.894967,4.319199,99.653915
00032,5,-0.424180,-0.452995,0.525113,-0.582342,3.209802,4.119849,99.619373
00033,5,-0.359624,-0.432720,0.494995,-0.662120,3.524638,3.920498,99.584832
00034,5,-0.285200,-0.406899,0.468499,-0.730480,3.839473,3.721147,99.550290
00035,5,-0.202609,-0.376391,0.445924,-0.786404,4.154308,3.521797,99.515748
00036,5,-0.113449,-0.342111,0.427477,-0.829067,4.469143,3.322446,99.481206
00037,5,-0.019255,-0.305007,0.413331,-0.857763,4.783978,3.123095,99.446664
00038,5,0.078430,-0.266045,0.403653,-0.871856,5.098813,2.923745,99.412122
00039,5,0.177971,-0.226206,0.398625,-0.870778,5.413648,2.724394,99.377580
00040,5,0.277545,-0.186486,0.398444,-0.854069,5.728483,2.525044,99.343038
00041,5,0.375074,-0.147884,0.403292,-0.821465,6.043318,2.325693,99.308497
00042,5,0.468192,-0.111390,0.413305,-0.773024,6.358153,2.126342,99.273955
00043,5,0.554277,-0.077952,0.428513,-0.709278,6.672988,1.926992,99.239413
00044,5,0.630564,-0.048436,0.448792,-0.631369,6.987823,1.727641,99.204871
00045,5,0.694340,-0.023562,0.473816,-0.541141,7.302658,1.528290,99.170329
00046,5,0.743192,-0.003856,0.503038,-0.441137,7.617493,1.328940,99.135787
00047,5,0.775263,0.010396,0.535708,-0.334477,7.932328,1.129589,99.101245
00048,5,0.789449,0.019166,0.570913,-0.224631,8.247163,0.930239,99.066703
00049,5,0.785487,0.022653,0.607652,-0.115128,8.561998,0.730888,99.032162
00050,5,0.763912,0.021237,0.644903,-0.009274,8.876833,0.531537,98.997620
00051,5,0.725914,0.015397,0.681688,0.090060,9.191668,0.332187,98.963078
00052,5,0.673137,0.005639,0.717115,0.180554,9.506503,0.132836,98.928536
00053,5,0.607473,-0.007574,0.750392,0.260441,9.821338,-0.066514,98.893994
00054,5,0.530900,-0.023860,0.780834,0.328441,10.136173,-0.265865,98.859452
00055,5,0.445377,-0.042938,0.807843,0.383646,10.451008,-0.465216,98.824910
00056,5,0.352800,-0.064619,0.830895,0.425404,10.765843,-0.664566,98.790369
00057,5,0.255011,-0.088781,0.849523,0.453208,11.080678,-0.863917,98.755827
00058,5,0.153840,-0.115322,0.863301,0.466630,11.395514,-1.063268,98.721285
00059,5,0.051172,-0.144112,0.871846,0.465293,11.710349,-1.262618,98.686743
00060,5,-0.050983,-0.174926,0.874817,0.448882,12.025184,-1.461969,98.652201
00061,5,-0.150438,-0.207386,0.871944,0.417218,12.340019,-1.661319,98.617659
00062,5,-0.244800,-0.240910,0.863055,0.370364,12.654854,-1.860670,98.583117
00063,5,-0.331504,-0.274676,0.848129,0.308762,12.969689,-2.060021,98.548575
00064,5,-0.407914,-0.307625,0.827350,0.233375,13.284524,-2.259371,98.514034
00065,5,-0.471491,-0.338506,0.801157,0.145794,13.599359,-2.458722,98.479492
00066,5,-0.520016,-0.365969,0.770272,0.048269,13.914194,-2.658073,98.444950
00067,5,-0.551823,-0.388692,0.735684,-0.056370,14.229029,-2.857423,98.410408
00068,5,-0.565979,-0.405525,0.698590,-0.164890,14.543864,-3.056774,98.375866
00069,5,-0.562364,-0.415603,0.660296,-0.273914,14.858699,-3.256124,98.341324
00070,5,-0.541634,-0.418426,0.622098,-0.380192,15.173534,-3.455475,98.306782
00071,5,-0.505071,-0.413874,0.585174,-0.480815,15.488369,-3.654826,98.272240
00072,5,-0.454377,-0.402171,0.550509,-0.573357,15.803204,-3.854176,98.237699
00073,5,-0.391466,-0.383824,0.518867,-0.655904,16.118039,-4.053527,98.203157
00074,5,-0.318281,-0.359540,0.490800,-0.727009,16.432874,-4.252878,98.168615
00075,5,-0.236691,-0.330164,0.466682,-0.785605,16.747709,-4.452228,98.134073
00076,5,-0.148442,-0.296617,0.446769,-0.830891,17.062544,-4.651579,98.099531
00077,5,-0.055163,-0.259868,0.431246,-0.862236,17.377379,-4.850929,98.064989
00078,5,0.041575,-0.220906,0.420272,-0.879114,17.692214,-5.050280,98.030447
00079,5,0.140184,-0.180737,0.414008,-0.881067,18.007049,-5.249631,97.995905
00080,5,0.238964,-0.140377,0.412622,-0.867717,18.321884,-5.448981,97.961364
00081,5,0.336026,-0.100850,0.416283,-0.838822,18.636719,-5.648332,97.926822
00082,5,0.429228,-0.063174,0.425125,-0.794380,18.951554,-5.847682,97.892280
00083,5,0.516172,-0.028342,0.439201,-0.734754,19.266389,-6.047033,97.857738
00084,5,0.594261,0.002720,0.458429,-0.660824,19.581225,-6.246384,97.823196
00085,5,0.660840,0.029201,0.482540,-0.574101,19.896060,-6.445734,97.788654
00086,5,0.713413,0.050468,0.511046,-0.476787,20.210895,-6.645085,97.754112
00087,5,0.749892,0.066123,0.543239,-0.371726,20.525730,-6.844436,97.719570
00088,5,0.768838,0.076031,0.578218,-0.262241,20.840565,-7.043786,97.685029
00089,5,0.769612,0.080326,0.614961,-0.151877,21.155400,-7.243137,97.650487
00090,5,0.752417,0.079367,0.652398,-0.044109,21.470235,-7.442487,97.615945
00091,5,0.718209,0.073670,0.689486,0.057926,21.785070,-7.641838,97.581403
00092,5,0.668522,0.063822,0.725272,0.151603,22.099905,-7.841189,97.546861
00093,5,0.605253,0.050398,0.758919,0.234881,22.414740,-8.040539,97.512319
00094,5,0.530467,0.033906,0.789715,0.306274,22.729575,-8.239890,97.477777
00095,5,0.446253,0.014745,0.817063,0.364757,23.044410,-8.439241,97.443235
00096,5,0.354638,-0.006796,0.840462,0.409643,23.359245,-8.638591,97.408694
00097,5,0.257566,-0.030528,0.859486,0.440466,23.674080,-8.837942,97.374152
00098,5,0.156921,-0.056321,0.873764,0.456880,23.988915,-9.037292,97.339610
00099,5,0.054583,-0.084059,0.882967,0.458609,24.303750,-9.236643,97.305068
00100,5,-0.047506,-0.113581,0.886811,0.445430,24.618585,-9.435994,97.270526
00101,5,-0.147279,-0.144623,0.885058,0.417211,24.933420,-9.635344,97.235984
00102,5,-0.242496,-0.176753,0.877544,0.373992,25.248255,-9.834695,97.201442
00103,5,-0.330741,-0.209336,0.864213,0.316106,25.563090,-10.034046,97.166900
00104,5,-0.409484,-0.241500,0.845168,0.244315,25.877925,-10.233396,97.132359
00105,5,-0.476203,-0.272160,0.820718,0.159940,26.192760,-10.432747,97.097817
00106,5,-0.528576,-0.300070,0.791421,0.064937,26.507595,-10.632097,97.063275
00107,5,-0.564711,-0.323932,0.758100,-0.038115,26.822430,-10.831448,97.028733
00108,5,-0.583359,-0.342520,0.721815,-0.146130,27.137265,-11.030799,96.994191
00109,5,-0.584061,-0.354820,0.683792,-0.255741,27.452101,-11.230149,96.959649
00110,5,-0.567176,-0.360133,0.645319,-0.363561,27.766936,-11.429500,96.925107
00111,5,-0.533797,-0.358132,0.607635,-0.466456,28.081771,-11.628850,96.890565
00112,5,-0.485560,-0.348858,0.571833,-0.561725,28.396606,-11.828201,96.856024
00113,5,-0.424431,-0.332678,0.538802,-0.647205,28.711441,-12.027552,96.821482
00114,5,-0.352491,-0.310213,0.509213,-0.721262,29.026276,-12.226902,96.786940
00115,5,-0.271783,-0.282262,0.483537,-0.782722,29.341111,-12.426253,96.752398
00116,5,-0.184223,-0.249735,0.462091,-0.830762,29.655946,-12.625604,96.717856
00117,5,-0.091578,-0.213606,0.445093,-0.864799,29.970781,-12.824954,96.683314
00118,5,0.004504,-0.174884,0.432705,-0.884398,30.285616,-13.024305,96.648772
00119,5,0.102431,-0.134593,0.425075,-0.889214,30.600451,-13.223655,96.614230
00120,5,0.200576,-0.093769,0.422354,-0.878973,30.915286,-13.423006,96.579689
00121,5,0.297192,-0.053451,0.424692,-0.853496,31.230121,-13.622357,96.545147
00122,5,0.390337,-0.014682,0.432223,-0.812775,31.544956,-13.821707,96.510605
00123,5,0.477836,0.021514,0.445019,-0.757078,31.859791,-14.021058,96.476063
00124,5,0.557291,0.054157,0.463041,-0.687085,32.174626,-14.220409,96.441521
00125,5,0.626177,0.082360,0.486083,-0.604021,32.489461,-14.419759,96.406979
00126,5,0.682003,0.105383,0.513728,-0.509754,32.804296,-14.619110,96.372437
00127,5,0.722542,0.122701,0.545328,-0.406808,33.119131,-14.818460,96.337895
00128,5,0.746082,0.134054,0.580017,-0.298280,33.433966,-15.017811,96.303354
00129,5,0.751626,0.139467,0.616767,-0.187629,33.748801,-15.217162,96.268812
00130,5,0.739014,0.139239,0.654463,-0.078406,34.063636,-15.416512,96.234270
00131,5,0.708903,0.133880,0.691993,0.026035,34.378471,-15.615863,96.199728
00132,5,0.662639,0.124030,0.728320,0.122780,34.693306,-15.815214,96.165186
