00000,20,-0.259683,0.597158,-0.306233,0.694397,15.607369,-6.841924,70.002816
00001,20,-0.262371,0.623928,-0.248264,0.692993,15.677274,-6.949522,69.923633
00002,20,-0.264159,0.648254,-0.189340,0.688576,15.747180,-7.057120,69.844449
00003,20,-0.265062,0.670024,-0.129698,0.681166,15.817085,-7.164719,69.765266
00004,20,-0.265097,0.689139,-0.069580,0.670798,15.886990,-7.272317,69.686083
00005,20,-0.264284,0.705504,-0.009226,0.657520,15.956895,-7.379915,69.606899
00006,20,-0.262649,0.719040,0.051121,0.641392,16.026800,-7.487514,69.527716
00007,20,-0.260214,0.729674,0.111218,0.622490,16.096706,-7.595112,69.448533
00008,20,-0.257010,0.737347,0.170827,0.600902,16.166611,-7.702710,69.369350
00009,20,-0.253064,0.742009,0.229709,0.576727,16.236516,-7.810309,69.290166
00010,20,-0.248408,0.743624,0.287629,0.550078,16.306421,-7.917907,69.210983
00011,20,-0.243074,0.742165,0.344356,0.521080,16.376327,-8.025505,69.131800
00012,20,-0.237096,0.737619,0.399667,0.489867,16.446232,-8.133104,69.052616
00013,20,-0.230507,0.729985,0.453341,0.456584,16.516137,-8.240702,68.973433
00014,20,-0.223343,0.719275,0.505167,0.421388,16.586042,-8.348300,68.894250
00015,20,-0.215639,0.705511,0.554940,0.384442,16.655948,-8.455899,68.815066
00016,20,-0.207428,0.688730,0.602465,0.345919,16.725853,-8.563497,68.735883
00017,20,-0.198747,0.668981,0.647555,0.306000,16.795758,-8.671095,68.656700
00018,20,-0.189629,0.646325,0.690034,0.264871,16.865663,-8.778694,68.577517
00019,20,-0.180109,0.620836,0.729737,0.222724,16.935568,-8.886292,68.498333
00020,20,-0.170220,0.592600,0.766510,0.179757,17.005474,-8.993891,68.419150
00021,20,-0.159993,0.561714,0.800211,0.136172,17.075379,-9.101489,68.339967
00022,20,-0.149461,0.528287,0.830709,0.092171,17.145284,-9.209087,68.260783
00023,20,-0.138652,0.492442,0.857890,0.047962,17.215189,-9.316686,68.181600
00024,20,-0.127596,0.454309,0.881651,0.003751,17.285095,-9.424284,68.102417
00025,20,-0.116320,0.414032,0.901901,-0.040256,17.355000,-9.531882,68.023233
00026,20,-0.104851,0.371763,0.918568,-0.083852,17.424905,-9.639481,67.944050
00027,20,-0.093211,0.327666,0.931590,-0.126835,17.494810,-9.747079,67.864867
00028,20,-0.081425,0.281910,0.940922,-0.169003,17.564716,-9.854677,67.785683
00029,20,-0.069514,0.234678,0.946534,-0.210161,17.634621,-9.962276,67.706500
00030,20,-0.057498,0.186156,0.948410,-0.250117,17.704526,-10.069874,67.627317
00031,20,-0.045394,0.136539,0.946549,-0.288688,17.774431,-10.177472,67.548134
00032,20,-0.033222,0.086029,0.940967,-0.325694,17.844336,-10.285071,67.468950
00033,20,-0.020995,0.034834,0.931692,-0.360966,17.914242,-10.392669,67.389767
00034,20,-0.008730,-0.016836,0.918768,-0.394342,17.984147,-10.500267,67.310584
00035,20,0.003561,-0.068764,0.902254,-0.425671,18.054052,-10.607866,67.231400
00036,20,0.015865,-0.120731,0.882223,-0.454812,18.123957,-10.715464,67.152217
00037,20,0.028170,-0.172517,0.858762,-0.481634,18.193863,-10.823062,67.073034
00038,20,0.040466,-0.223899,0.831971,-0.506019,18.263768,-10.930661,66.993850
00039,20,0.052741,-0.274654,0.801964,-0.527861,18.333673,-11.038259,66.914667
00040,20,0.064986,-0.324560,0.768866,-0.547066,18.403578,-11.145857,66.835484
00041,20,0.077190,-0.373398,0.732817,-0.563555,18.473484,-11.253456,66.756301
00042,20,0.089344,-0.420949,0.693965,-0.577262,18.543389,-11.361054,66.677117
00043,20,0.101437,-0.467000,0.652472,-0.588134,18.613294,-11.468652,66.597934
00044,20,0.113459,-0.511340,0.608508,-0.596135,18.683199,-11.576251,66.518751
00045,20,0.125398,-0.553766,0.562253,-0.601240,18.753104,-11.683849,66.439567
00046,20,0.137242,-0.594080,0.513897,-0.603443,18.823010,-11.791447,66.360384
00047,20,0.148980,-0.632092,0.463637,-0.602749,18.892915,-11.899046,66.281201
00048,20,0.160596,-0.667620,0.411676,-0.599179,18.962820,-12.006644,66.202017
00049,20,0.172075,-0.700493,0.358224,-0.592769,19.032725,-12.114243,66.122834
00050,20,0.183402,-0.730548,0.303498,-0.583569,19.102631,-12.221841,66.043651
00051,20,0.194557,-0.757633,0.247717,-0.571643,19.172536,-12.329439,65.964468
00052,20,0.205521,-0.781609,0.191105,-0.557070,19.242441,-12.437038,65.885284
00053,20,0.216273,-0.802350,0.133889,-0.539939,19.312346,-12.544636,65.806101
00054,20,0.226789,-0.819741,0.076296,-0.520355,19.382251,-12.652234,65.726918
00055,20,0.237043,-0.833684,0.018554,-0.498435,19.452157,-12.759833,65.647734
00056,20,0.247010,-0.844092,-0.039107,-0.474305,19.522062,-12.867431,65.568551
00057,20,0.256659,-0.850896,-0.096460,-0.448104,19.591967,-12.975029,65.489368
00058,20,0.265961,-0.854041,-0.153280,-0.419981,19.661872,-13.082628,65.410184
00059,20,0.274881,-0.853488,-0.209345,-0.390094,19.731778,-13.190226,65.331001
00060,20,0.283386,-0.849214,-0.264436,-0.358609,19.801683,-13.297824,65.251818
00061,20,0.291439,-0.841215,-0.318339,-0.325700,19.871588,-13.405423,65.172634
00062,20,0.299003,-0.829500,-0.370847,-0.291547,19.941493,-13.513021,65.093451
00063,20,0.306038,-0.814097,-0.421757,-0.256335,20.011399,-13.620619,65.014268
00064,20,0.312504,-0.795050,-0.470875,-0.220256,20.081304,-13.728218,64.935085
00065,20,0.318359,-0.772421,-0.518015,-0.183502,20.151209,-13.835816,64.855901
00066,20,0.323561,-0.746288,-0.562998,-0.146271,20.221114,-13.943414,64.776718
00067,20,0.328067,-0.716744,-0.605658,-0.108759,20.291019,-14.051013,64.697535
00068,20,0.331834,-0.683899,-0.645836,-0.071163,20.360925,-14.158611,64.618351
00069,20,0.334818,-0.647881,-0.683384,-0.033681,20.430830,-14.266209,64.539168
00070,20,0.336976,-0.608829,-0.718165,0.003493,20.500735,-14.373808,64.459985
00071,20,0.338266,-0.566901,-0.750057,0.040167,20.570640,-14.481406,64.380801
00072,20,0.338648,-0.522266,-0.778945,0.076154,20.640546,-14.589004,64.301618
00073,20,0.338079,-0.475109,-0.804731,0.111272,20.710451,-14.696603,64.222435
00074,20,0.336523,-0.425624,-0.827328,0.145343,20.780356,-14.804201,64.143252
00075,20,0.333943,-0.374021,-0.846661,0.178199,20.850261,-14.911799,64.064068
00076,20,0.330305,-0.320518,-0.862672,0.209677,20.920167,-15.019398,63.984885
00077,20,0.325577,-0.265343,-0.875312,0.239627,20.990072,-15.126996,63.905702
00078,20,0.319732,-0.208736,-0.884549,0.267904,21.059977,-15.234595,63.826518
00079,20,0.312746,-0.150941,-0.890365,0.294376,21.129882,-15.342193,63.747335
00080,20,0.304597,-0.092211,-0.892752,0.318921,21.199787,-15.449791,63.668152
00081,20,0.295270,-0.032804,-0.891720,0.341429,21.269693,-15.557390,63.588968
00082,20,0.284752,0.027017,-0.887291,0.361803,21.339598,-15.664988,63.509785
00083,20,0.273038,0.086989,-0.879498,0.379956,21.409503,-15.772586,63.430602
00084,20,0.260125,0.146842,-0.868390,0.395816,21.479408,-15.880185,63.351418
00085,20,0.246018,0.206308,-0.854029,0.409325,21.549314,-15.987783,63.272235
00086,20,0.230725,0.265121,-0.836486,0.420437,21.619219,-16.095381,63.193052
00087,20,0.214263,0.323015,-0.815849,0.429119,21.689124,-16.202980,63.113869
00088,20,0.196652,0.379728,-0.792213,0.435354,21.759029,-16.310578,63.034685
00089,20,0.177921,0.435000,-0.765687,0.439137,21.828935,-16.418176,62.955502
00090,20,0.158104,0.488581,-0.736390,0.440477,21.898840,-16.525775,62.876319
00091,20,0.137242,0.540225,-0.704451,0.439397,21.968745,-16.633373,62.797135
00092,20,0.115382,0.589694,-0.670008,0.435932,22.038650,-16.740971,62.717952
00093,20,0.092576,0.636761,-0.633208,0.430131,22.108555,-16.848570,62.638769
00094,20,0.068886,0.681207,-0.594207,0.422055,22.178461,-16.956168,62.559585
00095,20,0.044377,0.722826,-0.553167,0.411776,22.248366,-17.063766,62.480402
00096,20,0.019123,0.761424,-0.510258,0.399379,22.318271,-17.171365,62.401219
00097,20,-0.006799,0.796822,-0.465655,0.384960,22.388176,-17.278963,62.322036
00098,20,-0.033305,0.828851,-0.419540,0.368622,22.458082,-17.386561,62.242852
00099,20,-0.060303,0.857362,-0.372098,0.350482,22.527987,-17.494160,62.163669
