00000,14,-0.193303,0.643852,0.137599,-0.727430,-0.250951,-1.595100,8.899599
00001,14,-0.201683,0.600752,0.171471,-0.754333,-0.258537,-1.574036,8.935104
00002,14,-0.208742,0.555156,0.204222,-0.778795,-0.266123,-1.552972,8.970608
00003,14,-0.214487,0.507229,0.235682,-0.800729,-0.273710,-1.531908,9.006113
00004,14,-0.218933,0.457149,0.265690,-0.820056,-0.281296,-1.510844,9.041618
00005,14,-0.222103,0.405102,0.294090,-0.836704,-0.288883,-1.489780,9.077123
00006,14,-0.224027,0.351283,0.320737,-0.850611,-0.296469,-1.468716,9.112628
00007,14,-0.224742,0.295896,0.345492,-0.861726,-0.304056,-1.447652,9.148133
00008,14,-0.224295,0.239152,0.368228,-0.870003,-0.311642,-1.426588,9.183638
00009,14,-0.222736,0.181269,0.388827,-0.875410,-0.319229,-1.405523,9.219143
00010,14,-0.220123,0.122471,0.407183,-0.877923,-0.326815,-1.384459,9.254648
00011,14,-0.216521,0.062985,0.423199,-0.877527,-0.334402,-1.363395,9.290153
00012,14,-0.211999,0.003045,0.436795,-0.874218,-0.341988,-1.342331,9.325658
00013,14,-0.206631,-0.057115,0.447900,-0.868002,-0.349575,-1.321267,9.361163
00014,14,-0.200496,-0.117256,0.456458,-0.858894,-0.357161,-1.300203,9.396668
00015,14,-0.193677,-0.177141,0.462425,-0.846920,-0.364747,-1.279139,9.432172
00016,14,-0.186260,-0.236529,0.465773,-0.832115,-0.372334,-1.258075,9.467677
00017,14,-0.178333,-0.295185,0.466487,-0.814526,-0.379920,-1.237011,9.503182
00018,14,-0.169988,-0.352872,0.464565,-0.794207,-0.387507,-1.215946,9.538687
00019,14,-0.161316,-0.409357,0.460023,-0.771222,-0.395093,-1.194882,9.574192
00020,14,-0.152410,-0.464411,0.452886,-0.745645,-0.402680,-1.173818,9.609697
00021,14,-0.143363,-0.517812,0.443198,-0.717560,-0.410266,-1.152754,9.645202
00022,14,-0.134267,-0.569340,0.431015,-0.687059,-0.417853,-1.131690,9.680707
00023,14,-0.125213,-0.618787,0.416406,-0.654240,-0.425439,-1.110626,9.716212
00024,14,-0.116290,-0.665947,0.399455,-0.619214,-0.433026,-1.089562,9.751717
00025,14,-0.107585,-0.710629,0.380257,-0.582096,-0.440612,-1.068498,9.787222
00026,14,-0.099181,-0.752647,0.358923,-0.543010,-0.448199,-1.047434,9.822727
00027,14,-0.091157,-0.791827,0.335572,-0.502087,-0.455785,-1.026369,9.858232
00028,14,-0.083589,-0.828008,0.310335,-0.459463,-0.463372,-1.005305,9.893736
00029,14,-0.076548,-0.861039,0.283357,-0.415283,-0.470958,-0.984241,9.929241
00030,14,-0.070097,-0.890783,0.254789,-0.369694,-0.478544,-0.963177,9.964746
00031,14,-0.064297,-0.917115,0.224792,-0.322852,-0.486131,-0.942113,10.000251
00032,14,-0.059200,-0.939926,0.193535,-0.274914,-0.493717,-0.921049,10.035756
00033,14,-0.054852,-0.959120,0.161195,-0.226042,-0.501304,-0.899985,10.071261
00034,14,-0.051292,-0.974617,0.127954,-0.176403,-0.508890,-0.878921,10.106766
00035,14,-0.048553,-0.986351,0.093999,-0.126165,-0.516477,-0.857857,10.142271
00036,14,-0.046659,-0.994273,0.059523,-0.075497,-0.524063,-0.836792,10.177776
00037,14,-0.045626,-0.998350,0.024720,-0.024573,-0.531650,-0.815728,10.213281
00038,14,-0.045463,-0.998564,-0.010214,0.026435,-0.539236,-0.794664,10.248786
00039,14,-0.046172,-0.994913,-0.045082,0.077353,-0.546823,-0.773600,10.284291
00040,14,-0.047745,-0.987413,-0.079687,0.128009,-0.554409,-0.752536,10.319796
00041,14,-0.050168,-0.976094,-0.113834,0.178230,-0.561996,-0.731472,10.355301
00042,14,-0.053418,-0.961003,-0.147331,0.227846,-0.569582,-0.710408,10.390805
00043,14,-0.057466,-0.942203,-0.179987,0.276688,-0.577168,-0.689344,10.426310
00044,14,-0.062274,-0.919771,-0.211620,0.324591,-0.584755,-0.668280,10.461815
00045,14,-0.067798,-0.893802,-0.242050,0.371394,-0.592341,-0.647215,10.497320
00046,14,-0.073986,-0.864402,-0.271107,0.416936,-0.599928,-0.626151,10.532825
00047,14,-0.080782,-0.831693,-0.298626,0.461066,-0.607514,-0.605087,10.568330
00048,14,-0.088121,-0.795812,-0.324453,0.503635,-0.615101,-0.584023,10.603835
00049,14,-0.095935,-0.756906,-0.348441,0.544498,-0.622687,-0.562959,10.639340
00050,14,-0.104149,-0.715136,-0.370456,0.583520,-0.630274,-0.541895,10.674845
00051,14,-0.112685,-0.670674,-0.390373,0.620570,-0.637860,-0.520831,10.710350
00052,14,-0.121461,-0.623704,-0.408080,0.655524,-0.645447,-0.499767,10.745855
00053,14,-0.130390,-0.574418,-0.423476,0.688266,-0.653033,-0.478703,10.781360
00054,14,-0.139385,-0.523017,-0.436474,0.718689,-0.660620,-0.457638,10.816865
00055,14,-0.148355,-0.469713,-0.447001,0.746693,-0.668206,-0.436574,10.852369
00056,14,-0.157207,-0.414722,-0.454996,0.772185,-0.675793,-0.415510,10.887874
00057,14,-0.165849,-0.358268,-0.460412,0.795084,-0.683379,-0.394446,10.923379
00058,14,-0.174189,-0.300579,-0.463217,0.815316,-0.690965,-0.373382,10.958884
00059,14,-0.182133,-0.241888,-0.463394,0.832817,-0.698552,-0.352318,10.994389
00060,14,-0.189591,-0.182431,-0.460939,0.847531,-0.706138,-0.331254,11.029894
00061,14,-0.196473,-0.122447,-0.455862,0.859415,-0.713725,-0.310190,11.065399
00062,14,-0.202693,-0.062174,-0.448189,0.868433,-0.721311,-0.289126,11.100904
00063,14,-0.208167,-0.001852,-0.437957,0.874560,-0.728898,-0.268062,11.136409
00064,14,-0.212816,0.058280,-0.425221,0.877781,-0.736484,-0.246997,11.171914
00065,14,-0.216563,0.117985,-0.410045,0.878090,-0.744071,-0.225933,11.207419
00066,14,-0.219339,0.177030,-0.392509,0.875493,-0.751657,-0.204869,11.242924
00067,14,-0.221077,0.235185,-0.372703,0.870003,-0.759244,-0.183805,11.278429
00068,14,-0.221719,0.292225,-0.350732,0.861645,-0.766830,-0.162741,11.313933
00069,14,-0.221210,0.347929,-0.326709,0.850454,-0.774417,-0.141677,11.349438
00070,14,-0.219506,0.402086,-0.300759,0.836473,-0.782003,-0.120613,11.384943
00071,14,-0.216566,0.454489,-0.273018,0.819756,-0.789589,-0.099549,11.420448
00072,14,-0.212358,0.504940,-0.243630,0.800364,-0.797176,-0.078485,11.455953
00073,14,-0.206858,0.553253,-0.212747,0.778370,-0.804762,-0.057420,11.491458
00074,14,-0.200050,0.599246,-0.180528,0.753852,-0.812349,-0.036356,11.526963
00075,14,-0.191924,0.642753,-0.147142,0.726900,-0.819935,-0.015292,11.562468
00076,14,-0.182481,0.683614,-0.112759,0.697609,-0.827522,0.005772,11.597973
00077,14,-0.171728,0.721684,-0.077556,0.666083,-0.835108,0.026836,11.633478
00078,14,-0.159682,0.756828,-0.041716,0.632434,-0.842695,0.047900,11.668983
00079,14,-0.146366,0.788925,-0.005420,0.596779,-0.850281,0.068964,11.704488
00080,14,-0.131813,0.817864,0.031145,0.559244,-0.857868,0.090028,11.739993
00081,14,-0.116063,0.843550,0.067792,0.519958,-0.865454,0.111092,11.775497
00082,14,-0.099165,0.865900,0.104335,0.479059,-0.873041,0.132157,11.811002
00083,14,-0.081175,0.884844,0.140589,0.436687,-0.880627,0.153221,11.846507
00084,14,-0.062155,0.900328,0.176370,0.392988,-0.888214,0.174285,11.882012
00085,14,-0.042176,0.912310,0.211496,0.348111,-0.895800,0.195349,11.917517
00086,14,-0.021314,0.920761,0.245790,0.302212,-0.903386,0.216413,11.953022
00087,14,0.000346,0.925668,0.279080,0.255446,-0.910973,0.237477,11.988527
00088,14,0.022717,0.927031,0.311199,0.207971,-0.918559,0.258541,12.024032
00089,14,0.045703,0.924864,0.341984,0.159951,-0.926146,0.279605,12.059537
00090,14,0.069206,0.919194,0.371282,0.111546,-0.933732,0.300669,12.095042
00091,14,0.093121,0.910062,0.398945,0.062921,-0.941319,0.321734,12.130547
00092,14,0.117341,0.897520,0.424836,0.014239,-0.948905,0.342798,12.166052
00093,14,0.141754,0.881636,0.448825,-0.034336,-0.956492,0.363862,12.201557
00094,14,0.166247,0.862489,0.470791,-0.082641,-0.964078,0.384926,12.237062
00095,14,0.190704,0.840169,0.490626,-0.130515,-0.971665,0.405990,12.272566
00096,14,0.215007,0.814778,0.508229,-0.177797,-0.979251,0.427054,12.308071
00097,14,0.239037,0.786430,0.523512,-0.224330,-0.986838,0.448118,12.343576
00098,14,0.262677,0.755248,0.536398,-0.269960,-0.994424,0.469182,12.379081
00099,14,0.285806,0.721367,0.546820,-0.314534,-1.002010,0.490246,12.414586
