00000,24,-0.150570,-0.631286,0.274586,0.709514,-0.291290,-0.575935,2.189668
00001,24,0.163310,-0.102844,-0.959671,-0.204414,-0.447795,-0.538171,2.189755
00002,24,0.323318,-0.930056,-0.033633,0.171260,0.702991,-0.544634,2.194665
00003,24,0.816818,-0.333395,-0.342769,-0.322747,0.125891,0.283377,2.197132
00004,24,0.411868,-0.093189,-0.893731,-0.151409,-0.741882,-0.453355,2.193689
00005,24,0.284903,-0.432682,0.850879,-0.087300,0.692537,-0.129869,2.194331
00006,24,-0.331886,-0.591036,0.331785,0.656085,0.242112,-0.222660,2.198436
00007,24,0.092995,-0.634231,0.725163,-0.251480,0.258005,-0.036030,2.195309
00008,24,0.900956,-0.029415,0.029281,-0.431921,0.417132,-0.672877,2.189076
00009,24,0.121357,-0.358112,-0.438705,-0.815210,-0.284887,-0.364335,2.200575
00010,24,-0.029088,0.260561,0.894034,0.363270,0.707597,0.745887,2.191170
00011,24,-0.072278,-0.895524,0.420307,0.127102,0.556756,-0.053791,2.190754
00012,24,-0.684867,-0.680666,-0.168507,0.198133,0.703819,-0.530049,2.197693
00013,24,-0.178781,0.378193,0.908211,-0.012642,-0.138062,0.320397,2.196716
00014,24,-0.775898,0.106804,-0.617099,0.075922,0.459047,0.439114,2.191631
00015,24,0.643088,0.272606,-0.692305,-0.181211,0.602971,0.504018,2.208915
00016,24,-0.164660,0.689694,-0.697440,0.103858,-0.147500,0.393260,2.213090
00017,24,-0.057628,0.472861,-0.878740,0.029964,0.630145,-0.382210,2.223074
00018,24,0.623163,0.302547,0.424581,-0.582979,0.645134,0.361897,2.194954
00019,24,-0.195044,0.688205,0.682986,-0.147855,-0.434487,0.376602,2.213208
00020,24,-0.962992,0.025131,0.220256,-0.153304,-0.491635,0.135751,2.224829
00021,24,0.939256,-0.101326,0.282393,0.166692,0.476716,0.765820,2.234812
00022,24,0.389916,0.894410,0.199401,0.090748,-0.291723,-0.606467,2.198914
00023,24,-0.017862,-0.706237,0.665581,-0.240649,-0.531155,0.667486,2.223092
00024,24,0.448195,-0.612852,0.253182,0.599527,-0.101750,0.693265,2.212903
00025,24,-0.474250,0.570499,-0.258370,0.618759,0.803910,-0.054592,2.216899
00026,24,0.139594,-0.322754,0.599311,0.719145,-0.509139,0.751293,2.195905
00027,24,-0.237150,-0.847234,0.462244,0.110839,-0.388629,-0.517402,2.189988
00028,24,0.101777,-0.606397,0.411406,0.672807,0.029996,-0.548881,2.213185
00029,24,-0.390438,-0.724919,-0.562915,0.071949,-0.217113,-0.657842,2.209366
00030,24,0.084867,-0.203899,0.437635,-0.871607,-0.513191,-0.010767,2.203098
00031,24,-0.052053,-0.805743,-0.030014,-0.589210,0.018119,-0.186779,2.221708
00032,24,-0.214986,0.061332,0.875141,0.429125,0.621363,0.163935,2.247959
00033,24,-0.113690,0.529098,-0.412133,0.732992,-0.115093,0.273292,2.252278
00034,24,0.921191,-0.122815,-0.152837,0.336101,0.302944,-0.119664,2.212786
00035,24,0.566555,-0.233732,0.488189,0.621334,0.730203,-0.685086,2.219701
00036,24,-0.300477,-0.406150,-0.850318,0.147360,-0.756212,0.785315,2.220207
00037,24,0.364953,0.046998,-0.550716,-0.749208,-0.555481,-0.325759,2.222874
00038,24,0.968900,-0.060295,-0.131955,-0.200463,0.659045,0.695704,2.232503
00039,24,0.208698,0.243973,-0.638977,0.699022,0.093272,0.387235,2.240070
00040,24,-0.758549,-0.498368,0.132496,0.398344,0.048920,0.415012,2.207775
00041,24,0.399653,0.297166,-0.383876,0.777566,0.499942,-0.760808,2.269959
00042,24,-0.913955,0.235595,-0.018664,-0.329898,-0.183198,-0.792696,2.273085
00043,24,0.038707,0.068916,-0.827568,0.555774,-0.226667,0.817258,2.256585
00044,24,-0.509968,0.801103,-0.307756,0.058756,0.009809,0.760115,2.238005
00045,24,-0.539458,0.544197,-0.422665,0.483931,-0.002591,0.374877,2.209524
00046,24,0.488915,0.218486,0.782104,-0.318653,-0.715994,0.625658,2.262517
00047,24,-0.243599,0.505573,-0.824680,-0.070415,-0.503621,-0.521232,2.271275
00048,24,-0.940174,-0.212861,-0.022463,-0.265063,0.227737,-0.133828,2.241644
00049,24,0.484692,-0.680088,0.365040,0.411461,-0.516218,0.550348,2.286003
00050,24,0.205143,0.074001,-0.234070,-0.947445,0.640568,-0.273416,2.218727
00051,24,-0.088867,-0.481036,0.050692,0.870711,-0.536266,0.594182,2.234794
00052,24,-0.703321,0.678946,-0.033634,-0.207941,-0.497363,0.290217,2.216254
00053,24,0.574795,0.494826,0.340908,-0.555463,-0.112333,0.105478,2.244107
00054,24,0.630167,0.713164,-0.289276,0.102985,-0.607743,0.092399,2.277803
00055,24,0.394517,-0.589754,-0.636004,0.303390,0.307261,0.543779,2.286483
00056,24,0.845901,-0.126580,-0.028885,0.517295,0.664896,0.023545,2.203227
00057,24,0.509644,0.723681,-0.334252,-0.323766,0.397698,0.072218,2.212931
00058,24,-0.197272,0.290193,0.576509,0.737909,-0.627841,0.406177,2.238625
00059,24,0.262846,0.951173,-0.086233,-0.136918,-0.622736,0.340561,2.310835
00060,24,-0.732129,0.322124,0.318437,-0.508745,-0.025240,0.068206,2.266248
00061,24,0.113266,0.409852,0.555889,0.714269,0.599263,-0.414841,2.260903
00062,24,-0.969141,0.189777,-0.017664,-0.156330,-0.242498,0.361231,2.213911
00063,24,0.395031,-0.063565,-0.859130,-0.319069,0.364757,-0.511301,2.206738
00064,24,-0.528014,0.617012,0.055495,0.580877,0.312331,0.256938,2.269991
00065,24,-0.493515,-0.445125,0.300187,-0.684248,0.287490,0.805367,2.305036
00066,24,0.322728,0.204249,-0.861604,0.334317,0.612853,-0.722210,2.242182
00067,24,0.354525,-0.364935,0.504353,-0.697684,0.323819,0.744065,2.256237
00068,24,-0.147823,0.115364,0.375412,-0.907692,0.502016,0.446474,2.256878
00069,24,0.574159,0.032480,0.665113,0.476351,-0.454158,0.161429,2.317181
00070,24,-0.031882,0.570181,-0.577891,-0.583025,-0.752922,0.843184,2.335196
00071,24,0.236394,0.900233,0.226444,-0.287091,0.826748,0.316065,2.285598
00072,24,-0.492986,0.013987,-0.540504,0.681634,0.571953,-0.134892,2.331058
00073,24,0.509585,0.264057,0.791678,-0.209387,-0.048571,0.029920,2.233296
00074,24,0.589468,0.555720,-0.573833,-0.120078,-0.458722,-0.670150,2.314039
00075,24,0.260787,-0.899189,-0.280184,-0.212004,-0.216109,0.586436,2.214319
00076,24,0.596017,0.121334,0.161181,0.777214,0.331633,0.339129,2.262245
00077,24,-0.372730,-0.114389,-0.873638,-0.291108,0.004998,-0.314368,2.215029
00078,24,-0.709052,0.450112,0.533314,0.101098,-0.110751,-0.528381,2.258275
00079,24,0.321917,0.620035,-0.298645,0.650183,-0.455153,0.735468,2.254262
00080,24,-0.250830,0.528221,0.332306,0.740027,0.692527,-0.568310,2.267065
00081,24,0.659919,-0.689502,0.219822,0.201919,0.774095,0.199317,2.320892
00082,24,-0.296414,-0.488984,0.453850,0.683413,-0.556599,0.136111,2.257655
00083,24,-0.394924,0.524098,-0.495423,-0.569134,-0.643388,0.310435,2.308004
00084,24,-0.004553,-0.720675,-0.689656,-0.070577,-0.261398,-0.701460,2.308993
00085,24,-0.401074,-0.119502,-0.084906,0.904240,-0.560608,-0.483914,2.297408
00086,24,0.020836,0.565293,-0.345083,0.748951,0.597219,0.345215,2.369179
00087,24,0.041267,-0.314025,0.935603,-0.155990,0.695942,-0.177505,2.189878
00088,24,-0.853938,-0.012415,0.190461,0.484108,-0.231776,-0.134027,2.194961
00089,24,0.074069,-0.208938,0.633235,0.741533,0.487583,-0.381309,2.193482
00090,24,-0.843016,-0.491690,0.189532,0.107903,-0.670347,-0.445095,2.337897
00091,24,-0.130588,-0.159023,-0.945440,-0.252591,-0.455591,0.131905,2.200155
00092,24,-0.119184,-0.422755,0.488493,-0.753955,-0.443671,0.244811,2.247703
00093,24,-0.721456,-0.179660,0.236258,-0.625624,0.743502,-0.056104,2.360088
00094,24,-0.755829,0.456903,0.308032,-0.353665,0.673189,-0.571689,2.203654
00095,24,0.340063,0.051085,-0.777620,-0.526359,-0.691843,-0.717768,2.235346
00096,24,0.737797,0.115037,-0.029264,-0.664504,-0.761064,0.778280,2.214523
00097,24,-0.466194,0.660346,0.063093,0.585342,0.699731,0.496667,2.314919
00098,24,0.971577,-0.073525,0.216231,0.062254,-0.533308,0.516995,2.194145
00099,24,-0.718691,0.467211,-0.303770,0.415838,0.098045,-0.410517,2.388882
