00000,02,0.705497,0.599651,-0.262386,-0.271745,83.518261,-11.587870,326.600082
00001,02,0.694802,0.625334,-0.197204,-0.295496,83.303792,-10.905716,327.407261
00002,02,0.682370,0.645856,-0.129442,-0.316996,83.089323,-10.223561,328.214439
00003,02,0.668337,0.660807,-0.059581,-0.336317,82.874854,-9.541407,329.021618
00004,02,0.652833,0.669823,0.011840,-0.353561,82.660385,-8.859253,329.828796
00005,02,0.635975,0.672594,0.084231,-0.368860,82.445916,-8.177099,330.635975
00006,02,0.617866,0.668877,0.156952,-0.382375,82.231447,-7.494945,331.443153
00007,02,0.598600,0.658502,0.229320,-0.394290,82.016978,-6.812791,332.250332
00008,02,0.578251,0.641390,0.300620,-0.404810,81.802509,-6.130637,333.057510
00009,02,0.556882,0.617552,0.370116,-0.414155,81.588040,-5.448483,333.864689
00010,02,0.534539,0.587106,0.437061,-0.422554,81.373571,-4.766329,334.671867
00011,02,0.511251,0.550271,0.500717,-0.430240,81.159102,-4.084175,335.479046
00012,02,0.487035,0.507375,0.560367,-0.437441,80.944634,-3.402021,336.286225
00013,02,0.461896,0.458852,0.615335,-0.444375,80.730165,-2.719867,337.093403
00014,02,0.435824,0.405231,0.664999,-0.451244,80.515696,-2.037713,337.900582
00015,02,0.408803,0.347131,0.708809,-0.458224,80.301227,-1.355559,338.707760
00016,02,0.380810,0.285246,0.746300,-0.465462,80.086758,-0.673405,339.514939
00017,02,0.351816,0.220329,0.777099,-0.473073,79.872289,0.008750,340.322117
00018,02,0.321794,0.153175,0.800937,-0.481129,79.657820,0.690904,341.129296
00019,02,0.290716,0.084604,0.817650,-0.489667,79.443351,1.373058,341.936474
00020,02,0.258559,0.015436,0.827181,-0.498679,79.228882,2.055212,342.743653
00021,02,0.225307,-0.053518,0.829571,-0.508118,79.014413,2.737366,343.550831
00022,02,0.190954,-0.121481,0.824961,-0.517897,78.799944,3.419520,344.358010
00023,02,0.155504,-0.187718,0.813578,-0.527893,78.585475,4.101674,345.165188
00024,02,0.118976,-0.251551,0.795725,-0.537949,78.371006,4.783828,345.972367
00025,02,0.081404,-0.312366,0.771768,-0.547881,78.156537,5.465982,346.779546
00026,02,0.042836,-0.369623,0.742131,-0.557482,77.942068,6.148136,347.586724
00027,02,0.003339,-0.422852,0.707273,-0.566524,77.727599,6.830290,348.393903
00028,02,-0.037002,-0.471665,0.667685,-0.574769,77.513130,7.512444,349.201081
00029,02,-0.078086,-0.515743,0.623879,-0.581968,77.298661,8.194598,350.008260
00030,02,-0.119793,-0.554846,0.576372,-0.587870,77.084192,8.876752,350.815438
00031,02,-0.161984,-0.588800,0.525686,-0.592224,76.869723,9.558906,351.622617
00032,02,-0.204505,-0.617498,0.472336,-0.594788,76.655254,10.241061,352.429795
00033,02,-0.247183,-0.640894,0.416825,-0.595325,76.440785,10.923215,353.236974
00034,02,-0.289833,-0.658998,0.359642,-0.593613,76.226316,11.605369,354.044152
00035,02,-0.332250,-0.671870,0.301254,-0.589446,76.011847,12.287523,354.851331
00036,02,-0.374220,-0.679616,0.242107,-0.582636,75.797379,12.969677,355.658509
00037,02,-0.415514,-0.682383,0.182623,-0.573018,75.582910,13.651831,356.465688
00038,02,-0.455892,-0.680354,0.123198,-0.560448,75.368441,14.333985,357.272867
00039,02,-0.495107,-0.673744,0.064199,-0.544808,75.153972,15.016139,358.080045
00040,02,-0.532901,-0.662794,0.005969,-0.526008,74.939503,15.698293,358.887224
00041,02,-0.569011,-0.647770,-0.051180,-0.503985,74.725034,16.380447,359.694402
00042,02,-0.603168,-0.628959,-0.106960,-0.478704,74.510565,17.062601,360.501581
00043,02,-0.635101,-0.606663,-0.161115,-0.450164,74.296096,17.744755,361.308759
00044,02,-0.664538,-0.581199,-0.213412,-0.418393,74.081627,18.426909,362.115938
00045,02,-0.691205,-0.552893,-0.263647,-0.383451,73.867158,19.109063,362.923116
00046,02,-0.714834,-0.522080,-0.311643,-0.345432,73.652689,19.791217,363.730295
00047,02,-0.735158,-0.489099,-0.357248,-0.304465,73.438220,20.473372,364.537473
00048,02,-0.751919,-0.454292,-0.400334,-0.260709,73.223751,21.155526,365.344652
00049,02,-0.764865,-0.418002,-0.440800,-0.214362,73.009282,21.837680,366.151830
00050,02,-0.773758,-0.380566,-0.478568,-0.165653,72.794813,22.519834,366.959009
00051,02,-0.778371,-0.342319,-0.513581,-0.114850,72.580344,23.201988,367.766188
00052,02,-0.778496,-0.303586,-0.545805,-0.062254,72.365875,23.884142,368.573366
00053,02,-0.773943,-0.264681,-0.575229,-0.008201,72.151406,24.566296,369.380545
00054,02,-0.764545,-0.225908,-0.601858,0.046939,71.936937,25.248450,370.187723
00055,02,-0.750161,-0.187551,-0.625717,0.102760,71.722468,25.930604,370.994902
00056,02,-0.730682,-0.149880,-0.646849,0.158825,71.507999,26.612758,371.802080
00057,02,-0.706031,-0.113143,-0.665310,0.214663,71.293530,27.294912,372.609259
00058,02,-0.676173,-0.077562,-0.681170,0.269779,71.079061,27.977066,373.416437
00059,02,-0.641114,-0.043337,-0.694512,0.323647,70.864593,28.659220,374.223616
00060,02,-0.600910,-0.010636,-0.705426,0.375722,70.650124,29.341374,375.030794
00061,02,-0.555671,0.020399,-0.714012,0.425440,70.435655,30.023528,375.837973
00062,02,-0.505564,0.049664,-0.720374,0.472228,70.221186,30.705683,376.645151
00063,02,-0.450821,0.077085,-0.724617,0.515508,70.006717,31.387837,377.452330
00064,02,-0.391736,0.102625,-0.726849,0.554708,69.792248,32.069991,378.259509
00065,02,-0.328677,0.126286,-0.727175,0.589270,69.577779,32.752145,379.066687
00066,02,-0.262081,0.148103,-0.725695,0.618664,69.363310,33.434299,379.873866
00067,02,-0.192453,0.168150,-0.722503,0.642399,69.148841,34.116453,380.681044
00068,02,-0.120369,0.186534,-0.717686,0.660033,68.934372,34.798607,381.488223
00069,02,-0.046466,0.203397,-0.711318,0.671191,68.719903,35.480761,382.295401
00070,02,0.028563,0.218908,-0.703462,0.675577,68.505434,36.162915,383.102580
00071,02,0.103977,0.233261,-0.694171,0.672982,68.290965,36.845069,383.909758
00072,02,0.179004,0.246669,-0.683481,0.663298,68.076496,37.527223,384.716937
00073,02,0.252854,0.259360,-0.671416,0.646527,67.862027,38.209377,385.524115
00074,02,0.324731,0.271566,-0.657987,0.622779,67.647558,38.891531,386.331294
00075,02,0.393859,0.283519,-0.643192,0.592280,67.433089,39.573685,387.138472
00076,02,0.459491,0.295441,-0.627017,0.555367,67.218620,40.255840,387.945651
00077,02,0.520931,0.307538,-0.609439,0.512479,67.004151,40.937994,388.752830
00078,02,0.577550,0.319994,-0.590426,0.464152,66.789682,41.620148,389.560008
00079,02,0.628795,0.332963,-0.569940,0.410999,66.575213,42.302302,390.367187
00080,02,0.674202,0.346565,-0.547940,0.353703,66.360744,42.984456,391.174365
00081,02,0.713401,0.360884,-0.524384,0.292990,66.146275,43.666610,391.981544
00082,02,0.746121,0.375961,-0.499229,0.229621,65.931807,44.348764,392.788722
00083,02,0.772191,0.391799,-0.472439,0.164367,65.717338,45.030918,393.595901
00084,02,0.791532,0.408355,-0.443980,0.097997,65.502869,45.713072,394.403079
00085,02,0.804159,0.425553,-0.413830,0.031259,65.288400,46.395226,395.210258
00086,02,0.810166,0.443274,-0.381974,-0.035126,65.073931,47.077380,396.017436
00087,02,0.809723,0.461369,-0.348412,-0.100482,64.859462,47.759534,396.824615
00088,02,0.803062,0.479656,-0.313154,-0.164182,64.644993,48.441688,397.631793
00089,02,0.790472,0.497927,-0.276228,-0.225655,64.430524,49.123842,398.438972
00090,02,0.772282,0.515956,-0.237679,-0.284391,64.216055,49.805996,399.246151
00091,02,0.748861,0.533494,-0.197566,-0.339938,64.001586,50.488151,400.053329
00092,02,0.720601,0.550284,-0.155968,-0.391912,63.787117,51.170305,400.860508
00093,02,0.687913,0.566058,-0.112982,-0.439987,63.572648,51.852459,401.667686
00094,02,0.651221,0.580545,-0.068724,-0.483896,63.358179,52.534613,402.474865
00095,02,0.610952,0.593473,-0.023329,-0.523434,63.143710,53.216767,403.282043
00096,02,0.567535,0.604574,0.023052,-0.558446,62.929241,53.898921,404.089222
00097,02,0.521396,0.613586,0.070246,-0.588832,62.714772,54.581075,404.896400
00098,02,0.472951,0.620257,0.118064,-0.614539,62.500303,55.263229,405.703579
00099,02,0.422608,0.624349,0.166301,-0.635558,62.285834,55.945383,406.510757
