00000,6,-0.590525,0.020029,-0.740215,-0.320875,8.438446,10.295603,39.629887
00001,6,-0.560248,0.052139,-0.757880,-0.330185,8.290187,10.195285,39.409018
00002,6,-0.528686,0.084169,-0.773725,-0.338757,8.141929,10.094967,39.188149
00003,6,-0.495916,0.116044,-0.787712,-0.346569,7.993670,9.994649,38.967279
00004,6,-0.462016,0.147691,-0.799810,-0.353598,7.845412,9.894331,38.746410
00005,6,-0.427066,0.179037,-0.809991,-0.359826,7.697153,9.794013,38.525541
00006,6,-0.391149,0.210011,-0.818230,-0.365235,7.548895,9.693695,38.304672
00007,6,-0.354350,0.240541,-0.824511,-0.369808,7.400636,9.593377,38.083803
00008,6,-0.316757,0.270556,-0.828817,-0.373531,7.252378,9.493059,37.862934
00009,6,-0.278459,0.299988,-0.831141,-0.376393,7.104119,9.392741,37.642064
00010,6,-0.239546,0.328767,-0.831478,-0.378383,6.955861,9.292423,37.421195
00011,6,-0.200110,0.356827,-0.829828,-0.379493,6.807602,9.192105,37.200326
00012,6,-0.160244,0.384104,-0.826197,-0.379717,6.659344,9.091787,36.979457
00013,6,-0.120042,0.410533,-0.820593,-0.379051,6.511085,8.991469,36.758588
00014,6,-0.079599,0.436053,-0.813031,-0.377494,6.362827,8.891151,36.537718
00015,6,-0.039010,0.460605,-0.803531,-0.375045,6.214568,8.790832,36.316849
00016,6,0.001631,0.484130,-0.792117,-0.371707,6.066310,8.690514,36.095980
00017,6,0.042227,0.506575,-0.778816,-0.367485,5.918051,8.590196,35.875111
00018,6,0.082684,0.527885,-0.763661,-0.362385,5.769793,8.489878,35.654242
00019,6,0.122906,0.548011,-0.746690,-0.356415,5.621534,8.389560,35.433373
00020,6,0.162800,0.566905,-0.727945,-0.349588,5.473276,8.289242,35.212503
00021,6,0.202272,0.584523,-0.707470,-0.341914,5.325017,8.188924,34.991634
00022,6,0.241231,0.600821,-0.685316,-0.333411,5.176759,8.088606,34.770765
00023,6,0.279585,0.615763,-0.661537,-0.324093,5.028500,7.988288,34.549896
00024,6,0.317245,0.629311,-0.636191,-0.313982,4.880242,7.887970,34.329027
00025,6,0.354124,0.641432,-0.609339,-0.303096,4.731983,7.787652,34.108158
00026,6,0.390136,0.652098,-0.581045,-0.291460,4.583725,7.687334,33.887288
00027,6,0.425197,0.661282,-0.551379,-0.279098,4.435466,7.587016,33.666419
00028,6,0.459226,0.668960,-0.520412,-0.266036,4.287207,7.486698,33.445550
00029,6,0.492144,0.675115,-0.488219,-0.252303,4.138949,7.386380,33.224681
00030,6,0.523876,0.679729,-0.454876,-0.237929,3.990690,7.286062,33.003812
00031,6,0.554348,0.682790,-0.420466,-0.222945,3.842432,7.185744,32.782943
00032,6,0.583490,0.684290,-0.385070,-0.207384,3.694173,7.085426,32.562073
00033,6,0.611235,0.684222,-0.348773,-0.191282,3.545915,6.985108,32.341204
00034,6,0.637519,0.682586,-0.311664,-0.174674,3.397656,6.884790,32.120335
00035,6,0.662283,0.679383,-0.273830,-0.157597,3.249398,6.784472,31.899466
00036,6,0.685469,0.674619,-0.235362,-0.140091,3.101139,6.684154,31.678597
00037,6,0.707025,0.668303,-0.196354,-0.122195,2.952881,6.583835,31.457728
00038,6,0.726903,0.660446,-0.156898,-0.103950,2.804622,6.483517,31.236858
00039,6,0.745057,0.651066,-0.117089,-0.085398,2.656364,6.383199,31.015989
00040,6,0.761446,0.640183,-0.077022,-0.066581,2.508105,6.282881,30.795120
00041,6,0.776034,0.627819,-0.036793,-0.047543,2.359847,6.182563,30.574251
00042,6,0.788789,0.614001,0.003502,-0.028329,2.211588,6.082245,30.353382
00043,6,0.799682,0.598758,0.043767,-0.008982,2.063330,5.981927,30.132513
00044,6,0.808690,0.582126,0.083904,0.010451,1.915071,5.881609,29.911643
00045,6,0.815794,0.564139,0.123820,0.029926,1.766813,5.781291,29.690774
00046,6,0.820979,0.544838,0.163418,0.049396,1.618554,5.680973,29.469905
00047,6,0.824235,0.524265,0.202603,0.068815,1.470296,5.580655,29.249036
00048,6,0.825555,0.502466,0.241284,0.088138,1.322037,5.480337,29.028167
00049,6,0.824940,0.479490,0.279367,0.107318,1.173779,5.380019,28.807298
00050,6,0.822392,0.455388,0.316762,0.126310,1.025520,5.279701,28.586428
00051,6,0.817920,0.430214,0.353381,0.145068,0.877262,5.179383,28.365559
00052,6,0.811535,0.404025,0.389135,0.163547,0.729003,5.079065,28.144690
00053,6,0.803256,0.376880,0.423941,0.181703,0.580745,4.978747,27.923821
00054,6,0.793102,0.348840,0.457715,0.199491,0.432486,4.878429,27.702952
00055,6,0.781100,0.319968,0.490378,0.216869,0.284228,4.778111,27.482083
00056,6,0.767280,0.290330,0.521853,0.233793,0.135969,4.677793,27.261213
00057,6,0.751676,0.259993,0.552064,0.250223,-0.012289,4.577475,27.040344
00058,6,0.734327,0.229026,0.580941,0.266118,-0.160548,4.477157,26.819475
00059,6,0.715275,0.197499,0.608415,0.281438,-0.308806,4.376839,26.598606
00060,6,0.694566,0.165485,0.634421,0.296146,-0.457065,4.276520,26.377737
00061,6,0.672250,0.133055,0.658899,0.310205,-0.605323,4.176202,26.156868
00062,6,0.648382,0.100285,0.681791,0.323580,-0.753582,4.075884,25.935998
00063,6,0.623019,0.067250,0.703043,0.336236,-0.901840,3.975566,25.715129
00064,6,0.596222,0.034024,0.722605,0.348142,-1.050099,3.875248,25.494260
00065,6,0.568056,0.000684,0.740432,0.359267,-1.198357,3.774930,25.273391
00066,6,0.538586,-0.032693,0.756482,0.369582,-1.346616,3.674612,25.052522
00067,6,0.507885,-0.066031,0.770717,0.379061,-1.494875,3.574294,24.831653
00068,6,0.476026,-0.099253,0.783106,0.387677,-1.643133,3.473976,24.610783
00069,6,0.443083,-0.132282,0.793619,0.395409,-1.791392,3.373658,24.389914
00070,6,0.409135,-0.165042,0.802232,0.402235,-1.939650,3.273340,24.169045
00071,6,0.374264,-0.197458,0.808927,0.408135,-2.087909,3.173022,23.948176
00072,6,0.338551,-0.229455,0.813687,0.413094,-2.236167,3.072704,23.727307
00073,6,0.302081,-0.260958,0.816504,0.417096,-2.384426,2.972386,23.506438
00074,6,0.264940,-0.291894,0.817371,0.420130,-2.532684,2.872068,23.285568
00075,6,0.227216,-0.322192,0.816288,0.422184,-2.680943,2.771750,23.064699
00076,6,0.188998,-0.351782,0.813257,0.423251,-2.829201,2.671432,22.843830
00077,6,0.150377,-0.380593,0.808289,0.423326,-2.977460,2.571114,22.622961
00078,6,0.111442,-0.408560,0.801395,0.422404,-3.125718,2.470796,22.402092
00079,6,0.072285,-0.435617,0.792593,0.420486,-3.273977,2.370478,22.181223
00080,6,0.032999,-0.461700,0.781906,0.417573,-3.422235,2.270160,21.960353
00081,6,-0.006325,-0.486748,0.769360,0.413668,-3.570494,2.169842,21.739484
00082,6,-0.045594,-0.510703,0.754986,0.408778,-3.718752,2.069523,21.518615
00083,6,-0.084717,-0.533508,0.738820,0.402911,-3.867011,1.969205,21.297746
00084,6,-0.123602,-0.555110,0.720900,0.396078,-4.015269,1.868887,21.076877
00085,6,-0.162158,-0.575457,0.701272,0.388293,-4.163528,1.768569,20.856008
00086,6,-0.200295,-0.594501,0.679983,0.379571,-4.311786,1.668251,20.635138
00087,6,-0.237924,-0.612197,0.657084,0.369929,-4.460045,1.567933,20.414269
00088,6,-0.274958,-0.628502,0.632631,0.359388,-4.608303,1.467615,20.193400
00089,6,-0.311311,-0.643378,0.606684,0.347971,-4.756562,1.367297,19.972531
00090,6,-0.346898,-0.656789,0.579306,0.335700,-4.904820,1.266979,19.751662
00091,6,-0.381637,-0.668702,0.550562,0.322604,-5.053079,1.166661,19.530793
00092,6,-0.415447,-0.679088,0.520521,0.308709,-5.201337,1.066343,19.309923
00093,6,-0.448249,-0.687921,0.489258,0.294048,-5.349596,0.966025,19.089054
00094,6,-0.479969,-0.695179,0.456845,0.278652,-5.497854,0.865707,18.868185
00095,6,-0.510533,-0.700845,0.423363,0.262556,-5.646113,0.765389,18.647316
00096,6,-0.539871,-0.704903,0.388891,0.245794,-5.794371,0.665071,18.426447
00097,6,-0.567915,-0.707342,0.353512,0.228406,-5.942630,0.564753,18.205578
00098,6,-0.594600,-0.708154,0.317311,0.210431,-6.090888,0.464435,17.984708
00099,6,-0.619867,-0.707337,0.280375,0.191909,-6.239147,0.364117,17.763839
