00000,24,-0.593237,-0.799486,0.037348,0.086580,0.158389,-0.727395,5.228164
00001,24,-0.620218,-0.780416,0.025065,0.075185,0.147579,-0.744997,5.244224
00002,24,-0.646350,-0.760203,0.012106,0.064622,0.136769,-0.762598,5.260284
00003,24,-0.671565,-0.738906,-0.001488,0.054921,0.125960,-0.780200,5.276344
00004,24,-0.695799,-0.716584,-0.015674,0.046108,0.115150,-0.797802,5.292404
00005,24,-0.718993,-0.693300,-0.030408,0.038206,0.104341,-0.815403,5.308465
00006,24,-0.741094,-0.669119,-0.045641,0.031233,0.093531,-0.833005,5.324525
00007,24,-0.762053,-0.644110,-0.061327,0.025205,0.082721,-0.850607,5.340585
00008,24,-0.781828,-0.618342,-0.077415,0.020134,0.071912,-0.868208,5.356645
00009,24,-0.800381,-0.591882,-0.093857,0.016028,0.061102,-0.885810,5.372705
00010,24,-0.817680,-0.564802,-0.110601,0.012892,0.050292,-0.903411,5.388766
00011,24,-0.833699,-0.537169,-0.127596,0.010729,0.039483,-0.921013,5.404826
00012,24,-0.848417,-0.509051,-0.144793,0.009538,0.028673,-0.938615,5.420886
00013,24,-0.861817,-0.480515,-0.162139,0.009316,0.017864,-0.956216,5.436946
00014,24,-0.873890,-0.451625,-0.179585,0.010058,0.007054,-0.973818,5.453006
00015,24,-0.884626,-0.422442,-0.197082,0.011757,-0.003756,-0.991419,5.469066
00016,24,-0.894023,-0.393028,-0.214580,0.014404,-0.014565,-1.009021,5.485127
00017,24,-0.902081,-0.363438,-0.232032,0.017988,-0.025375,-1.026623,5.501187
00018,24,-0.908804,-0.333728,-0.249389,0.022498,-0.036185,-1.044224,5.517247
00019,24,-0.914197,-0.303949,-0.266605,0.027921,-0.046994,-1.061826,5.533307
00020,24,-0.918270,-0.274152,-0.283634,0.034245,-0.057804,-1.079428,5.549367
00021,24,-0.921032,-0.244383,-0.300432,0.041455,-0.068613,-1.097029,5.565428
00022,24,-0.922495,-0.214687,-0.316952,0.049537,-0.079423,-1.114631,5.581488
00023,24,-0.922673,-0.185107,-0.333152,0.058476,-0.090233,-1.132232,5.597548
00024,24,-0.921580,-0.155685,-0.348989,0.068257,-0.101042,-1.149834,5.613608
00025,24,-0.919232,-0.126460,-0.364418,0.078865,-0.111852,-1.167436,5.629668
00026,24,-0.915645,-0.097470,-0.379399,0.090284,-0.122662,-1.185037,5.645729
00027,24,-0.910835,-0.068752,-0.393888,0.102497,-0.133471,-1.202639,5.661789
00028,24,-0.904819,-0.040345,-0.407844,0.115489,-0.144281,-1.220240,5.677849
00029,24,-0.897616,-0.012284,-0.421225,0.129243,-0.155090,-1.237842,5.693909
00030,24,-0.889244,0.015394,-0.433990,0.143740,-0.165900,-1.255444,5.709969
00031,24,-0.879721,0.042652,-0.446098,0.158962,-0.176710,-1.273045,5.726029
00032,24,-0.869067,0.069453,-0.457508,0.174889,-0.187519,-1.290647,5.742090
00033,24,-0.857302,0.095758,-0.468178,0.191501,-0.198329,-1.308248,5.758150
00034,24,-0.844448,0.121529,-0.478070,0.208776,-0.209139,-1.325850,5.774210
00035,24,-0.830527,0.146725,-0.487143,0.226689,-0.219948,-1.343452,5.790270
00036,24,-0.815564,0.171305,-0.495358,0.245214,-0.230758,-1.361053,5.806330
00037,24,-0.799584,0.195226,-0.502678,0.264324,-0.241567,-1.378655,5.822391
00038,24,-0.782615,0.218445,-0.509064,0.283988,-0.252377,-1.396257,5.838451
00039,24,-0.764686,0.240917,-0.514483,0.304173,-0.263187,-1.413858,5.854511
00040,24,-0.745831,0.262595,-0.518898,0.324845,-0.273996,-1.431460,5.870571
00041,24,-0.726084,0.283433,-0.522280,0.345964,-0.284806,-1.449061,5.886631
00042,24,-0.705484,0.303383,-0.524597,0.367489,-0.295616,-1.466663,5.902692
00043,24,-0.684072,0.322398,-0.525824,0.389377,-0.306425,-1.484265,5.918752
00044,24,-0.661892,0.340430,-0.525936,0.411579,-0.317235,-1.501866,5.934812
00045,24,-0.638993,0.357432,-0.524913,0.434047,-0.328044,-1.519468,5.950872
00046,24,-0.615426,0.373357,-0.522739,0.456728,-0.338854,-1.537069,5.966932
00047,24,-0.591246,0.388160,-0.519400,0.479565,-0.349664,-1.554671,5.982992
00048,24,-0.566512,0.401800,-0.514890,0.502503,-0.360473,-1.572273,5.999053
00049,24,-0.541286,0.414235,-0.509204,0.525481,-0.371283,-1.589874,6.015113
00050,24,-0.515633,0.425428,-0.502344,0.548438,-0.382093,-1.607476,6.031173
00051,24,-0.489619,0.435345,-0.494317,0.571313,-0.392902,-1.625078,6.047233
00052,24,-0.463317,0.443957,-0.485134,0.594041,-0.403712,-1.642679,6.063293
00053,24,-0.436796,0.451237,-0.474812,0.616561,-0.414522,-1.660281,6.079354
00054,24,-0.410132,0.457167,-0.463373,0.638808,-0.425331,-1.677882,6.095414
00055,24,-0.383399,0.461730,-0.450841,0.660721,-0.436141,-1.695484,6.111474
00056,24,-0.356672,0.464916,-0.437250,0.682239,-0.446950,-1.713086,6.127534
00057,24,-0.330026,0.466722,-0.422632,0.703303,-0.457760,-1.730687,6.143594
00058,24,-0.303536,0.467147,-0.407028,0.723856,-0.468570,-1.748289,6.159655
00059,24,-0.277275,0.466200,-0.390479,0.743843,-0.479379,-1.765890,6.175715
00060,24,-0.251314,0.463893,-0.373031,0.763212,-0.490189,-1.783492,6.191775
00061,24,-0.225724,0.460242,-0.354730,0.781916,-0.500999,-1.801094,6.207835
00062,24,-0.200570,0.455272,-0.335626,0.799909,-0.511808,-1.818695,6.223895
00063,24,-0.175917,0.449009,-0.315768,0.817150,-0.522618,-1.836297,6.239955
00064,24,-0.151826,0.441486,-0.295209,0.833601,-0.533427,-1.853898,6.256016
00065,24,-0.128353,0.432737,-0.273999,0.849228,-0.544237,-1.871500,6.272076
00066,24,-0.105552,0.422803,-0.252190,0.864000,-0.555047,-1.889102,6.288136
00067,24,-0.083473,0.411726,-0.229831,0.877890,-0.565856,-1.906703,6.304196
00068,24,-0.062162,0.399551,-0.206971,0.890875,-0.576666,-1.924305,6.320256
00069,24,-0.041662,0.386326,-0.183659,0.902932,-0.587476,-1.941907,6.336317
00070,24,-0.022010,0.372099,-0.159941,0.914044,-0.598285,-1.959508,6.352377
00071,24,-0.003243,0.356921,-0.135861,0.924196,-0.609095,-1.977110,6.368437
00072,24,0.014607,0.340844,-0.111461,0.933375,-0.619904,-1.994711,6.384497
00073,24,0.031512,0.323920,-0.086782,0.941569,-0.630714,-2.012313,6.400557
00074,24,0.047445,0.306202,-0.061862,0.948769,-0.641524,-2.029915,6.416618
00075,24,0.062381,0.287743,-0.036737,0.954967,-0.652333,-2.047516,6.432678
00076,24,0.076300,0.268598,-0.011441,0.960158,-0.663143,-2.065118,6.448738
00077,24,0.089182,0.248818,0.013993,0.964334,-0.673953,-2.082719,6.464798
00078,24,0.101008,0.228457,0.039534,0.967492,-0.684762,-2.100321,6.480858
00079,24,0.111763,0.207569,0.065152,0.969628,-0.695572,-2.117923,6.496918
00080,24,0.121430,0.186206,0.090820,0.970739,-0.706381,-2.135524,6.512979
00081,24,0.129996,0.164422,0.116509,0.970820,-0.717191,-2.153126,6.529039
00082,24,0.137448,0.142269,0.142193,0.969871,-0.728001,-2.170728,6.545099
00083,24,0.143772,0.119800,0.167844,0.967887,-0.738810,-2.188329,6.561159
00084,24,0.148958,0.097069,0.193437,0.964868,-0.749620,-2.205931,6.577219
00085,24,0.152995,0.074129,0.218944,0.960813,-0.760430,-2.223532,6.593280
00086,24,0.155871,0.051033,0.244337,0.955719,-0.771239,-2.241134,6.609340
00087,24,0.157578,0.027837,0.269589,0.949587,-0.782049,-2.258736,6.625400
00088,24,0.158106,0.004594,0.294669,0.942418,-0.792858,-2.276337,6.641460
00089,24,0.157448,-0.018638,0.319546,0.934212,-0.803668,-2.293939,6.657520
00090,24,0.155598,-0.041805,0.344189,0.924973,-0.814478,-2.311540,6.673581
00091,24,0.152550,-0.064848,0.368562,0.914705,-0.825287,-2.329142,6.689641
00092,24,0.148300,-0.087710,0.392629,0.903414,-0.836097,-2.346744,6.705701
00093,24,0.142847,-0.110331,0.416353,0.891107,-0.846907,-2.364345,6.721761
00094,24,0.136191,-0.132651,0.439693,0.877796,-0.857716,-2.381947,6.737821
00095,24,0.128336,-0.154610,0.462607,0.863493,-0.868526,-2.399548,6.753881
00096,24,0.119286,-0.176147,0.485051,0.848215,-0.879335,-2.417150,6.769942
00097,24,0.109050,-0.197199,0.506980,0.831980,-0.890145,-2.434752,6.786002
00098,24,0.097642,-0.217706,0.528347,0.814812,-0.900955,-2.452353,6.802062
00099,24,0.085077,-0.237604,0.549104,0.796738,-0.911764,-2.469955,6.818122
