00000,24,-0.816126,-0.037730,-0.444892,-0.366858,2.969407,1.542585,12.175164
00001,24,-0.811683,-0.043631,-0.476923,-0.334382,2.911491,1.492864,12.147622
00002,24,-0.806471,-0.048939,-0.507248,-0.299846,2.853576,1.443143,12.120079
00003,24,-0.800524,-0.053687,-0.535678,-0.263302,2.795660,1.393422,12.092537
00004,24,-0.793873,-0.057918,-0.562020,-0.224821,2.737745,1.343701,12.064995
00005,24,-0.786551,-0.061684,-0.586083,-0.184495,2.679829,1.293979,12.037452
00006,24,-0.778594,-0.065042,-0.607677,-0.142439,2.621914,1.244258,12.009910
00007,24,-0.770038,-0.068062,-0.626618,-0.098788,2.563998,1.194537,11.982368
00008,24,-0.760919,-0.070818,-0.642731,-0.053704,2.506083,1.144816,11.954825
00009,24,-0.751275,-0.073393,-0.655854,-0.007372,2.448167,1.095094,11.927283
00010,24,-0.741146,-0.075874,-0.665842,0.039998,2.390252,1.045373,11.899741
00011,24,-0.730571,-0.078357,-0.672570,0.088175,2.332336,0.995652,11.872199
00012,24,-0.719592,-0.080938,-0.675939,0.136907,2.274420,0.945931,11.844656
00013,24,-0.708249,-0.083718,-0.675876,0.185922,2.216505,0.896210,11.817114
00014,24,-0.696583,-0.086796,-0.672342,0.234935,2.158589,0.846488,11.789572
00015,24,-0.684637,-0.090273,-0.665329,0.283653,2.100674,0.796767,11.762029
00016,24,-0.672452,-0.094245,-0.654869,0.331773,2.042758,0.747046,11.734487
00017,24,-0.660065,-0.098803,-0.641025,0.378997,1.984843,0.697325,11.706945
00018,24,-0.647517,-0.104032,-0.623898,0.425030,1.926927,0.647603,11.679402
00019,24,-0.634842,-0.110007,-0.603623,0.469588,1.869012,0.597882,11.651860
00020,24,-0.622073,-0.116796,-0.580368,0.512403,1.811096,0.548161,11.624318
00021,24,-0.609238,-0.124455,-0.554327,0.553228,1.753180,0.498440,11.596775
00022,24,-0.596363,-0.133027,-0.525718,0.591841,1.695265,0.448719,11.569233
00023,24,-0.583468,-0.142545,-0.494779,0.628044,1.637349,0.398997,11.541691
00024,24,-0.570568,-0.153027,-0.461763,0.661672,1.579434,0.349276,11.514148
00025,24,-0.557674,-0.164482,-0.426930,0.692586,1.521518,0.299555,11.486606
00026,24,-0.544791,-0.176905,-0.390547,0.720680,1.463603,0.249834,11.459064
00027,24,-0.531919,-0.190280,-0.352879,0.745877,1.405687,0.200112,11.431522
00028,24,-0.519055,-0.204581,-0.314185,0.768125,1.347772,0.150391,11.403979
00029,24,-0.506189,-0.219772,-0.274719,0.787402,1.289856,0.100670,11.376437
00030,24,-0.493308,-0.235810,-0.234723,0.803707,1.231941,0.050949,11.348895
00031,24,-0.480398,-0.252643,-0.194425,0.817061,1.174025,0.001228,11.321352
00032,24,-0.467439,-0.270213,-0.154039,0.827501,1.116109,-0.048494,11.293810
00033,24,-0.454411,-0.288456,-0.113764,0.835082,1.058194,-0.098215,11.266268
00034,24,-0.441291,-0.307305,-0.073781,0.839870,1.000278,-0.147936,11.238725
00035,24,-0.428057,-0.326690,-0.034255,0.841943,0.942363,-0.197657,11.211183
00036,24,-0.414685,-0.346535,0.004664,0.841384,0.884447,-0.247379,11.183641
00037,24,-0.401154,-0.366766,0.042842,0.838286,0.826532,-0.297100,11.156098
00038,24,-0.387439,-0.387305,0.080161,0.832742,0.768616,-0.346821,11.128556
00039,24,-0.373522,-0.408074,0.116517,0.824852,0.710701,-0.396542,11.101014
00040,24,-0.359383,-0.428997,0.151815,0.814713,0.652785,-0.446263,11.073472
00041,24,-0.345004,-0.449995,0.185978,0.802427,0.594870,-0.495985,11.045929
00042,24,-0.330371,-0.470992,0.218935,0.788092,0.536954,-0.545706,11.018387
00043,24,-0.315473,-0.491912,0.250627,0.771806,0.479038,-0.595427,10.990845
00044,24,-0.300299,-0.512681,0.281002,0.753668,0.421123,-0.645148,10.963302
00045,24,-0.284843,-0.533226,0.310019,0.733773,0.363207,-0.694869,10.935760
00046,24,-0.269101,-0.553477,0.337640,0.712213,0.305292,-0.744591,10.908218
00047,24,-0.253073,-0.573365,0.363836,0.689080,0.247376,-0.794312,10.880675
00048,24,-0.236760,-0.592822,0.388582,0.664463,0.189461,-0.844033,10.853133
00049,24,-0.220169,-0.611786,0.411857,0.638449,0.131545,-0.893754,10.825591
00050,24,-0.203306,-0.630195,0.433647,0.611123,0.073630,-0.943476,10.798048
00051,24,-0.186184,-0.647989,0.453939,0.582568,0.015714,-0.993197,10.770506
00052,24,-0.168815,-0.665113,0.472722,0.552865,-0.042201,-1.042918,10.742964
00053,24,-0.151216,-0.681513,0.489991,0.522093,-0.100117,-1.092639,10.715421
00054,24,-0.133406,-0.697139,0.505742,0.490331,-0.158033,-1.142360,10.687879
00055,24,-0.115406,-0.711944,0.519970,0.457654,-0.215948,-1.192082,10.660337
00056,24,-0.097239,-0.725884,0.532676,0.424138,-0.273864,-1.241803,10.632795
00057,24,-0.078931,-0.738917,0.543860,0.389857,-0.331779,-1.291524,10.605252
00058,24,-0.060508,-0.751005,0.553523,0.354884,-0.389695,-1.341245,10.577710
00059,24,-0.042000,-0.762114,0.561668,0.319290,-0.447610,-1.390967,10.550168
00060,24,-0.023437,-0.772214,0.568299,0.283148,-0.505526,-1.440688,10.522625
00061,24,-0.004850,-0.781275,0.573419,0.246529,-0.563441,-1.490409,10.495083
00062,24,0.013728,-0.789273,0.577034,0.209503,-0.621357,-1.540130,10.467541
00063,24,0.032262,-0.796187,0.579148,0.172141,-0.679273,-1.589851,10.439998
00064,24,0.050720,-0.802000,0.579767,0.134512,-0.737188,-1.639573,10.412456
00065,24,0.069065,-0.806697,0.578896,0.096687,-0.795104,-1.689294,10.384914
00066,24,0.087264,-0.810267,0.576543,0.058737,-0.853019,-1.739015,10.357371
00067,24,0.105280,-0.812703,0.572713,0.020731,-0.910935,-1.788736,10.329829
00068,24,0.123079,-0.814000,0.567414,-0.017259,-0.968850,-1.838458,10.302287
00069,24,0.140625,-0.814157,0.560651,-0.055164,-1.026766,-1.888179,10.274745
00070,24,0.157886,-0.813178,0.552432,-0.092910,-1.084681,-1.937900,10.247202
00071,24,0.174827,-0.811068,0.542765,-0.130426,-1.142597,-1.987621,10.219660
00072,24,0.191415,-0.807836,0.531656,-0.167639,-1.200512,-2.037342,10.192118
00073,24,0.207620,-0.803494,0.519115,-0.204476,-1.258428,-2.087064,10.164575
00074,24,0.223412,-0.798059,0.505148,-0.240862,-1.316344,-2.136785,10.137033
00075,24,0.238762,-0.791548,0.489765,-0.276721,-1.374259,-2.186506,10.109491
00076,24,0.253645,-0.783983,0.472975,-0.311976,-1.432175,-2.236227,10.081948
00077,24,0.268034,-0.775389,0.454787,-0.346551,-1.490090,-2.285949,10.054406
00078,24,0.281908,-0.765793,0.435213,-0.380365,-1.548006,-2.335670,10.026864
00079,24,0.295248,-0.755226,0.414264,-0.413338,-1.605921,-2.385391,9.999321
00080,24,0.308036,-0.743719,0.391952,-0.445387,-1.663837,-2.435112,9.971779
00081,24,0.320257,-0.731308,0.368293,-0.476428,-1.721752,-2.484833,9.944237
00082,24,0.331901,-0.718032,0.343302,-0.506375,-1.779668,-2.534555,9.916695
00083,24,0.342958,-0.703929,0.316996,-0.535141,-1.837583,-2.584276,9.889152
00084,24,0.353425,-0.689043,0.289398,-0.562636,-1.895499,-2.633997,9.861610
00085,24,0.363300,-0.673417,0.260529,-0.588767,-1.953415,-2.683718,9.834068
00086,24,0.372585,-0.657098,0.230416,-0.613441,-2.011330,-2.733440,9.806525
00087,24,0.381288,-0.640134,0.199091,-0.636562,-2.069246,-2.783161,9.778983
00088,24,0.389418,-0.622573,0.166588,-0.658031,-2.127161,-2.832882,9.751441
00089,24,0.396991,-0.604467,0.132947,-0.677748,-2.185077,-2.882603,9.723898
00090,24,0.404025,-0.585868,0.098215,-0.695612,-2.242992,-2.932324,9.696356
00091,24,0.410543,-0.566830,0.062445,-0.711518,-2.300908,-2.982046,9.668814
00092,24,0.416573,-0.547407,0.025699,-0.725363,-2.358823,-3.031767,9.641271
00093,24,0.422148,-0.527653,-0.011956,-0.737041,-2.416739,-3.081488,9.613729
00094,24,0.427304,-0.507624,-0.050439,-0.746448,-2.474655,-3.131209,9.586187
00095,24,0.432081,-0.487376,-0.089661,-0.753479,-2.532570,-3.180931,9.558644
00096,24,0.436525,-0.466965,-0.129520,-0.758033,-2.590486,-3.230652,9.531102
00097,24,0.440683,-0.446447,-0.169902,-0.760011,-2.648401,-3.280373,9.503560
00098,24,0.444609,-0.425877,-0.210680,-0.759319,-2.706317,-3.330094,9.476018
00099,24,0.448359,-0.405310,-0.251711,-0.755870,-2.764232,-3.379815,9.448475
