00000,19,-0.164134,-0.525292,0.396700,0.734681,0.424969,0.380734,1.328083
00001,19,-0.180513,-0.521913,0.379710,0.742187,0.424958,0.380796,1.328219
00002,19,-0.196695,-0.518209,0.362423,0.749279,0.424947,0.380858,1.328355
00003,19,-0.212667,-0.514185,0.344850,0.755953,0.424937,0.380920,1.328491
00004,19,-0.228421,-0.509844,0.327000,0.762203,0.424926,0.380983,1.328627
00005,19,-0.243946,-0.505192,0.308885,0.768024,0.424915,0.381045,1.328763
00006,19,-0.259232,-0.500234,0.290515,0.773411,0.424905,0.381107,1.328899
00007,19,-0.274270,-0.494975,0.271903,0.778360,0.424894,0.381169,1.329035
00008,19,-0.289050,-0.489420,0.253058,0.782866,0.424883,0.381231,1.329171
00009,19,-0.303562,-0.483576,0.233993,0.786926,0.424872,0.381293,1.329307
00010,19,-0.317797,-0.477447,0.214718,0.790535,0.424862,0.381355,1.329443
00011,19,-0.331748,-0.471040,0.195247,0.793690,0.424851,0.381417,1.329579
00012,19,-0.345403,-0.464361,0.175591,0.796388,0.424840,0.381479,1.329715
00013,19,-0.358757,-0.457416,0.155762,0.798625,0.424829,0.381542,1.329851
00014,19,-0.371799,-0.450211,0.135772,0.800401,0.424819,0.381604,1.329987
00015,19,-0.384523,-0.442754,0.115634,0.801711,0.424808,0.381666,1.330123
00016,19,-0.396920,-0.435051,0.095360,0.802553,0.424797,0.381728,1.330259
00017,19,-0.408982,-0.427109,0.074963,0.802927,0.424786,0.381790,1.330395
00018,19,-0.420703,-0.418934,0.054455,0.802831,0.424776,0.381852,1.330531
00019,19,-0.432076,-0.410535,0.033850,0.802263,0.424765,0.381914,1.330668
00020,19,-0.443094,-0.401918,0.013160,0.801222,0.424754,0.381976,1.330804
00021,19,-0.453750,-0.393091,-0.007602,0.799708,0.424743,0.382039,1.330940
00022,19,-0.464038,-0.384062,-0.028422,0.797720,0.424733,0.382101,1.331076
00023,19,-0.473952,-0.374838,-0.049287,0.795259,0.424722,0.382163,1.331212
00024,19,-0.483487,-0.365427,-0.070185,0.792324,0.424711,0.382225,1.331348
00025,19,-0.492637,-0.355837,-0.091102,0.788916,0.424700,0.382287,1.331484
00026,19,-0.501397,-0.346076,-0.112025,0.785037,0.424690,0.382349,1.331620
00027,19,-0.509763,-0.336152,-0.132940,0.780686,0.424679,0.382411,1.331756
00028,19,-0.517729,-0.326073,-0.153834,0.775866,0.424668,0.382473,1.331892
00029,19,-0.525292,-0.315848,-0.174694,0.770578,0.424658,0.382536,1.332028
00030,19,-0.532447,-0.305485,-0.195506,0.764824,0.424647,0.382598,1.332164
00031,19,-0.539192,-0.294992,-0.216257,0.758607,0.424636,0.382660,1.332300
00032,19,-0.545522,-0.284377,-0.236934,0.751929,0.424625,0.382722,1.332436
00033,19,-0.551435,-0.273650,-0.257524,0.744793,0.424615,0.382784,1.332572
00034,19,-0.556928,-0.262819,-0.278012,0.737202,0.424604,0.382846,1.332708
00035,19,-0.561999,-0.251892,-0.298386,0.729160,0.424593,0.382908,1.332844
00036,19,-0.566645,-0.240878,-0.318633,0.720670,0.424582,0.382970,1.332980
00037,19,-0.570864,-0.229786,-0.338739,0.711736,0.424572,0.383033,1.333116
00038,19,-0.574656,-0.218624,-0.358691,0.702364,0.424561,0.383095,1.333252
00039,19,-0.578019,-0.207402,-0.378477,0.692556,0.424550,0.383157,1.333388
00040,19,-0.580952,-0.196127,-0.398083,0.682319,0.424539,0.383219,1.333524
00041,19,-0.583454,-0.184809,-0.417497,0.671657,0.424529,0.383281,1.333660
00042,19,-0.585526,-0.173456,-0.436705,0.660576,0.424518,0.383343,1.333796
00043,19,-0.587167,-0.162078,-0.455696,0.649081,0.424507,0.383405,1.333932
00044,19,-0.588378,-0.150682,-0.474457,0.637179,0.424496,0.383467,1.334068
00045,19,-0.589160,-0.139277,-0.492974,0.624875,0.424486,0.383530,1.334204
00046,19,-0.589513,-0.127873,-0.511237,0.612176,0.424475,0.383592,1.334340
00047,19,-0.589438,-0.116477,-0.529233,0.599090,0.424464,0.383654,1.334476
00048,19,-0.588938,-0.105099,-0.546949,0.585622,0.424453,0.383716,1.334612
00049,19,-0.588014,-0.093746,-0.564375,0.571780,0.424443,0.383778,1.334748
00050,19,-0.586669,-0.082428,-0.581498,0.557571,0.424432,0.383840,1.334885
00051,19,-0.584904,-0.071152,-0.598307,0.543004,0.424421,0.383902,1.335021
00052,19,-0.582723,-0.059927,-0.614791,0.528086,0.424411,0.383964,1.335157
00053,19,-0.580129,-0.048761,-0.630938,0.512825,0.424400,0.384027,1.335293
00054,19,-0.577125,-0.037663,-0.646738,0.497231,0.424389,0.384089,1.335429
00055,19,-0.573715,-0.026641,-0.662180,0.481310,0.424378,0.384151,1.335565
00056,19,-0.569902,-0.015702,-0.677253,0.465073,0.424368,0.384213,1.335701
00057,19,-0.565692,-0.004855,-0.691947,0.448528,0.424357,0.384275,1.335837
00058,19,-0.561088,0.005894,-0.706253,0.431685,0.424346,0.384337,1.335973
00059,19,-0.556096,0.016535,-0.720160,0.414553,0.424335,0.384399,1.336109
00060,19,-0.550720,0.027061,-0.733658,0.397142,0.424325,0.384461,1.336245
00061,19,-0.544965,0.037465,-0.746739,0.379461,0.424314,0.384524,1.336381
00062,19,-0.538838,0.047740,-0.759393,0.361520,0.424303,0.384586,1.336517
00063,19,-0.532344,0.057878,-0.771611,0.343331,0.424292,0.384648,1.336653
00064,19,-0.525489,0.067872,-0.783385,0.324903,0.424282,0.384710,1.336789
00065,19,-0.518280,0.077716,-0.794707,0.306246,0.424271,0.384772,1.336925
00066,19,-0.510724,0.087401,-0.805568,0.287372,0.424260,0.384834,1.337061
00067,19,-0.502826,0.096923,-0.815961,0.268291,0.424249,0.384896,1.337197
00068,19,-0.494594,0.106274,-0.825878,0.249014,0.424239,0.384958,1.337333
00069,19,-0.486036,0.115448,-0.835312,0.229553,0.424228,0.385021,1.337469
00070,19,-0.477159,0.124438,-0.844256,0.209918,0.424217,0.385083,1.337605
00071,19,-0.467971,0.133239,-0.852704,0.190122,0.424206,0.385145,1.337741
00072,19,-0.458479,0.141845,-0.860650,0.170174,0.424196,0.385207,1.337877
00073,19,-0.448692,0.150250,-0.868086,0.150089,0.424185,0.385269,1.338013
00074,19,-0.438619,0.158448,-0.875009,0.129876,0.424174,0.385331,1.338149
00075,19,-0.428267,0.166435,-0.881412,0.109547,0.424164,0.385393,1.338285
00076,19,-0.417645,0.174205,-0.887290,0.089116,0.424153,0.385455,1.338421
00077,19,-0.406763,0.181753,-0.892639,0.068592,0.424142,0.385517,1.338557
00078,19,-0.395630,0.189075,-0.897455,0.047990,0.424131,0.385580,1.338693
00079,19,-0.384254,0.196166,-0.901732,0.027320,0.424121,0.385642,1.338829
00080,19,-0.372645,0.203021,-0.905469,0.006596,0.424110,0.385704,1.338966
00081,19,-0.360814,0.209637,-0.908661,-0.014172,0.424099,0.385766,1.339102
00082,19,-0.348768,0.216009,-0.911306,-0.034970,0.424088,0.385828,1.339238
00083,19,-0.336519,0.222134,-0.913400,-0.055786,0.424078,0.385890,1.339374
00084,19,-0.324076,0.228008,-0.914941,-0.076608,0.424067,0.385952,1.339510
00085,19,-0.311450,0.233629,-0.915929,-0.097423,0.424056,0.386014,1.339646
00086,19,-0.298650,0.238992,-0.916360,-0.118220,0.424045,0.386077,1.339782
00087,19,-0.285687,0.244095,-0.916234,-0.138985,0.424035,0.386139,1.339918
00088,19,-0.272571,0.248935,-0.915549,-0.159706,0.424024,0.386201,1.340054
00089,19,-0.259314,0.253510,-0.914306,-0.180371,0.424013,0.386263,1.340190
00090,19,-0.245924,0.257818,-0.912504,-0.200968,0.424002,0.386325,1.340326
00091,19,-0.232414,0.261856,-0.910143,-0.221484,0.423992,0.386387,1.340462
00092,19,-0.218794,0.265624,-0.907223,-0.241907,0.423981,0.386449,1.340598
00093,19,-0.205074,0.269118,-0.903747,-0.262225,0.423970,0.386511,1.340734
00094,19,-0.191266,0.272339,-0.899714,-0.282425,0.423959,0.386574,1.340870
00095,19,-0.177380,0.275284,-0.895127,-0.302495,0.423949,0.386636,1.341006
00096,19,-0.163428,0.277954,-0.889987,-0.322423,0.423938,0.386698,1.341142
00097,19,-0.149420,0.280347,-0.884296,-0.342197,0.423927,0.386760,1.341278
00098,19,-0.135367,0.282463,-0.878058,-0.361806,0.423917,0.386822,1.341414
00099,19,-0.121280,0.284302,-0.871276,-0.381237,0.423906,0.386884,1.341550
