00000,5,0.082290,0.736879,0.465516,0.483251,-16.430404,-26.410959,105.963559
00001,5,0.076370,0.697540,0.568246,0.429767,-16.536031,-26.532042,105.949908
00002,5,0.079804,0.640432,0.664259,0.377143,-16.641658,-26.653125,105.936257
00003,5,0.092830,0.567356,0.750024,0.327036,-16.747285,-26.774208,105.922605
00004,5,0.115234,0.480989,0.822433,0.281021,-16.852912,-26.895291,105.908954
00005,5,0.146344,0.384633,0.879098,0.240472,-16.958539,-27.016374,105.895303
00006,5,0.185083,0.281876,0.918509,0.206468,-17.064166,-27.137457,105.881652
00007,5,0.230082,0.176247,0.940043,0.179772,-17.169793,-27.258540,105.868001
00008,5,0.279804,0.070943,0.943823,0.160853,-17.275421,-27.379623,105.854349
00009,5,0.332652,-0.031304,0.930524,0.149953,-17.381048,-27.500707,105.840698
00010,5,0.387038,-0.128255,0.901161,0.147175,-17.486675,-27.621790,105.827047
00011,5,0.441422,-0.218081,0.856922,0.152545,-17.592302,-27.742873,105.813396
00012,5,0.494314,-0.299243,0.799080,0.166064,-17.697929,-27.863956,105.799745
00013,5,0.544257,-0.370358,0.728960,0.187710,-17.803556,-27.985039,105.786093
00014,5,0.589814,-0.430083,0.647983,0.217405,-17.909183,-28.106122,105.772442
00015,5,0.629560,-0.477049,0.557744,0.254947,-18.014810,-28.227205,105.758791
00016,5,0.662100,-0.509857,0.460128,0.299917,-18.120437,-28.348288,105.745140
00017,5,0.686125,-0.527153,0.357409,0.351569,-18.226064,-28.469371,105.731489
00018,5,0.700512,-0.527779,0.252311,0.408742,-18.331691,-28.590454,105.717837
00019,5,0.704457,-0.510984,0.147992,0.469822,-18.437318,-28.711537,105.704186
00020,5,0.697604,-0.476650,0.047907,0.532783,-18.542945,-28.832620,105.690535
00021,5,0.680153,-0.425457,-0.044434,0.595317,-18.648572,-28.953703,105.676884
00022,5,0.652880,-0.358943,-0.125771,0.655048,-18.754199,-29.074787,105.663233
00023,5,0.617064,-0.279410,-0.193398,0.709759,-18.859826,-29.195870,105.649582
00024,5,0.574320,-0.189708,-0.245368,0.757602,-18.965453,-29.316953,105.635930
00025,5,0.526393,-0.092954,-0.280561,0.797216,-19.071080,-29.438036,105.622279
00026,5,0.474972,0.007728,-0.298615,0.827749,-19.176707,-29.559119,105.608628
00027,5,0.421548,0.109399,-0.299757,0.848807,-19.282334,-29.680202,105.594977
00028,5,0.367353,0.209391,-0.284608,0.860351,-19.387961,-29.801285,105.581326
00029,5,0.313370,0.305309,-0.254008,0.862592,-19.493588,-29.922368,105.567674
00030,5,0.260389,0.394976,-0.208898,0.855893,-19.599215,-30.043451,105.554023
00031,5,0.209093,0.476345,-0.150276,0.840709,-19.704842,-30.164534,105.540372
00032,5,0.160153,0.547429,-0.079212,0.817555,-19.810469,-30.285617,105.526721
00033,5,0.114312,0.606254,0.003060,0.787006,-19.916096,-30.406700,105.513070
00034,5,0.072448,0.650872,0.095027,0.749723,-20.021723,-30.527784,105.499418
00035,5,0.035600,0.679447,0.194761,0.706507,-20.127350,-30.648867,105.485767
00036,5,0.004943,0.690413,0.299811,0.658344,-20.232977,-30.769950,105.472116
00037,5,-0.018294,0.682698,0.407178,0.606460,-20.338604,-30.891033,105.458465
00038,5,-0.032958,0.655958,0.513398,0.552318,-20.444231,-31.012116,105.444814
00039,5,-0.038135,0.610762,0.614755,0.497584,-20.549858,-31.133199,105.431162
00040,5,-0.033297,0.548656,0.707606,0.444027,-20.655485,-31.254282,105.417511
00041,5,-0.018405,0.472053,0.788718,0.393381,-20.761112,-31.375365,105.403860
00042,5,0.006072,0.383987,0.855546,0.347212,-20.866739,-31.496448,105.390209
00043,5,0.039216,0.287774,0.906374,0.306812,-20.972366,-31.617531,105.376558
00044,5,0.079766,0.186688,0.940303,0.273153,-21.077993,-31.738614,105.362907
00045,5,0.126251,0.083728,0.957122,0.246915,-21.183620,-31.859697,105.349255
00046,5,0.177096,-0.018508,0.957113,0.228534,-21.289247,-31.980780,105.335604
00047,5,0.230702,-0.117829,0.940872,0.218291,-21.394874,-32.101864,105.321953
00048,5,0.285483,-0.212370,0.909164,0.216373,-21.500501,-32.222947,105.308302
00049,5,0.339876,-0.300477,0.862846,0.222919,-21.606128,-32.344030,105.294651
00050,5,0.392329,-0.380576,0.802858,0.238027,-21.711755,-32.465113,105.280999
00051,5,0.441293,-0.451064,0.730275,0.261722,-21.817382,-32.586196,105.267348
00052,5,0.485216,-0.510250,0.646406,0.293885,-21.923009,-32.707279,105.253697
00053,5,0.522576,-0.556357,0.552917,0.334160,-22.028636,-32.828362,105.240046
00054,5,0.551942,-0.587613,0.451952,0.381849,-22.134263,-32.949445,105.226395
00055,5,0.572086,-0.602427,0.346198,0.435827,-22.239890,-33.070528,105.212743
00056,5,0.582109,-0.599619,0.238868,0.494517,-22.345517,-33.191611,105.199092
00057,5,0.581579,-0.578668,0.133551,0.555942,-22.451144,-33.312694,105.185441
00058,5,0.570611,-0.539899,0.033949,0.617866,-22.556771,-33.433777,105.171790
00059,5,0.549873,-0.484531,-0.056449,0.677998,-22.662398,-33.554861,105.158139
00060,5,0.520489,-0.414589,-0.134676,0.734212,-22.768025,-33.675944,105.144487
00061,5,0.483876,-0.332682,-0.198501,0.784718,-22.873652,-33.797027,105.130836
00062,5,0.441547,-0.241726,-0.246491,0.828158,-22.979279,-33.918110,105.117185
00063,5,0.394947,-0.144692,-0.277944,0.863613,-23.084906,-34.039193,105.103534
00064,5,0.345337,-0.044427,-0.292733,0.890547,-23.190533,-34.160276,105.089883
00065,5,0.293756,0.056426,-0.291118,0.908720,-23.296160,-34.281359,105.076232
00066,5,0.241036,0.155434,-0.273590,0.918090,-23.401787,-34.402442,105.062580
00067,5,0.187873,0.250319,-0.240759,0.918737,-23.507414,-34.523525,105.048929
00068,5,0.134908,0.338875,-0.193314,0.910820,-23.613041,-34.644608,105.035278
00069,5,0.082827,0.418905,-0.132057,0.894549,-23.718668,-34.765691,105.021627
00070,5,0.032451,0.488179,-0.057988,0.870209,-23.824295,-34.886774,105.007976
00071,5,-0.015203,0.544457,0.027563,0.838197,-23.929922,-35.007857,104.994324
00072,5,-0.058892,0.585583,0.122798,0.799089,-24.035549,-35.128941,104.980673
00073,5,-0.097187,0.609665,0.225347,0.753711,-24.141177,-35.250024,104.967022
00074,5,-0.128567,0.615308,0.332235,0.703196,-24.246804,-35.371107,104.953371
00075,5,-0.151574,0.601856,0.439993,0.648999,-24.352431,-35.492190,104.939720
00076,5,-0.165006,0.569577,0.544874,0.592846,-24.458058,-35.613273,104.926068
00077,5,-0.168079,0.519710,0.643187,0.536619,-24.563685,-35.734356,104.912417
00078,5,-0.160545,0.454351,0.731620,0.482204,-24.669312,-35.855439,104.898766
00079,5,-0.142705,0.376201,0.807504,0.431327,-24.774939,-35.976522,104.885115
00080,5,-0.115350,0.288245,0.868930,0.385446,-24.880566,-36.097605,104.871464
00081,5,-0.079644,0.193457,0.914727,0.345694,-24.986193,-36.218688,104.857813
00082,5,-0.036987,0.094590,0.944339,0.312902,-25.091820,-36.339771,104.844161
00083,5,0.011091,-0.005925,0.957652,0.287651,-25.197447,-36.460854,104.830510
00084,5,0.063014,-0.105978,0.954832,0.270355,-25.303074,-36.581937,104.816859
00085,5,0.117195,-0.203700,0.936204,0.261328,-25.408701,-36.703021,104.803208
00086,5,0.172048,-0.297350,0.902192,0.260827,-25.514328,-36.824104,104.789557
00087,5,0.225981,-0.385187,0.853327,0.269063,-25.619955,-36.945187,104.775905
00088,5,0.277387,-0.465371,0.790313,0.286165,-25.725582,-37.066270,104.762254
00089,5,0.324646,-0.535899,0.714143,0.312115,-25.831209,-37.187353,104.748603
00090,5,0.366160,-0.594625,0.626242,0.346651,-25.936836,-37.308436,104.734952
00091,5,0.400421,-0.639370,0.528599,0.389167,-26.042463,-37.429519,104.721301
00092,5,0.426123,-0.668114,0.423842,0.438634,-26.148090,-37.550602,104.707649
00093,5,0.442291,-0.679260,0.315215,0.493581,-26.253717,-37.671685,104.693998
00094,5,0.448406,-0.671904,0.206404,0.552154,-26.359344,-37.792768,104.680347
00095,5,0.444466,-0.646020,0.101262,0.612253,-26.464971,-37.913851,104.666696
00096,5,0.430978,-0.602518,0.003457,0.671726,-26.570598,-38.034934,104.653045
