00000,5,-0.046635,-0.070897,-0.639693,0.763932,7.575457,2.581633,87.024508
00001,5,-0.049411,-0.021682,-0.679248,0.731923,7.873246,2.445264,87.159794
00002,5,-0.048647,0.029377,-0.713588,0.698256,8.171036,2.308895,87.295079
00003,5,-0.044347,0.081616,-0.742666,0.663188,8.468825,2.172525,87.430365
00004,5,-0.036571,0.134415,-0.766498,0.626957,8.766614,2.036156,87.565651
00005,5,-0.025434,0.187200,-0.785151,0.589785,9.064404,1.899787,87.700936
00006,5,-0.011086,0.239451,-0.798731,0.551877,9.362193,1.763418,87.836222
00007,5,0.006290,0.290700,-0.807376,0.513418,9.659982,1.627049,87.971507
00008,5,0.026487,0.340530,-0.811239,0.474583,9.957772,1.490679,88.106793
00009,5,0.049284,0.388576,-0.810489,0.435531,10.255561,1.354310,88.242079
00010,5,0.074449,0.434515,-0.805301,0.396414,10.553351,1.217941,88.377364
00011,5,0.101748,0.478067,-0.795851,0.357379,10.851140,1.081572,88.512650
00012,5,0.130944,0.518986,-0.782318,0.318566,11.148929,0.945202,88.647935
00013,5,0.161804,0.557059,-0.764877,0.280119,11.446719,0.808833,88.783221
00014,5,0.194100,0.592097,-0.743703,0.242180,11.744508,0.672464,88.918507
00015,5,0.227614,0.623934,-0.718969,0.204895,12.042297,0.536095,89.053792
00016,5,0.262133,0.652422,-0.690846,0.168416,12.340087,0.399725,89.189078
00017,5,0.297456,0.677425,-0.659509,0.132901,12.637876,0.263356,89.324363
00018,5,0.333392,0.698821,-0.625135,0.098512,12.935665,0.126987,89.459649
00019,5,0.369758,0.716493,-0.587909,0.065419,13.233455,-0.009382,89.594934
00020,5,0.406382,0.730331,-0.548021,0.033800,13.531244,-0.145751,89.730220
00021,5,0.443101,0.740228,-0.505676,0.003838,13.829034,-0.282121,89.865506
00022,5,0.479758,0.746079,-0.461094,-0.024281,14.126823,-0.418490,90.000791
00023,5,0.516203,0.747781,-0.414512,-0.050365,14.424612,-0.554859,90.136077
00024,5,0.552290,0.745232,-0.366192,-0.074222,14.722402,-0.691228,90.271362
00025,5,0.587874,0.738330,-0.316419,-0.095662,15.020191,-0.827598,90.406648
00026,5,0.622813,0.726979,-0.265512,-0.114496,15.317980,-0.963967,90.541934
00027,5,0.656958,0.711087,-0.213821,-0.130547,15.615770,-1.100336,90.677219
00028,5,0.690156,0.690573,-0.161734,-0.143649,15.913559,-1.236705,90.812505
00029,5,0.722248,0.665370,-0.109678,-0.153655,16.211348,-1.373075,90.947790
00030,5,0.753062,0.635435,-0.058123,-0.160443,16.509138,-1.509444,91.083076
00031,5,0.782413,0.600751,-0.007577,-0.163921,16.806927,-1.645813,91.218361
00032,5,0.810105,0.561342,0.041410,-0.164040,17.104717,-1.782182,91.353647
00033,5,0.835927,0.517282,0.088255,-0.160797,17.402506,-1.918551,91.488933
00034,5,0.859658,0.468701,0.132348,-0.154243,17.700295,-2.054921,91.624218
00035,5,0.881065,0.415805,0.173064,-0.144497,17.998085,-2.191290,91.759504
00036,5,0.899915,0.358874,0.209777,-0.131742,18.295874,-2.327659,91.894789
00037,5,0.915977,0.298277,0.241879,-0.116240,18.593663,-2.464028,92.030075
00038,5,0.929032,0.234472,0.268801,-0.098323,18.891453,-2.600398,92.165361
00039,5,0.938886,0.168004,0.290037,-0.078397,19.189242,-2.736767,92.300646
00040,5,0.945374,0.099498,0.305165,-0.056933,19.487031,-2.873136,92.435932
00041,5,0.948377,0.029645,0.313872,-0.034453,19.784821,-3.009505,92.571217
00042,5,0.947821,-0.040815,0.315967,-0.011519,20.082610,-3.145875,92.706503
00043,5,0.943694,-0.111118,0.311396,0.011289,20.380400,-3.282244,92.841788
00044,5,0.936035,-0.180497,0.300241,0.033391,20.678189,-3.418613,92.977074
00045,5,0.924941,-0.248213,0.282724,0.054230,20.975978,-3.554982,93.112360
00046,5,0.910560,-0.313576,0.259189,0.073287,21.273768,-3.691352,93.247645
00047,5,0.893081,-0.375962,0.230087,0.090100,21.571557,-3.827721,93.382931
00048,5,0.872725,-0.434831,0.195958,0.104274,21.869346,-3.964090,93.518216
00049,5,0.849735,-0.489731,0.157401,0.115489,22.167136,-4.100459,93.653502
00050,5,0.824366,-0.540306,0.115055,0.123502,22.464925,-4.236828,93.788788
00051,5,0.796872,-0.586286,0.069574,0.128149,22.762714,-4.373198,93.924073
00052,5,0.767506,-0.627487,0.021610,0.129335,23.060504,-4.509567,94.059359
00053,5,0.736506,-0.663796,-0.028206,0.127033,23.358293,-4.645936,94.194644
00054,5,0.704098,-0.695165,-0.079271,0.121273,23.656083,-4.782305,94.329930
00055,5,0.670490,-0.721597,-0.131024,0.112132,23.953872,-4.918675,94.465216
00056,5,0.635875,-0.743133,-0.182947,0.099730,24.251661,-5.055044,94.600501
00057,5,0.600432,-0.759847,-0.234565,0.084218,24.549451,-5.191413,94.735787
00058,5,0.564325,-0.771834,-0.285452,0.065770,24.847240,-5.327782,94.871072
00059,5,0.527710,-0.779205,-0.335223,0.044578,25.145029,-5.464152,95.006358
00060,5,0.490733,-0.782079,-0.383533,0.020846,25.442819,-5.600521,95.141643
00061,5,0.453538,-0.780583,-0.430077,-0.005215,25.740608,-5.736890,95.276929
00062,5,0.416266,-0.774843,-0.474578,-0.033391,26.038397,-5.873259,95.412215
00063,5,0.379060,-0.764991,-0.516792,-0.063470,26.336187,-6.009628,95.547500
00064,5,0.342063,-0.751155,-0.556497,-0.095241,26.633976,-6.145998,95.682786
00065,5,0.305426,-0.733466,-0.593490,-0.128498,26.931766,-6.282367,95.818071
00066,5,0.269305,-0.712058,-0.627587,-0.163043,27.229555,-6.418736,95.953357
00067,5,0.233864,-0.687064,-0.658616,-0.198684,27.527344,-6.555105,96.088643
00068,5,0.199275,-0.658625,-0.686416,-0.235236,27.825134,-6.691475,96.223928
00069,5,0.165717,-0.626888,-0.710830,-0.272525,28.122923,-6.827844,96.359214
00070,5,0.133381,-0.592011,-0.731708,-0.310380,28.420712,-6.964213,96.494499
00071,5,0.102464,-0.554164,-0.748901,-0.348641,28.718502,-7.100582,96.629785
00072,5,0.073169,-0.513535,-0.762261,-0.387150,29.016291,-7.236952,96.765070
00073,5,0.045708,-0.470330,-0.771641,-0.425758,29.314080,-7.373321,96.900356
00074,5,0.020294,-0.424782,-0.776891,-0.464314,29.611870,-7.509690,97.035642
00075,5,-0.002858,-0.377152,-0.777862,-0.502671,29.909659,-7.646059,97.170927
00076,5,-0.023533,-0.327734,-0.774405,-0.540678,30.207449,-7.782429,97.306213
00077,5,-0.041526,-0.276860,-0.766376,-0.578179,30.505238,-7.918798,97.441498
00078,5,-0.056639,-0.224905,-0.753637,-0.615013,30.803027,-8.055167,97.576784
00079,5,-0.068694,-0.172286,-0.736062,-0.651008,31.100817,-8.191536,97.712070
00080,5,-0.077534,-0.119469,-0.713547,-0.685977,31.398606,-8.327905,97.847355
00081,5,-0.083037,-0.066970,-0.686015,-0.719724,31.696395,-8.464275,97.982641
00082,5,-0.085119,-0.015351,-0.653426,-0.752033,31.994185,-8.600644,98.117926
00083,5,-0.083744,0.034784,-0.615791,-0.782674,32.291974,-8.737013,98.253212
00084,5,-0.078936,0.082793,-0.573180,-0.811405,32.589763,-8.873382,98.388498
00085,5,-0.070784,0.128011,-0.525739,-0.837974,32.887553,-9.009752,98.523783
00086,5,-0.059450,0.169763,-0.473694,-0.862125,33.185342,-9.146121,98.659069
00087,5,-0.045174,0.207383,-0.417365,-0.883605,33.483131,-9.282490,98.794354
00088,5,-0.028273,0.240237,-0.357165,-0.902175,33.780921,-9.418859,98.929640
00089,5,-0.009139,0.267750,-0.293602,-0.917619,34.078710,-9.555229,99.064925
00090,5,0.011766,0.289422,-0.227272,-0.929754,34.376500,-9.691598,99.200211
00091,5,0.033926,0.304862,-0.158844,-0.938443,34.674289,-9.827967,99.335497
00092,5,0.056784,0.313797,-0.089044,-0.943598,34.972078,-9.964336,99.470782
00093,5,0.079761,0.316088,-0.018630,-0.945187,35.269868,-10.100705,99.606068
00094,5,0.102279,0.311737,0.051630,-0.943235,35.567657,-10.237075,99.741353
00095,5,0.123776,0.300880,0.120988,-0.937823,35.865446,-10.373444,99.876639
00096,5,0.143731,0.283782,0.188735,-0.929079,36.163236,-10.509813,100.011925
