00000,15,0.442016,0.569014,0.542431,0.431988,-1.152258,-2.096361,5.886815
00001,15,-0.152012,-0.178451,-0.172465,0.956715,-1.767078,-1.708770,5.889995
00002,15,-0.076826,-0.444137,-0.670014,0.589848,-0.084911,0.478136,5.884993
00003,15,-0.817708,-0.072003,0.565324,0.081100,-0.905759,-1.763517,5.901627
00004,15,0.419687,0.484393,0.347731,-0.684331,0.708421,0.574033,5.895341
00005,15,0.562018,0.240200,-0.728186,-0.310136,1.586241,-1.338227,5.892254
00006,15,-0.494011,0.810479,-0.261411,0.175333,-1.343835,-1.406832,5.901190
00007,15,0.214019,0.537287,0.784291,0.224512,0.966062,-1.767418,5.913474
00008,15,-0.155009,-0.969568,-0.041924,0.184806,-0.021297,-0.349631,5.905337
00009,15,0.593538,0.105141,-0.698958,0.384859,-0.082486,1.322689,5.919884
00010,15,-0.763011,-0.294424,0.553774,0.156406,0.590124,2.102769,5.923476
00011,15,0.645585,0.062025,-0.656453,-0.385283,1.507562,-1.776240,5.885490
00012,15,-0.308852,0.715226,0.520818,-0.349013,-0.278270,1.116519,5.899895
00013,15,-0.122664,0.665336,-0.561583,-0.476346,0.724267,-0.997069,5.896273
00014,15,0.127235,0.381105,-0.340243,0.850179,1.805338,0.846056,5.918580
00015,15,0.567742,-0.146190,-0.809757,0.024319,1.615283,1.301452,5.956830
00016,15,-0.555869,0.716602,-0.084048,0.412829,0.611438,-1.257676,5.914881
00017,15,0.402652,-0.219661,0.875661,0.151123,1.153357,-0.012806,5.980256
00018,15,-0.199061,0.586696,0.577090,-0.532099,-1.915265,1.618784,5.961573
00019,15,0.309962,-0.405325,-0.080623,0.856233,1.255638,-0.824163,5.889436
00020,15,-0.221463,0.853065,0.350187,-0.317180,-0.024534,-1.273402,5.971726
00021,15,0.604382,0.474651,-0.511524,0.384411,-0.823533,0.566034,5.960606
00022,15,0.815234,0.389582,0.161173,-0.397042,1.368172,2.024211,6.003117
00023,15,0.290528,-0.839670,0.448077,-0.098872,1.031629,0.935322,5.977738
00024,15,-0.350040,-0.771937,-0.525207,0.075781,-1.984021,-0.413795,5.917984
00025,15,-0.847006,0.183319,0.178375,-0.466001,-1.045899,0.092448,5.889208
00026,15,0.218202,0.622018,-0.399447,0.637121,1.669361,-1.657742,5.980199
00027,15,-0.138964,0.019884,0.018277,0.989929,-1.084553,-0.221192,6.037276
00028,15,0.164698,-0.207738,-0.940956,-0.210527,1.192749,1.996304,6.038572
00029,15,-0.303808,0.066762,0.631416,-0.710322,1.249238,-1.580354,5.912292
00030,15,0.543634,-0.026112,0.794746,0.268624,0.910971,2.045967,6.013769
00031,15,0.616559,-0.011629,0.352633,0.703825,-0.778594,0.215832,6.043025
00032,15,0.794122,0.331115,0.366913,0.353707,0.780001,0.566961,5.898739
00033,15,0.383286,0.058764,-0.244167,0.888831,-0.794548,0.803360,6.042356
00034,15,0.260808,0.387618,-0.772340,0.430375,-1.490131,0.342507,6.048739
00035,15,-0.651691,-0.345401,0.122161,0.664133,1.395797,-1.393289,5.915167
00036,15,-0.814955,0.347100,-0.381232,-0.264636,-1.703634,0.571946,5.998542
00037,15,-0.467418,0.419796,0.021137,-0.777718,1.676024,1.545915,5.915935
00038,15,-0.090125,0.794123,0.428203,-0.421768,-0.154175,1.129845,6.096169
00039,15,-0.718926,0.286528,0.257108,-0.578742,1.799541,1.833992,6.036744
00040,15,-0.863723,0.252838,0.141362,0.412399,2.134471,-0.404327,6.068236
00041,15,0.309928,0.687564,0.300392,0.583922,1.812511,-1.480522,5.931264
00042,15,-0.552507,0.403057,0.379685,-0.622993,-1.552550,1.883697,6.072314
00043,15,0.387950,0.567561,-0.692835,0.217599,-0.289379,-1.073989,6.119029
00044,15,-0.627821,0.643596,0.381688,-0.214334,-1.693600,1.578089,5.922973
00045,15,-0.098370,0.822785,-0.303957,0.470061,2.013749,0.899023,6.029103
00046,15,0.634659,-0.120266,0.380376,-0.661860,1.167376,1.578776,6.014745
00047,15,0.077144,-0.605463,-0.370140,0.700329,-0.853815,-2.097672,5.999902
00048,15,0.444341,0.537942,-0.650565,0.299908,1.591472,-1.834159,5.901621
00049,15,0.768833,-0.364623,0.427794,0.304857,1.967742,1.447644,6.134195
00050,15,0.914240,0.286350,0.284709,0.033322,1.826894,-2.114172,6.118633
00051,15,0.228944,0.504538,-0.453696,-0.697987,1.376977,-2.073668,6.110020
00052,15,-0.502312,-0.063832,0.416548,-0.755047,-0.863600,-0.335987,5.997750
00053,15,-0.266062,0.855258,0.423012,-0.137134,-2.090801,1.577947,5.920452
00054,15,0.002349,-0.055429,-0.916056,0.397194,0.989584,-2.065955,5.938855
00055,15,0.795702,-0.328588,-0.453609,-0.230494,-1.400322,1.098436,5.997732
00056,15,0.428678,0.126308,-0.800725,0.398900,1.928187,1.970562,5.897854
00057,15,-0.466492,0.213168,-0.858215,0.020297,-1.936335,-0.487572,6.101386
00058,15,-0.255347,0.022022,-0.930011,0.263425,-1.630227,1.653562,5.992555
00059,15,-0.769510,0.094197,0.421560,0.470392,-1.882594,-1.284711,6.042064
00060,15,0.815477,0.494644,0.173339,0.245515,-0.276934,-0.079451,6.125275
00061,15,0.421715,-0.236580,0.449921,0.750838,-1.343515,-0.390182,6.081858
00062,15,0.491786,0.509401,-0.243201,-0.662956,1.395599,-2.030774,6.147082
00063,15,0.252173,-0.526564,-0.637347,-0.502919,-1.462644,0.815763,6.077555
00064,15,-0.068789,0.864083,0.498607,0.004470,1.012330,-0.235202,6.078058
00065,15,0.428675,0.057545,0.118358,-0.893822,-1.422801,0.626302,6.199054
00066,15,0.335776,0.134676,0.472554,-0.803622,-0.581278,0.603909,6.028517
00067,15,0.283377,0.337608,-0.823500,0.357163,-0.011617,0.710689,6.129996
00068,15,-0.281064,0.560554,0.773817,-0.089387,1.909218,0.054135,6.197591
00069,15,0.427671,0.890942,0.137386,-0.066666,-2.154223,0.761636,6.282450
00070,15,-0.408351,-0.125232,-0.831337,0.355592,0.862217,1.496578,6.265435
00071,15,0.635948,-0.554478,-0.245240,-0.477474,-1.369703,-1.684120,5.938128
00072,15,-0.026697,0.037412,-0.391783,-0.918909,-1.089238,-0.530827,6.138990
00073,15,-0.311805,-0.471551,0.415516,0.712576,0.474273,0.785276,6.103586
00074,15,-0.290575,0.304309,0.611303,-0.670277,-1.326418,1.493125,6.301618
00075,15,0.965740,-0.208114,0.140699,-0.065101,-0.597767,-0.197712,5.938741
00076,15,0.329784,0.107757,0.314808,-0.883474,-1.353730,0.280332,6.239811
00077,15,-0.227105,-0.916619,-0.300542,-0.133816,1.685357,-1.694336,6.259387
00078,15,-0.143662,0.118584,0.020249,0.982288,-1.694569,-1.986715,6.012445
00079,15,0.269262,0.752969,0.497901,0.335605,1.832001,1.818148,6.269102
00080,15,0.171054,0.064287,0.817816,0.545696,0.787696,0.670042,5.979987
00081,15,-0.900037,-0.056639,0.376131,-0.212720,0.276292,-1.992386,5.998624
00082,15,0.392247,-0.254914,0.030350,0.883312,0.841204,-1.773430,5.966057
00083,15,-0.108029,-0.722273,-0.662923,-0.164877,1.436304,1.453944,6.303445
00084,15,0.325460,0.865498,-0.379829,0.026804,1.581715,-1.911101,6.073828
00085,15,-0.573298,-0.778133,0.255596,-0.022549,-0.654885,-1.152908,6.215299
00086,15,0.137606,-0.644597,-0.088136,-0.746854,0.248659,-0.380833,6.001474
00087,15,-0.243670,-0.360039,-0.495639,-0.751890,-0.200015,0.916042,5.886622
00088,15,-0.706611,0.234607,0.667560,-0.004927,0.879784,0.563665,6.029751
00089,15,-0.538004,0.400779,-0.113459,0.732840,0.020546,0.468121,6.300399
00090,15,-0.118235,-0.684419,0.715531,-0.074884,0.665566,0.758672,6.162902
00091,15,0.105929,0.788398,-0.585206,0.157292,-1.534584,-0.525583,6.079379
00092,15,0.429274,0.380006,0.770832,-0.277736,-1.297332,1.693884,6.231979
00093,15,0.001896,0.780749,0.597566,0.182596,0.819657,-0.563426,6.106280
00094,15,-0.207548,0.891758,0.253980,0.311745,-1.210140,-1.420093,6.055949
00095,15,0.159242,0.882163,0.274166,0.348228,1.414613,1.591840,6.210791
00096,15,0.338426,-0.178075,0.621006,0.684185,-1.618118,1.094396,6.015576
00097,15,-0.645296,0.589677,-0.281167,0.396003,-1.332658,1.278375,5.975629
00098,15,-0.932242,0.276907,-0.169779,-0.159444,-0.977786,0.438610,6.436190
00099,15,0.220757,-0.958513,-0.005456,0.180246,1.305385,0.045501,6.256908
