00000,02,-0.431218,-0.474396,0.282189,-0.713701,81.102504,75.080541,403.316318
00001,02,-0.426359,-0.464808,0.298593,-0.716250,81.247463,74.993180,401.909517
00002,02,-0.421459,-0.454894,0.314844,-0.718552,81.392421,74.905818,400.502717
00003,02,-0.416518,-0.444655,0.330931,-0.720611,81.537380,74.818456,399.095916
00004,02,-0.411534,-0.434093,0.346843,-0.722428,81.682338,74.731095,397.689116
00005,02,-0.406508,-0.423212,0.362569,-0.724008,81.827296,74.643733,396.282315
00006,02,-0.401438,-0.412013,0.378097,-0.725352,81.972255,74.556372,394.875514
00007,02,-0.396325,-0.400499,0.393417,-0.726464,82.117213,74.469010,393.468714
00008,02,-0.391168,-0.388675,0.408518,-0.727347,82.262172,74.381649,392.061913
00009,02,-0.385965,-0.376543,0.423388,-0.728004,82.407130,74.294287,390.655112
00010,02,-0.380715,-0.364107,0.438017,-0.728439,82.552089,74.206925,389.248312
00011,02,-0.375417,-0.351373,0.452394,-0.728655,82.697047,74.119564,387.841511
00012,02,-0.370071,-0.338345,0.466508,-0.728657,82.842006,74.032202,386.434711
00013,02,-0.364674,-0.325027,0.480350,-0.728447,82.986964,73.944841,385.027910
00014,02,-0.359225,-0.311427,0.493908,-0.728029,83.131923,73.857479,383.621109
00015,02,-0.353723,-0.297549,0.507173,-0.727407,83.276881,73.770117,382.214309
00016,02,-0.348165,-0.283400,0.520134,-0.726585,83.421839,73.682756,380.807508
00017,02,-0.342551,-0.268986,0.532783,-0.725567,83.566798,73.595394,379.400707
00018,02,-0.336878,-0.254315,0.545109,-0.724358,83.711756,73.508033,377.993907
00019,02,-0.331144,-0.239393,0.557103,-0.722960,83.856715,73.420671,376.587106
00020,02,-0.325348,-0.224229,0.568756,-0.721379,84.001673,73.333309,375.180306
00021,02,-0.319487,-0.208831,0.580059,-0.719617,84.146632,73.245948,373.773505
00022,02,-0.313560,-0.193206,0.591004,-0.717681,84.291590,73.158586,372.366704
00023,02,-0.307564,-0.177364,0.601582,-0.715574,84.436549,73.071225,370.959904
00024,02,-0.301497,-0.161314,0.611786,-0.713299,84.581507,72.983863,369.553103
00025,02,-0.295357,-0.145064,0.621607,-0.710862,84.726465,72.896502,368.146302
00026,02,-0.289142,-0.128626,0.631040,-0.708266,84.871424,72.809140,366.739502
00027,02,-0.282849,-0.112008,0.640075,-0.705517,85.016382,72.721778,365.332701
00028,02,-0.276477,-0.095221,0.648708,-0.702618,85.161341,72.634417,363.925901
00029,02,-0.270023,-0.078275,0.656931,-0.699573,85.306299,72.547055,362.519100
00030,02,-0.263485,-0.061182,0.664739,-0.696387,85.451258,72.459694,361.112299
00031,02,-0.256860,-0.043952,0.672126,-0.693064,85.596216,72.372332,359.705499
00032,02,-0.250147,-0.026598,0.679088,-0.689608,85.741175,72.284970,358.298698
00033,02,-0.243343,-0.009129,0.685618,-0.686023,85.886133,72.197609,356.891897
00034,02,-0.236446,0.008442,0.691714,-0.682315,86.031092,72.110247,355.485097
00035,02,-0.229455,0.026102,0.697371,-0.678485,86.176050,72.022886,354.078296
00036,02,-0.222366,0.043840,0.702586,-0.674540,86.321008,71.935524,352.671496
00037,02,-0.215179,0.061644,0.707356,-0.670482,86.465967,71.848162,351.264695
00038,02,-0.207890,0.079500,0.711678,-0.666315,86.610925,71.760801,349.857894
00039,02,-0.200500,0.097397,0.715549,-0.662044,86.755884,71.673439,348.451094
00040,02,-0.193004,0.115321,0.718969,-0.657673,86.900842,71.586078,347.044293
00041,02,-0.185403,0.133261,0.721936,-0.653204,87.045801,71.498716,345.637492
00042,02,-0.177694,0.151201,0.724450,-0.648641,87.190759,71.411355,344.230692
00043,02,-0.169875,0.169131,0.726509,-0.643989,87.335718,71.323993,342.823891
00044,02,-0.161946,0.187037,0.728114,-0.639250,87.480676,71.236631,341.417091
00045,02,-0.153906,0.204905,0.729266,-0.634427,87.625635,71.149270,340.010290
00046,02,-0.145752,0.222723,0.729966,-0.629525,87.770593,71.061908,338.603489
00047,02,-0.137484,0.240477,0.730214,-0.624545,87.915551,70.974547,337.196689
00048,02,-0.129102,0.258154,0.730013,-0.619491,88.060510,70.887185,335.789888
00049,02,-0.120604,0.275743,0.729366,-0.614366,88.205468,70.799823,334.383088
00050,02,-0.111989,0.293228,0.728275,-0.609173,88.350427,70.712462,332.976287
00051,02,-0.103258,0.310599,0.726743,-0.603913,88.495385,70.625100,331.569486
00052,02,-0.094410,0.327841,0.724774,-0.598590,88.640344,70.537739,330.162686
00053,02,-0.085444,0.344943,0.722371,-0.593206,88.785302,70.450377,328.755885
00054,02,-0.076362,0.361891,0.719540,-0.587763,88.930261,70.363015,327.349084
00055,02,-0.067162,0.378674,0.716286,-0.582263,89.075219,70.275654,325.942284
00056,02,-0.057845,0.395279,0.712612,-0.576708,89.220178,70.188292,324.535483
00057,02,-0.048412,0.411694,0.708526,-0.571100,89.365136,70.100931,323.128683
00058,02,-0.038863,0.427908,0.704033,-0.565440,89.510094,70.013569,321.721882
00059,02,-0.029199,0.443908,0.699139,-0.559730,89.655053,69.926208,320.315081
00060,02,-0.019421,0.459684,0.693850,-0.553972,89.800011,69.838846,318.908281
00061,02,-0.009530,0.475225,0.688175,-0.548166,89.944970,69.751484,317.501480
00062,02,0.000472,0.490519,0.682120,-0.542314,90.089928,69.664123,316.094679
00063,02,0.010585,0.505555,0.675692,-0.536416,90.234887,69.576761,314.687879
00064,02,0.020806,0.520325,0.668900,-0.530473,90.379845,69.489400,313.281078
00065,02,0.031133,0.534817,0.661752,-0.524487,90.524804,69.402038,311.874278
00066,02,0.041565,0.549022,0.654255,-0.518457,90.669762,69.314676,310.467477
00067,02,0.052099,0.562930,0.646419,-0.512384,90.814721,69.227315,309.060676
00068,02,0.062734,0.576533,0.638253,-0.506268,90.959679,69.139953,307.653876
00069,02,0.073466,0.589821,0.629765,-0.500109,91.104637,69.052592,306.247075
00070,02,0.084292,0.602787,0.620965,-0.493908,91.249596,68.965230,304.840274
00071,02,0.095211,0.615421,0.611863,-0.487664,91.394554,68.877868,303.433474
00072,02,0.106218,0.627717,0.602466,-0.481376,91.539513,68.790507,302.026673
00073,02,0.117311,0.639667,0.592786,-0.475045,91.684471,68.703145,300.619873
00074,02,0.128487,0.651264,0.582833,-0.468671,91.829430,68.615784,299.213072
00075,02,0.139741,0.662501,0.572615,-0.462251,91.974388,68.528422,297.806271
00076,02,0.151070,0.673373,0.562144,-0.455787,92.119347,68.441061,296.399471
00077,02,0.162471,0.683872,0.551428,-0.449276,92.264305,68.353699,294.992670
00078,02,0.173939,0.693994,0.540480,-0.442719,92.409264,68.266337,293.585869
00079,02,0.185470,0.703733,0.529307,-0.436114,92.554222,68.178976,292.179069
00080,02,0.197060,0.713084,0.517922,-0.429459,92.699180,68.091614,290.772268
00081,02,0.208704,0.722044,0.506334,-0.422755,92.844139,68.004253,289.365468
00082,02,0.220398,0.730607,0.494553,-0.415999,92.989097,67.916891,287.958667
00083,02,0.232137,0.738771,0.482590,-0.409191,93.134056,67.829529,286.551866
00084,02,0.243916,0.746531,0.470454,-0.402329,93.279014,67.742168,285.145066
00085,02,0.255731,0.753885,0.458157,-0.395412,93.423973,67.654806,283.738265
00086,02,0.267575,0.760831,0.445708,-0.388438,93.568931,67.567445,282.331465
00087,02,0.279445,0.767365,0.433118,-0.381405,93.713890,67.480083,280.924664
00088,02,0.291334,0.773487,0.420396,-0.374313,93.858848,67.392721,279.517863
00089,02,0.303238,0.779193,0.407552,-0.367160,94.003806,67.305360,278.111063
00090,02,0.315150,0.784484,0.394596,-0.359943,94.148765,67.217998,276.704262
00091,02,0.327065,0.789358,0.381539,-0.352662,94.293723,67.130637,275.297461
00092,02,0.338977,0.793815,0.368389,-0.345314,94.438682,67.043275,273.890661
00093,02,0.350880,0.797855,0.355156,-0.337898,94.583640,66.955914,272.483860
00094,02,0.362769,0.801476,0.341850,-0.330413,94.728599,66.868552,271.077060
00095,02,0.374637,0.804681,0.328479,-0.322857,94.873557,66.781190,269.670259
00096,02,0.386479,0.807469,0.315054,-0.315227,95.018516,66.693829,268.263458
00097,02,0.398287,0.809842,0.301582,-0.307523,95.163474,66.606467,266.856658
00098,02,0.410057,0.811801,0.288073,-0.299743,95.308433,66.519106,265.449857
00099,02,0.421781,0.813348,0.274536,-0.291885,95.453391,66.431744,264.043056
