00000,5,0.780588,-0.402204,-0.183581,0.441825,21.498868,-27.438475,90.313458
00001,5,0.817254,-0.341899,-0.271524,0.376131,21.635883,-27.494188,90.241658
00002,5,0.836088,-0.277680,-0.359245,0.307884,21.772898,-27.549900,90.169858
00003,5,0.837677,-0.208952,-0.444338,0.239162,21.909913,-27.605612,90.098057
00004,5,0.823073,-0.135224,-0.524259,0.171512,22.046929,-27.661324,90.026257
00005,5,0.793680,-0.056241,-0.596391,0.105946,22.183944,-27.717036,89.954457
00006,5,0.751167,0.027898,-0.658121,0.042961,22.320959,-27.772749,89.882656
00007,5,0.697387,0.116626,-0.706927,-0.017400,22.457975,-27.828461,89.810856
00008,5,0.634318,0.208821,-0.740498,-0.075468,22.594990,-27.884173,89.739056
00009,5,0.564010,0.302743,-0.756871,-0.131848,22.732005,-27.939885,89.667256
00010,5,0.488523,0.396028,-0.754602,-0.187299,22.869021,-27.995598,89.595455
00011,5,0.409871,0.485745,-0.732942,-0.242593,23.006036,-28.051310,89.523655
00012,5,0.329947,0.568538,-0.692003,-0.298377,23.143051,-28.107022,89.451855
00013,5,0.250442,0.640862,-0.632870,-0.355033,23.280066,-28.162734,89.380054
00014,5,0.172762,0.699281,-0.557625,-0.412568,23.417082,-28.218446,89.308254
00015,5,0.097951,0.740806,-0.469249,-0.470549,23.554097,-28.274159,89.236454
00016,5,0.026653,0.763200,-0.371397,-0.528089,23.691112,-28.329871,89.164653
00017,5,-0.040896,0.765199,-0.268082,-0.583890,23.828128,-28.385583,89.092853
00018,5,-0.104819,0.746607,-0.163307,-0.636333,23.965143,-28.441295,89.021053
00019,5,-0.165499,0.708252,-0.060725,-0.683594,24.102158,-28.497007,88.949253
00020,5,-0.223460,0.651839,0.036623,-0.723760,24.239174,-28.552720,88.877452
00021,5,-0.279225,0.579733,0.126466,-0.754949,24.376189,-28.608432,88.805652
00022,5,-0.333185,0.494728,0.207348,-0.775395,24.513204,-28.664144,88.733852
00023,5,-0.385489,0.399829,0.278595,-0.783530,24.650220,-28.719856,88.662051
00024,5,-0.435952,0.298083,0.340203,-0.778044,24.787235,-28.775568,88.590251
00025,5,-0.484007,0.192451,0.392707,-0.757944,24.924250,-28.831281,88.518451
00026,5,-0.528671,0.085719,0.437029,-0.722609,25.061265,-28.886993,88.446650
00027,5,-0.568556,-0.019552,0.474321,-0.671848,25.198281,-28.942705,88.374850
00028,5,-0.601901,-0.121060,0.505819,-0.605974,25.335296,-28.998417,88.303050
00029,5,-0.626653,-0.216790,0.532702,-0.525866,25.472311,-29.054129,88.231250
00030,5,-0.640578,-0.305031,0.555964,-0.433034,25.609327,-29.109842,88.159449
00031,5,-0.641435,-0.384404,0.576295,-0.329662,25.746342,-29.165554,88.087649
00032,5,-0.627184,-0.453892,0.594000,-0.218597,25.883357,-29.221266,88.015849
00033,5,-0.596233,-0.512869,0.608935,-0.103288,26.020373,-29.276978,87.944048
00034,5,-0.547680,-0.561127,0.620506,0.012375,26.157388,-29.332691,87.872248
00035,5,-0.481531,-0.598870,0.627716,0.124306,26.294403,-29.388403,87.800448
00036,5,-0.398817,-0.626689,0.629267,0.228534,26.431419,-29.444115,87.728648
00037,5,-0.301593,-0.645477,0.623706,0.321543,26.568434,-29.499827,87.656847
00038,5,-0.192808,-0.656319,0.609595,0.400578,26.705449,-29.555539,87.585047
00039,5,-0.076056,-0.660340,0.585668,0.463851,26.842464,-29.611252,87.513247
00040,5,0.044740,-0.658554,0.550970,0.510623,26.979480,-29.666964,87.441446
00041,5,0.165638,-0.651734,0.504938,0.541149,27.116495,-29.722676,87.369646
00042,5,0.282949,-0.640317,0.447456,0.556521,27.253510,-29.778388,87.297846
00043,5,0.393424,-0.624357,0.378863,0.558442,27.390526,-29.834100,87.226045
00044,5,0.494367,-0.603528,0.299947,0.548986,27.527541,-29.889813,87.154245
00045,5,0.583668,-0.577171,0.211922,0.530369,27.664556,-29.945525,87.082445
00046,5,0.659796,-0.544366,0.116414,0.504759,27.801572,-30.001237,87.010645
00047,5,0.721749,-0.504036,0.015434,0.474116,27.938587,-30.056949,86.938844
00048,5,0.769009,-0.455070,-0.088644,0.440088,28.075602,-30.112661,86.867044
00049,5,0.801480,-0.396462,-0.193108,0.403926,28.212618,-30.168374,86.795244
00050,5,0.819440,-0.327463,-0.294959,0.366446,28.349633,-30.224086,86.723443
00051,5,0.823505,-0.247743,-0.390986,0.328011,28.486648,-30.279798,86.651643
00052,5,0.814585,-0.157551,-0.477877,0.288550,28.623663,-30.335510,86.579843
00053,5,0.793855,-0.057849,-0.552391,0.247610,28.760679,-30.391222,86.508042
00054,5,0.762710,0.049589,-0.611567,0.204447,28.897694,-30.446935,86.436242
00055,5,0.722711,0.162170,-0.652976,0.158147,29.034709,-30.502647,86.364442
00056,5,0.675506,0.276569,-0.674968,0.107783,29.171725,-30.558359,86.292642
00057,5,0.622734,0.388931,-0.676882,0.052575,29.308740,-30.614071,86.220841
00058,5,0.565909,0.495175,-0.659153,-0.007957,29.445755,-30.669783,86.149041
00059,5,0.506312,0.591346,-0.623296,-0.073883,29.582771,-30.725496,86.077241
00060,5,0.444896,0.673953,-0.571742,-0.144790,29.719786,-30.781208,86.005440
00061,5,0.382243,0.740238,-0.507576,-0.219780,29.856801,-30.836920,85.933640
00062,5,0.318557,0.788338,-0.434204,-0.297508,29.993817,-30.892632,85.861840
00063,5,0.253718,0.817319,-0.355032,-0.376256,30.130832,-30.948345,85.790039
00064,5,0.187373,0.827117,-0.273194,-0.454017,30.267847,-31.004057,85.718239
00065,5,0.119052,0.818414,-0.191358,-0.528589,30.404862,-31.059769,85.646439
00066,5,0.048294,0.792476,-0.111608,-0.597654,30.541878,-31.115481,85.574639
