00000,13,-0.407538,0.717021,-0.557581,0.094315,2.069208,-0.380260,12.003614
00001,13,-0.358505,0.705146,-0.604836,0.091737,2.033106,-0.382149,11.925898
00002,13,-0.306193,0.691591,-0.648189,0.088311,1.997004,-0.384037,11.848183
00003,13,-0.250838,0.676479,-0.687296,0.084144,1.960902,-0.385926,11.770467
00004,13,-0.192712,0.659941,-0.721832,0.079365,1.924801,-0.387814,11.692751
00005,13,-0.132118,0.642116,-0.751490,0.074119,1.888699,-0.389702,11.615035
00006,13,-0.069391,0.623149,-0.775994,0.068571,1.852597,-0.391591,11.537320
00007,13,-0.004903,0.603188,-0.795099,0.062899,1.816495,-0.393479,11.459604
00008,13,0.060944,0.582384,-0.808598,0.057295,1.780393,-0.395368,11.381888
00009,13,0.127720,0.560889,-0.816327,0.051964,1.744291,-0.397256,11.304173
00010,13,0.194965,0.538851,-0.818173,0.047116,1.708189,-0.399144,11.226457
00011,13,0.262199,0.516418,-0.814075,0.042965,1.672087,-0.401033,11.148741
00012,13,0.328922,0.493731,-0.804028,0.039724,1.635985,-0.402921,11.071025
00013,13,0.394626,0.470923,-0.788091,0.037603,1.599883,-0.404810,10.993310
00014,13,0.458797,0.448118,-0.766382,0.036801,1.563782,-0.406698,10.915594
00015,13,0.520925,0.425429,-0.739081,0.037503,1.527680,-0.408586,10.837878
00016,13,0.580509,0.402957,-0.706431,0.039875,1.491578,-0.410475,10.760162
00017,13,0.637069,0.380788,-0.668731,0.044064,1.455476,-0.412363,10.682447
00018,13,0.690152,0.358995,-0.626334,0.050188,1.419374,-0.414252,10.604731
00019,13,0.739334,0.337637,-0.579640,0.058336,1.383272,-0.416140,10.527015
00020,13,0.784236,0.316754,-0.529093,0.068569,1.347170,-0.418028,10.449300
00021,13,0.824518,0.296375,-0.475167,0.080915,1.311068,-0.419917,10.371584
00022,13,0.859893,0.276515,-0.418363,0.095369,1.274966,-0.421805,10.293868
00023,13,0.890121,0.257176,-0.359198,0.111894,1.238865,-0.423693,10.216152
00024,13,0.915018,0.238347,-0.298199,0.130423,1.202763,-0.425582,10.138437
00025,13,0.934447,0.220011,-0.235891,0.150859,1.166661,-0.427470,10.060721
00026,13,0.948328,0.202141,-0.172793,0.173078,1.130559,-0.429359,9.983005
00027,13,0.956625,0.184705,-0.109410,0.196932,1.094457,-0.431247,9.905290
00028,13,0.959351,0.167669,-0.046230,0.222252,1.058355,-0.433135,9.827574
00029,13,0.956560,0.150995,0.016285,0.248852,1.022253,-0.435024,9.749858
00030,13,0.948348,0.134647,0.077700,0.276529,0.986151,-0.436912,9.672142
00031,13,0.934842,0.118591,0.137610,0.305072,0.950049,-0.438801,9.594427
00032,13,0.916203,0.102796,0.195639,0.334260,0.913948,-0.440689,9.516711
00033,13,0.892616,0.087238,0.251445,0.363868,0.877846,-0.442577,9.438995
00034,13,0.864293,0.071896,0.304719,0.393669,0.841744,-0.444466,9.361279
00035,13,0.831461,0.056759,0.355181,0.423435,0.805642,-0.446354,9.283564
00036,13,0.794367,0.041821,0.402584,0.452943,0.769540,-0.448243,9.205848
00037,13,0.753271,0.027087,0.446708,0.481975,0.733438,-0.450131,9.128132
00038,13,0.708444,0.012567,0.487362,0.510320,0.697336,-0.452019,9.050417
00039,13,0.660167,-0.001720,0.524380,0.537775,0.661234,-0.453908,8.972701
00040,13,0.608728,-0.015744,0.557619,0.564149,0.625132,-0.455796,8.894985
00041,13,0.554421,-0.029473,0.586960,0.589260,0.589031,-0.457685,8.817269
00042,13,0.497546,-0.042863,0.612302,0.612941,0.552929,-0.459573,8.739554
00043,13,0.438408,-0.055868,0.633564,0.635038,0.516827,-0.461461,8.661838
00044,13,0.377315,-0.068435,0.650682,0.655410,0.480725,-0.463350,8.584122
00045,13,0.314580,-0.080506,0.663606,0.673933,0.444623,-0.465238,8.506406
00046,13,0.250516,-0.092022,0.672302,0.690495,0.408521,-0.467127,8.428691
00047,13,0.185443,-0.102922,0.676748,0.705003,0.372419,-0.469015,8.350975
00048,13,0.119682,-0.113142,0.676937,0.717378,0.336317,-0.470903,8.273259
00049,13,0.053556,-0.122621,0.672871,0.727558,0.300215,-0.472792,8.195544
00050,13,-0.012607,-0.131301,0.664566,0.735495,0.264114,-0.474680,8.117828
00051,13,-0.078477,-0.139126,0.652048,0.741160,0.228012,-0.476569,8.040112
00052,13,-0.143720,-0.146045,0.635358,0.744537,0.191910,-0.478457,7.962396
00053,13,-0.208001,-0.152014,0.614544,0.745628,0.155808,-0.480345,7.884681
00054,13,-0.270982,-0.156999,0.589673,0.744450,0.119706,-0.482234,7.806965
00055,13,-0.332323,-0.160972,0.560821,0.741032,0.083604,-0.484122,7.729249
00056,13,-0.391682,-0.163919,0.528080,0.735423,0.047502,-0.486011,7.651534
00057,13,-0.448718,-0.165836,0.491560,0.727681,0.011400,-0.487899,7.573818
00058,13,-0.503089,-0.166734,0.451385,0.717880,-0.024702,-0.489787,7.496102
00059,13,-0.554456,-0.166640,0.407702,0.706108,-0.060804,-0.491676,7.418386
00060,13,-0.602485,-0.165593,0.360675,0.692462,-0.096905,-0.493564,7.340671
00061,13,-0.646847,-0.163652,0.310492,0.677053,-0.133007,-0.495453,7.262955
00062,13,-0.687222,-0.160891,0.257366,0.660002,-0.169109,-0.497341,7.185239
00063,13,-0.723302,-0.157404,0.201533,0.641438,-0.205211,-0.499229,7.107523
00064,13,-0.754795,-0.153299,0.143260,0.621499,-0.241313,-0.501118,7.029808
00065,13,-0.781427,-0.148705,0.082837,0.600330,-0.277415,-0.503006,6.952092
00066,13,-0.802950,-0.143765,0.020588,0.578082,-0.313517,-0.504894,6.874376
00067,13,-0.819143,-0.138637,-0.043137,0.554909,-0.349619,-0.506783,6.796661
00068,13,-0.829817,-0.133494,-0.107959,0.530968,-0.385721,-0.508671,6.718945
00069,13,-0.834824,-0.128520,-0.173470,0.506418,-0.421822,-0.510560,6.641229
00070,13,-0.834057,-0.123907,-0.239239,0.481415,-0.457924,-0.512448,6.563513
00071,13,-0.827458,-0.119853,-0.304811,0.456112,-0.494026,-0.514336,6.485798
00072,13,-0.815021,-0.116559,-0.369714,0.430658,-0.530128,-0.516225,6.408082
00073,13,-0.796794,-0.114224,-0.433461,0.405195,-0.566230,-0.518113,6.330366
00074,13,-0.772886,-0.113039,-0.495559,0.379856,-0.602332,-0.520002,6.252650
00075,13,-0.743462,-0.113187,-0.555513,0.354764,-0.638434,-0.521890,6.174935
00076,13,-0.708750,-0.114836,-0.612835,0.330028,-0.674536,-0.523778,6.097219
00077,13,-0.669034,-0.118134,-0.667051,0.305745,-0.710638,-0.525667,6.019503
00078,13,-0.624655,-0.123209,-0.717706,0.281998,-0.746739,-0.527555,5.941788
00079,13,-0.576005,-0.130161,-0.764376,0.258853,-0.782841,-0.529444,5.864072
00080,13,-0.523520,-0.139061,-0.806673,0.236361,-0.818943,-0.531332,5.786356
00081,13,-0.467678,-0.149952,-0.844249,0.214558,-0.855045,-0.533220,5.708640
00082,13,-0.408985,-0.162844,-0.876804,0.193462,-0.891147,-0.535109,5.630925
00083,13,-0.347972,-0.177712,-0.904089,0.173080,-0.927249,-0.536997,5.553209
00084,13,-0.285182,-0.194504,-0.925908,0.153404,-0.963351,-0.538886,5.475493
00085,13,-0.221165,-0.213134,-0.942121,0.134416,-0.999453,-0.540774,5.397778
00086,13,-0.156466,-0.233488,-0.952641,0.116086,-1.035555,-0.542662,5.320062
00087,13,-0.091621,-0.255426,-0.957436,0.098379,-1.071656,-0.544551,5.242346
00088,13,-0.027148,-0.278783,-0.956525,0.081251,-1.107758,-0.546439,5.164630
00089,13,0.036461,-0.303376,-0.949975,0.064659,-1.143860,-0.548328,5.086915
00090,13,0.098739,-0.329005,-0.937896,0.048556,-1.179962,-0.550216,5.009199
00091,13,0.159254,-0.355456,-0.920438,0.032895,-1.216064,-0.552104,4.931483
00092,13,0.217608,-0.382505,-0.897789,0.017633,-1.252166,-0.553993,4.853767
00093,13,0.273438,-0.409924,-0.870164,0.002730,-1.288268,-0.555881,4.776052
00094,13,0.326420,-0.437480,-0.837807,-0.011846,-1.324370,-0.557770,4.698336
00095,13,0.376267,-0.464940,-0.800981,-0.026122,-1.360472,-0.559658,4.620620
00096,13,0.422724,-0.492077,-0.759970,-0.040120,-1.396574,-0.561546,4.542905
00097,13,0.465576,-0.518667,-0.715069,-0.053849,-1.432675,-0.563435,4.465189
00098,13,0.504638,-0.544493,-0.666586,-0.067314,-1.468777,-0.565323,4.387473
00099,13,0.539754,-0.569350,-0.614837,-0.080508,-1.504879,-0.567212,4.309757
