00000,11,0.893693,-0.415744,-0.071195,0.152974,0.991205,-1.132715,6.695162
00001,11,0.878907,-0.448619,-0.043418,0.156137,0.996082,-1.141677,6.683950
00002,11,0.862022,-0.480641,-0.015885,0.160155,1.000959,-1.150638,6.672739
00003,11,0.843064,-0.511754,0.011264,0.164998,1.005837,-1.159600,6.661528
00004,11,0.822066,-0.541900,0.037894,0.170631,1.010714,-1.168562,6.650316
00005,11,0.799071,-0.571029,0.063869,0.177009,1.015591,-1.177524,6.639105
00006,11,0.774128,-0.599090,0.089059,0.184080,1.020468,-1.186486,6.627893
00007,11,0.747295,-0.626036,0.113341,0.191785,1.025345,-1.195448,6.616682
00008,11,0.718640,-0.651825,0.136593,0.200059,1.030222,-1.204410,6.605470
00009,11,0.688234,-0.676415,0.158704,0.208828,1.035099,-1.213372,6.594259
00010,11,0.656159,-0.699770,0.179569,0.218017,1.039976,-1.222334,6.583048
00011,11,0.622501,-0.721858,0.199092,0.227542,1.044853,-1.231296,6.571836
00012,11,0.587355,-0.742648,0.217184,0.237318,1.049730,-1.240258,6.560625
00013,11,0.550817,-0.762114,0.233769,0.247254,1.054608,-1.249220,6.549413
00014,11,0.512992,-0.780234,0.248779,0.257259,1.059485,-1.258182,6.538202
00015,11,0.473987,-0.796990,0.262157,0.267238,1.064362,-1.267144,6.526991
00016,11,0.433912,-0.812367,0.273857,0.277096,1.069239,-1.276106,6.515779
00017,11,0.392881,-0.826352,0.283844,0.286738,1.074116,-1.285067,6.504568
00018,11,0.351009,-0.838937,0.292095,0.296069,1.078993,-1.294029,6.493356
00019,11,0.308413,-0.850117,0.298594,0.304997,1.083870,-1.302991,6.482145
00020,11,0.265211,-0.859889,0.303341,0.313429,1.088747,-1.311953,6.470934
00021,11,0.221518,-0.868254,0.306343,0.321277,1.093624,-1.320915,6.459722
00022,11,0.177453,-0.875213,0.307618,0.328456,1.098501,-1.329877,6.448511
00023,11,0.133131,-0.880772,0.307194,0.334885,1.103379,-1.338839,6.437299
00024,11,0.088665,-0.884938,0.305108,0.340487,1.108256,-1.347801,6.426088
00025,11,0.044167,-0.887720,0.301406,0.345191,1.113133,-1.356763,6.414877
00026,11,-0.000254,-0.889128,0.296142,0.348930,1.118010,-1.365725,6.403665
00027,11,-0.044492,-0.889173,0.289376,0.351643,1.122887,-1.374687,6.392454
00028,11,-0.088445,-0.887869,0.281178,0.353276,1.127764,-1.383649,6.381242
00029,11,-0.132014,-0.885230,0.271621,0.353782,1.132641,-1.392611,6.370031
00030,11,-0.175102,-0.881271,0.260784,0.353118,1.137518,-1.401573,6.358820
00031,11,-0.217620,-0.876006,0.248753,0.351249,1.142395,-1.410535,6.347608
00032,11,-0.259480,-0.869453,0.235616,0.348148,1.147272,-1.419497,6.336397
00033,11,-0.300599,-0.861627,0.221464,0.343792,1.152150,-1.428458,6.325185
00034,11,-0.340899,-0.852544,0.206393,0.338168,1.157027,-1.437420,6.313974
00035,11,-0.380305,-0.842223,0.190499,0.331268,1.161904,-1.446382,6.302762
00036,11,-0.418747,-0.830679,0.173881,0.323091,1.166781,-1.455344,6.291551
00037,11,-0.456160,-0.817930,0.156638,0.313643,1.171658,-1.464306,6.280340
00038,11,-0.492482,-0.803994,0.138870,0.302936,1.176535,-1.473268,6.269128
00039,11,-0.527656,-0.788886,0.120676,0.290990,1.181412,-1.482230,6.257917
00040,11,-0.561627,-0.772625,0.102156,0.277829,1.186289,-1.491192,6.246705
00041,11,-0.594348,-0.755228,0.083407,0.263484,1.191166,-1.500154,6.235494
00042,11,-0.625771,-0.736713,0.064526,0.247994,1.196043,-1.509116,6.224283
00043,11,-0.655856,-0.717096,0.045607,0.231401,1.200921,-1.518078,6.213071
00044,11,-0.684563,-0.696396,0.026741,0.213753,1.205798,-1.527040,6.201860
00045,11,-0.711858,-0.674631,0.008018,0.195105,1.210675,-1.536002,6.190648
00046,11,-0.737710,-0.651820,-0.010475,0.175515,1.215552,-1.544964,6.179437
00047,11,-0.762089,-0.627980,-0.028657,0.155048,1.220429,-1.553926,6.168226
00048,11,-0.784971,-0.603133,-0.046448,0.133771,1.225306,-1.562887,6.157014
00049,11,-0.806332,-0.577297,-0.063773,0.111757,1.230183,-1.571849,6.145803
00050,11,-0.826154,-0.550494,-0.080561,0.089083,1.235060,-1.580811,6.134591
00051,11,-0.844419,-0.522746,-0.096745,0.065829,1.239937,-1.589773,6.123380
00052,11,-0.861112,-0.494076,-0.112265,0.042079,1.244814,-1.598735,6.112169
00053,11,-0.876223,-0.464508,-0.127062,0.017920,1.249692,-1.607697,6.100957
00054,11,-0.889740,-0.434067,-0.141086,-0.006557,1.254569,-1.616659,6.089746
00055,11,-0.901657,-0.402780,-0.154288,-0.031261,1.259446,-1.625621,6.078534
00056,11,-0.911969,-0.370676,-0.166629,-0.056097,1.264323,-1.634583,6.067323
00057,11,-0.920672,-0.337784,-0.178071,-0.080967,1.269200,-1.643545,6.056112
00058,11,-0.927765,-0.304137,-0.188585,-0.105773,1.274077,-1.652507,6.044900
00059,11,-0.933249,-0.269770,-0.198145,-0.130416,1.278954,-1.661469,6.033689
00060,11,-0.937127,-0.234717,-0.206734,-0.154795,1.283831,-1.670431,6.022477
00061,11,-0.939403,-0.199018,-0.214337,-0.178809,1.288708,-1.679393,6.011266
00062,11,-0.940084,-0.162715,-0.220947,-0.202356,1.293585,-1.688355,6.000054
00063,11,-0.939177,-0.125850,-0.226564,-0.225336,1.298463,-1.697317,5.988843
00064,11,-0.936693,-0.088470,-0.231191,-0.247647,1.303340,-1.706278,5.977632
00065,11,-0.932643,-0.050625,-0.234839,-0.269191,1.308217,-1.715240,5.966420
00066,11,-0.927041,-0.012366,-0.237525,-0.289869,1.313094,-1.724202,5.955209
00067,11,-0.919900,0.026250,-0.239271,-0.309586,1.317971,-1.733164,5.943997
00068,11,-0.911239,0.065166,-0.240104,-0.328247,1.322848,-1.742126,5.932786
00069,11,-0.901076,0.104319,-0.240058,-0.345763,1.327725,-1.751088,5.921575
00070,11,-0.889430,0.143645,-0.239173,-0.362045,1.332602,-1.760050,5.910363
00071,11,-0.876324,0.183074,-0.237493,-0.377010,1.337479,-1.769012,5.899152
00072,11,-0.861782,0.222536,-0.235068,-0.390579,1.342356,-1.777974,5.887940
00073,11,-0.845830,0.261954,-0.231952,-0.402678,1.347234,-1.786936,5.876729
00074,11,-0.828496,0.301251,-0.228205,-0.413237,1.352111,-1.795898,5.865518
00075,11,-0.809808,0.340345,-0.223891,-0.422195,1.356988,-1.804860,5.854306
00076,11,-0.789800,0.379151,-0.219077,-0.429495,1.361865,-1.813822,5.843095
00077,11,-0.768505,0.417581,-0.213836,-0.435087,1.366742,-1.822784,5.831883
00078,11,-0.745959,0.455545,-0.208242,-0.438930,1.371619,-1.831746,5.820672
00079,11,-0.722200,0.492951,-0.202373,-0.440989,1.376496,-1.840707,5.809461
00080,11,-0.697269,0.529703,-0.196308,-0.441241,1.381373,-1.849669,5.798249
00081,11,-0.671210,0.565704,-0.190131,-0.439667,1.386250,-1.858631,5.787038
00082,11,-0.644066,0.600855,-0.183924,-0.436261,1.391127,-1.867593,5.775826
00083,11,-0.615886,0.635058,-0.177770,-0.431025,1.396005,-1.876555,5.764615
00084,11,-0.586720,0.668213,-0.171755,-0.423971,1.400882,-1.885517,5.753404
00085,11,-0.556619,0.700218,-0.165961,-0.415123,1.405759,-1.894479,5.742192
00086,11,-0.525638,0.730975,-0.160469,-0.404511,1.410636,-1.903441,5.730981
00087,11,-0.493834,0.760385,-0.155361,-0.392180,1.415513,-1.912403,5.719769
00088,11,-0.461265,0.788352,-0.150713,-0.378182,1.420390,-1.921365,5.708558
00089,11,-0.427991,0.814780,-0.146598,-0.362581,1.425267,-1.930327,5.697346
00090,11,-0.394076,0.839580,-0.143087,-0.345450,1.430144,-1.939289,5.686135
00091,11,-0.359584,0.862662,-0.140245,-0.326871,1.435021,-1.948251,5.674924
00092,11,-0.324580,0.883944,-0.138131,-0.306936,1.439898,-1.957213,5.663712
00093,11,-0.289131,0.903348,-0.136799,-0.285747,1.444776,-1.966175,5.652501
00094,11,-0.253305,0.920801,-0.136295,-0.263411,1.449653,-1.975137,5.641289
00095,11,-0.217171,0.936237,-0.136659,-0.240046,1.454530,-1.984098,5.630078
00096,11,-0.180798,0.949595,-0.137924,-0.215773,1.459407,-1.993060,5.618867
00097,11,-0.144256,0.960825,-0.140114,-0.190720,1.464284,-2.002022,5.607655
00098,11,-0.107614,0.969880,-0.143245,-0.165021,1.469161,-2.010984,5.596444
00099,11,-0.070941,0.976726,-0.147325,-0.138812,1.474038,-2.019946,5.585232
