00000,21,0.638368,-0.522658,0.323194,0.463530,-0.301021,-0.298390,1.756050
00001,21,0.626697,-0.545993,0.278784,0.481064,-0.302526,-0.301856,1.756210
00002,21,0.614433,-0.566337,0.232703,0.497577,-0.304031,-0.305322,1.756371
00003,21,0.601697,-0.583658,0.185116,0.512870,-0.305536,-0.308789,1.756531
00004,21,0.588604,-0.597940,0.136202,0.526746,-0.307042,-0.312255,1.756692
00005,21,0.575261,-0.609193,0.086147,0.539015,-0.308547,-0.315722,1.756853
00006,21,0.561769,-0.617444,0.035149,0.549494,-0.310052,-0.319188,1.757013
00007,21,0.548219,-0.622741,-0.016587,0.558009,-0.311557,-0.322655,1.757174
00008,21,0.534696,-0.625152,-0.068851,0.564397,-0.313062,-0.326121,1.757335
00009,21,0.521274,-0.624765,-0.121423,0.568506,-0.314567,-0.329587,1.757495
00010,21,0.508015,-0.621683,-0.174083,0.570198,-0.316072,-0.333054,1.757656
00011,21,0.494974,-0.616027,-0.226604,0.569352,-0.317578,-0.336520,1.757816
00012,21,0.482193,-0.607935,-0.278762,0.565859,-0.319083,-0.339987,1.757977
00013,21,0.469703,-0.597558,-0.330328,0.559630,-0.320588,-0.343453,1.758138
00014,21,0.457526,-0.585060,-0.381078,0.550595,-0.322093,-0.346919,1.758298
00015,21,0.445669,-0.570616,-0.430789,0.538699,-0.323598,-0.350386,1.758459
00016,21,0.434132,-0.554412,-0.479242,0.523912,-0.325103,-0.353852,1.758620
00017,21,0.422901,-0.536642,-0.526223,0.506220,-0.326609,-0.357319,1.758780
00018,21,0.411955,-0.517507,-0.571526,0.485631,-0.328114,-0.360785,1.758941
00019,21,0.401259,-0.497210,-0.614953,0.462175,-0.329619,-0.364251,1.759101
00020,21,0.390772,-0.475961,-0.656315,0.435901,-0.331124,-0.367718,1.759262
00021,21,0.380441,-0.453969,-0.695432,0.406880,-0.332629,-0.371184,1.759423
00022,21,0.370208,-0.431444,-0.732137,0.375203,-0.334134,-0.374651,1.759583
00023,21,0.360004,-0.408591,-0.766278,0.340982,-0.335639,-0.378117,1.759744
00024,21,0.349756,-0.385615,-0.797712,0.304348,-0.337145,-0.381583,1.759905
00025,21,0.339385,-0.362712,-0.826313,0.265450,-0.338650,-0.385050,1.760065
00026,21,0.328807,-0.340072,-0.851972,0.224456,-0.340155,-0.388516,1.760226
00027,21,0.317933,-0.317878,-0.874592,0.181550,-0.341660,-0.391983,1.760386
00028,21,0.306673,-0.296299,-0.894096,0.136933,-0.343165,-0.395449,1.760547
00029,21,0.294936,-0.275496,-0.910421,0.090819,-0.344670,-0.398915,1.760708
00030,21,0.282630,-0.255614,-0.923523,0.043435,-0.346175,-0.402382,1.760868
00031,21,0.269662,-0.236787,-0.933375,-0.004979,-0.347681,-0.405848,1.761029
00032,21,0.255943,-0.219132,-0.939968,-0.054176,-0.349186,-0.409315,1.761190
00033,21,0.241388,-0.202750,-0.943308,-0.103899,-0.350691,-0.412781,1.761350
00034,21,0.225913,-0.187726,-0.943420,-0.153884,-0.352196,-0.416247,1.761511
00035,21,0.209442,-0.174129,-0.940347,-0.203865,-0.353701,-0.419714,1.761671
00036,21,0.191904,-0.162007,-0.934146,-0.253572,-0.355206,-0.423180,1.761832
00037,21,0.173235,-0.151393,-0.924890,-0.302733,-0.356712,-0.426647,1.761993
00038,21,0.153381,-0.142301,-0.912670,-0.351081,-0.358217,-0.430113,1.762153
00039,21,0.132296,-0.134727,-0.897589,-0.398348,-0.359722,-0.433579,1.762314
00040,21,0.109943,-0.128648,-0.879763,-0.444273,-0.361227,-0.437046,1.762475
00041,21,0.086296,-0.124026,-0.859323,-0.488603,-0.362732,-0.440512,1.762635
00042,21,0.061343,-0.120804,-0.836411,-0.531093,-0.364237,-0.443979,1.762796
00043,21,0.035080,-0.118908,-0.811179,-0.571506,-0.365742,-0.447445,1.762956
00044,21,0.007518,-0.118252,-0.783787,-0.609621,-0.367248,-0.450911,1.763117
00045,21,-0.021321,-0.118731,-0.754406,-0.645228,-0.368753,-0.454378,1.763278
00046,21,-0.051401,-0.120230,-0.723212,-0.678134,-0.370258,-0.457844,1.763438
00047,21,-0.082675,-0.122619,-0.690389,-0.708161,-0.371763,-0.461311,1.763599
00048,21,-0.115080,-0.125760,-0.656121,-0.735150,-0.373268,-0.464777,1.763760
00049,21,-0.148543,-0.129502,-0.620599,-0.758961,-0.374773,-0.468243,1.763920
00050,21,-0.182976,-0.133688,-0.584013,-0.779472,-0.376278,-0.471710,1.764081
00051,21,-0.218280,-0.138153,-0.546555,-0.796583,-0.377784,-0.475176,1.764241
00052,21,-0.254344,-0.142728,-0.508415,-0.810217,-0.379289,-0.478643,1.764402
00053,21,-0.291046,-0.147241,-0.469781,-0.820316,-0.380794,-0.482109,1.764563
00054,21,-0.328251,-0.151517,-0.430837,-0.826845,-0.382299,-0.485576,1.764723
00055,21,-0.365817,-0.155380,-0.391762,-0.829793,-0.383804,-0.489042,1.764884
00056,21,-0.403591,-0.158659,-0.352730,-0.829170,-0.385309,-0.492508,1.765045
00057,21,-0.441412,-0.161184,-0.313907,-0.825008,-0.386815,-0.495975,1.765205
00058,21,-0.479112,-0.162790,-0.275451,-0.817361,-0.388320,-0.499441,1.765366
00059,21,-0.516516,-0.163319,-0.237510,-0.806304,-0.389825,-0.502908,1.765526
00060,21,-0.553446,-0.162621,-0.200225,-0.791935,-0.391330,-0.506374,1.765687
00061,21,-0.589719,-0.160558,-0.163723,-0.774369,-0.392835,-0.509840,1.765848
00062,21,-0.625147,-0.156998,-0.128121,-0.753742,-0.394340,-0.513307,1.766008
00063,21,-0.659544,-0.151827,-0.093525,-0.730207,-0.395845,-0.516773,1.766169
00064,21,-0.692723,-0.144942,-0.060027,-0.703934,-0.397351,-0.520240,1.766330
00065,21,-0.724497,-0.136255,-0.027708,-0.675108,-0.398856,-0.523706,1.766490
00066,21,-0.754682,-0.125693,0.003367,-0.643929,-0.400361,-0.527172,1.766651
00067,21,-0.783099,-0.113202,0.033142,-0.610608,-0.401866,-0.530639,1.766811
00068,21,-0.809574,-0.098744,0.061578,-0.575367,-0.403371,-0.534105,1.766972
00069,21,-0.833938,-0.082299,0.088646,-0.538439,-0.404876,-0.537572,1.767133
00070,21,-0.856030,-0.063865,0.114331,-0.500062,-0.406381,-0.541038,1.767293
00071,21,-0.875699,-0.043460,0.138632,-0.460482,-0.407887,-0.544504,1.767454
00072,21,-0.892804,-0.021120,0.161557,-0.419945,-0.409392,-0.547971,1.767615
00073,21,-0.907215,0.003098,0.183128,-0.378703,-0.410897,-0.551437,1.767775
00074,21,-0.918812,0.029123,0.203378,-0.337006,-0.412402,-0.554904,1.767936
00075,21,-0.927493,0.056860,0.222349,-0.295102,-0.413907,-0.558370,1.768096
00076,21,-0.933165,0.086200,0.240092,-0.253236,-0.415412,-0.561836,1.768257
00077,21,-0.935752,0.117016,0.256670,-0.211648,-0.416918,-0.565303,1.768418
00078,21,-0.935195,0.149163,0.272151,-0.170570,-0.418423,-0.568769,1.768578
00079,21,-0.931448,0.182482,0.286609,-0.130226,-0.419928,-0.572236,1.768739
00080,21,-0.924484,0.216800,0.300127,-0.090830,-0.421433,-0.575702,1.768900
00081,21,-0.914291,0.251929,0.312790,-0.052584,-0.422938,-0.579168,1.769060
00082,21,-0.900876,0.287670,0.324687,-0.015675,-0.424443,-0.582635,1.769221
00083,21,-0.884261,0.323814,0.335912,0.019722,-0.425948,-0.586101,1.769381
00084,21,-0.864488,0.360142,0.346556,0.053449,-0.427454,-0.589568,1.769542
00085,21,-0.841613,0.396429,0.356714,0.085363,-0.428959,-0.593034,1.769703
00086,21,-0.815711,0.432441,0.366478,0.115340,-0.430464,-0.596500,1.769863
00087,21,-0.786873,0.467945,0.375939,0.143274,-0.431969,-0.599967,1.770024
00088,21,-0.755207,0.502701,0.385185,0.169077,-0.433474,-0.603433,1.770185
00089,21,-0.720833,0.536472,0.394299,0.192681,-0.434979,-0.606900,1.770345
00090,21,-0.683890,0.569020,0.403359,0.214037,-0.436484,-0.610366,1.770506
00091,21,-0.644528,0.600113,0.412437,0.233115,-0.437990,-0.613832,1.770666
00092,21,-0.602912,0.629521,0.421599,0.249907,-0.439495,-0.617299,1.770827
00093,21,-0.559218,0.657024,0.430902,0.264421,-0.441000,-0.620765,1.770988
00094,21,-0.513632,0.682407,0.440395,0.276685,-0.442505,-0.624232,1.771148
00095,21,-0.466352,0.705469,0.450117,0.286748,-0.444010,-0.627698,1.771309
00096,21,-0.417582,0.726019,0.460098,0.294672,-0.445515,-0.631164,1.771470
00097,21,-0.367537,0.743879,0.470358,0.300540,-0.447021,-0.634631,1.771630
00098,21,-0.316433,0.758889,0.480905,0.304448,-0.448526,-0.638097,1.771791
00099,21,-0.264495,0.770901,0.491737,0.306510,-0.450031,-0.641564,1.771951
