00000,6,0.394342,0.776636,0.481621,0.096811,8.604156,6.011406,37.712671
00001,6,0.386217,0.773877,0.492043,0.099216,8.593704,5.960761,37.750124
00002,6,0.378017,0.770975,0.502372,0.101598,8.583252,5.910117,37.787577
00003,6,0.369743,0.767932,0.512605,0.103957,8.572800,5.859472,37.825030
00004,6,0.361396,0.764746,0.522741,0.106292,8.562348,5.808827,37.862483
00005,6,0.352977,0.761420,0.532778,0.108602,8.551896,5.758182,37.899936
00006,6,0.344489,0.757953,0.542714,0.110888,8.541444,5.707538,37.937389
00007,6,0.335932,0.754347,0.552546,0.113150,8.530992,5.656893,37.974842
00008,6,0.327308,0.750602,0.562274,0.115386,8.520541,5.606248,38.012295
00009,6,0.318620,0.746719,0.571894,0.117596,8.510089,5.555603,38.049748
00010,6,0.309868,0.742699,0.581406,0.119781,8.499637,5.504958,38.087201
00011,6,0.301054,0.738541,0.590808,0.121939,8.489185,5.454314,38.124654
00012,6,0.292180,0.734248,0.600097,0.124070,8.478733,5.403669,38.162107
00013,6,0.283247,0.729821,0.609273,0.126174,8.468281,5.353024,38.199561
00014,6,0.274257,0.725259,0.618332,0.128251,8.457829,5.302379,38.237014
00015,6,0.265212,0.720564,0.627274,0.130301,8.447377,5.251735,38.274467
00016,6,0.256114,0.715736,0.636096,0.132322,8.436925,5.201090,38.311920
00017,6,0.246963,0.710777,0.644798,0.134315,8.426474,5.150445,38.349373
00018,6,0.237762,0.705688,0.653377,0.136280,8.416022,5.099800,38.386826
00019,6,0.228512,0.700470,0.661831,0.138215,8.405570,5.049156,38.424279
00020,6,0.219216,0.695123,0.670160,0.140122,8.395118,4.998511,38.461732
00021,6,0.209875,0.689648,0.678361,0.141999,8.384666,4.947866,38.499185
00022,6,0.200490,0.684048,0.686433,0.143846,8.374214,4.897221,38.536638
00023,6,0.191063,0.678322,0.694375,0.145663,8.363762,4.846576,38.574091
00024,6,0.181597,0.672472,0.702184,0.147450,8.353310,4.795932,38.611544
00025,6,0.172092,0.666499,0.709860,0.149206,8.342858,4.745287,38.648997
00026,6,0.162551,0.660404,0.717400,0.150932,8.332407,4.694642,38.686450
00027,6,0.152975,0.654189,0.724804,0.152626,8.321955,4.643997,38.723903
00028,6,0.143367,0.647854,0.732070,0.154289,8.311503,4.593353,38.761357
00029,6,0.133727,0.641400,0.739196,0.155921,8.301051,4.542708,38.798810
00030,6,0.124058,0.634830,0.746182,0.157520,8.290599,4.492063,38.836263
00031,6,0.114362,0.628144,0.753026,0.159088,8.280147,4.441418,38.873716
00032,6,0.104640,0.621343,0.759726,0.160624,8.269695,4.390773,38.911169
00033,6,0.094894,0.614429,0.766281,0.162127,8.259243,4.340129,38.948622
00034,6,0.085126,0.607404,0.772690,0.163597,8.248791,4.289484,38.986075
00035,6,0.075338,0.600267,0.778953,0.165035,8.238340,4.238839,39.023528
00036,6,0.065532,0.593022,0.785066,0.166439,8.227888,4.188194,39.060981
00037,6,0.055709,0.585668,0.791030,0.167811,8.217436,4.137550,39.098434
00038,6,0.045871,0.578208,0.796844,0.169149,8.206984,4.086905,39.135887
00039,6,0.036021,0.570643,0.802505,0.170453,8.196532,4.036260,39.173340
00040,6,0.026159,0.562975,0.808014,0.171724,8.186080,3.985615,39.210793
00041,6,0.016288,0.555204,0.813368,0.172961,8.175628,3.934971,39.248246
00042,6,0.006410,0.547333,0.818567,0.174164,8.165176,3.884326,39.285699
00043,6,-0.003474,0.539363,0.823611,0.175332,8.154724,3.833681,39.323152
00044,6,-0.013361,0.531295,0.828497,0.176467,8.144273,3.783036,39.360606
00045,6,-0.023250,0.523130,0.833225,0.177566,8.133821,3.732391,39.398059
00046,6,-0.033139,0.514872,0.837794,0.178632,8.123369,3.681747,39.435512
00047,6,-0.043026,0.506520,0.842204,0.179662,8.112917,3.631102,39.472965
00048,6,-0.052910,0.498077,0.846453,0.180658,8.102465,3.580457,39.510418
00049,6,-0.062788,0.489544,0.850541,0.181619,8.092013,3.529812,39.547871
00050,6,-0.072658,0.480922,0.854466,0.182545,8.081561,3.479168,39.585324
00051,6,-0.082519,0.472214,0.858228,0.183436,8.071109,3.428523,39.622777
00052,6,-0.092369,0.463421,0.861827,0.184292,8.060657,3.377878,39.660230
00053,6,-0.102205,0.454545,0.865261,0.185112,8.050206,3.327233,39.697683
00054,6,-0.112027,0.445587,0.868530,0.185898,8.039754,3.276588,39.735136
00055,6,-0.121833,0.436550,0.871633,0.186647,8.029302,3.225944,39.772589
00056,6,-0.131619,0.427434,0.874570,0.187362,8.018850,3.175299,39.810042
00057,6,-0.141385,0.418241,0.877340,0.188041,8.008398,3.124654,39.847495
00058,6,-0.151129,0.408974,0.879942,0.188684,7.997946,3.074009,39.884948
00059,6,-0.160849,0.399633,0.882377,0.189292,7.987494,3.023365,39.922402
00060,6,-0.170543,0.390222,0.884643,0.189864,7.977042,2.972720,39.959855
00061,6,-0.180209,0.380740,0.886741,0.190401,7.966590,2.922075,39.997308
00062,6,-0.189846,0.371191,0.888669,0.190902,7.956139,2.871430,40.034761
00063,6,-0.199451,0.361576,0.890427,0.191368,7.945687,2.820786,40.072214
00064,6,-0.209023,0.351897,0.892015,0.191798,7.935235,2.770141,40.109667
00065,6,-0.218560,0.342156,0.893433,0.192192,7.924783,2.719496,40.147120
00066,6,-0.228060,0.332354,0.894681,0.192550,7.914331,2.668851,40.184573
00067,6,-0.237521,0.322493,0.895758,0.192874,7.903879,2.618206,40.222026
00068,6,-0.246942,0.312576,0.896663,0.193161,7.893427,2.567562,40.259479
00069,6,-0.256321,0.302603,0.897397,0.193413,7.882975,2.516917,40.296932
00070,6,-0.265656,0.292578,0.897960,0.193629,7.872524,2.466272,40.334385
00071,6,-0.274945,0.282501,0.898352,0.193810,7.862072,2.415627,40.371838
00072,6,-0.284187,0.272375,0.898572,0.193956,7.851620,2.364983,40.409291
00073,6,-0.293379,0.262201,0.898620,0.194066,7.841168,2.314338,40.446744
00074,6,-0.302521,0.251982,0.898496,0.194141,7.830716,2.263693,40.484197
00075,6,-0.311609,0.241719,0.898201,0.194181,7.820264,2.213048,40.521651
00076,6,-0.320643,0.231414,0.897734,0.194186,7.809812,2.162403,40.559104
00077,6,-0.329621,0.221070,0.897096,0.194156,7.799360,2.111759,40.596557
00078,6,-0.338541,0.210688,0.896286,0.194090,7.788908,2.061114,40.634010
00079,6,-0.347402,0.200270,0.895305,0.193990,7.778457,2.010469,40.671463
00080,6,-0.356201,0.189818,0.894153,0.193856,7.768005,1.959824,40.708916
00081,6,-0.364937,0.179334,0.892830,0.193686,7.757553,1.909180,40.746369
00082,6,-0.373608,0.168819,0.891337,0.193482,7.747101,1.858535,40.783822
00083,6,-0.382214,0.158277,0.889673,0.193244,7.736649,1.807890,40.821275
00084,6,-0.390751,0.147709,0.887839,0.192971,7.726197,1.757245,40.858728
00085,6,-0.399219,0.137116,0.885835,0.192664,7.715745,1.706601,40.896181
00086,6,-0.407615,0.126501,0.883662,0.192323,7.705293,1.655956,40.933634
00087,6,-0.415939,0.115866,0.881320,0.191949,7.694841,1.605311,40.971087
00088,6,-0.424188,0.105212,0.878810,0.191540,7.684390,1.554666,41.008540
00089,6,-0.432362,0.094543,0.876131,0.191098,7.673938,1.504021,41.045993
00090,6,-0.440458,0.083859,0.873286,0.190623,7.663486,1.453377,41.083446
00091,6,-0.448475,0.073162,0.870273,0.190115,7.653034,1.402732,41.120900
00092,6,-0.456411,0.062456,0.867093,0.189573,7.642582,1.352087,41.158353
00093,6,-0.464265,0.051741,0.863748,0.188999,7.632130,1.301442,41.195806
00094,6,-0.472035,0.041019,0.860238,0.188392,7.621678,1.250798,41.233259
00095,6,-0.479720,0.030294,0.856563,0.187752,7.611226,1.200153,41.270712
00096,6,-0.487319,0.019566,0.852724,0.187080,7.600774,1.149508,41.308165
00097,6,-0.494830,0.008837,0.848722,0.186376,7.590323,1.098863,41.345618
00098,6,-0.502251,-0.001889,0.844558,0.185641,7.579871,1.048219,41.383071
00099,6,-0.509581,-0.012613,0.840232,0.184873,7.569419,0.997574,41.420524
