00000,22,0.311528,0.395178,-0.064376,-0.861766,-0.263136,0.281343,2.610218
00001,22,0.267547,0.399980,-0.053357,-0.874978,-0.273133,0.288966,2.618809
00002,22,0.222839,0.405420,-0.042666,-0.885527,-0.283130,0.296590,2.627401
00003,22,0.177590,0.411488,-0.032293,-0.893362,-0.293126,0.304213,2.635992
00004,22,0.131993,0.418171,-0.022229,-0.898452,-0.303123,0.311836,2.644584
00005,22,0.086239,0.425446,-0.012462,-0.900779,-0.313120,0.319460,2.653175
00006,22,0.040518,0.433288,-0.002977,-0.900339,-0.323117,0.327083,2.661767
00007,22,-0.004981,0.441666,0.006241,-0.897144,-0.333114,0.334707,2.670359
00008,22,-0.050076,0.450544,0.015206,-0.891219,-0.343111,0.342330,2.678950
00009,22,-0.094588,0.459882,0.023938,-0.882603,-0.353107,0.349953,2.687542
00010,22,-0.138346,0.469637,0.032451,-0.871349,-0.363104,0.357577,2.696133
00011,22,-0.181189,0.479761,0.040765,-0.857519,-0.373101,0.365200,2.704725
00012,22,-0.222963,0.490204,0.048895,-0.841188,-0.383098,0.372823,2.713317
00013,22,-0.263523,0.500916,0.056857,-0.822439,-0.393095,0.380447,2.721908
00014,22,-0.302737,0.511841,0.064667,-0.801366,-0.403091,0.388070,2.730500
00015,22,-0.340482,0.522924,0.072339,-0.778067,-0.413088,0.395694,2.739091
00016,22,-0.376646,0.534111,0.079886,-0.752649,-0.423085,0.403317,2.747683
00017,22,-0.411130,0.545345,0.087318,-0.725221,-0.433082,0.410940,2.756274
00018,22,-0.443842,0.556571,0.094644,-0.695899,-0.443079,0.418564,2.764866
00019,22,-0.474704,0.567732,0.101873,-0.664799,-0.453076,0.426187,2.773458
00020,22,-0.503646,0.578776,0.109010,-0.632041,-0.463072,0.433810,2.782049
00021,22,-0.530609,0.589649,0.116057,-0.597745,-0.473069,0.441434,2.790641
00022,22,-0.555542,0.600300,0.123017,-0.562031,-0.483066,0.449057,2.799232
00023,22,-0.578403,0.610681,0.129888,-0.525022,-0.493063,0.456680,2.807824
00024,22,-0.599159,0.620743,0.136668,-0.486836,-0.503060,0.464304,2.816415
00025,22,-0.617781,0.630443,0.143351,-0.447592,-0.513057,0.471927,2.825007
00026,22,-0.634251,0.639738,0.149931,-0.407408,-0.523053,0.479551,2.833599
00027,22,-0.648554,0.648589,0.156400,-0.366400,-0.533050,0.487174,2.842190
00028,22,-0.660682,0.656959,0.162747,-0.324681,-0.543047,0.494797,2.850782
00029,22,-0.670630,0.664815,0.168961,-0.282364,-0.553044,0.502421,2.859373
00030,22,-0.678398,0.672125,0.175027,-0.239559,-0.563041,0.510044,2.867965
00031,22,-0.683993,0.678862,0.180933,-0.196374,-0.573037,0.517667,2.876556
00032,22,-0.687420,0.685001,0.186662,-0.152916,-0.583034,0.525291,2.885148
00033,22,-0.688692,0.690521,0.192199,-0.109289,-0.593031,0.532914,2.893740
00034,22,-0.687821,0.695401,0.197527,-0.065598,-0.603028,0.540537,2.902331
00035,22,-0.684823,0.699627,0.202628,-0.021943,-0.613025,0.548161,2.910923
00036,22,-0.679717,0.703185,0.207485,0.021574,-0.623022,0.555784,2.919514
00037,22,-0.672522,0.706066,0.212081,0.064853,-0.633018,0.563408,2.928106
00038,22,-0.663262,0.708262,0.216399,0.107796,-0.643015,0.571031,2.936698
00039,22,-0.651959,0.709769,0.220422,0.150303,-0.653012,0.578654,2.945289
00040,22,-0.638640,0.710586,0.224134,0.192277,-0.663009,0.586278,2.953881
00041,22,-0.623332,0.710713,0.227521,0.233620,-0.673006,0.593901,2.962472
00042,22,-0.606066,0.710155,0.230568,0.274232,-0.683002,0.601524,2.971064
00043,22,-0.586872,0.708916,0.233264,0.314017,-0.692999,0.609148,2.979655
00044,22,-0.565786,0.707007,0.235597,0.352875,-0.702996,0.616771,2.988247
00045,22,-0.542843,0.704438,0.237560,0.390708,-0.712993,0.624395,2.996839
00046,22,-0.518085,0.701222,0.239145,0.427417,-0.722990,0.632018,3.005430
00047,22,-0.491553,0.697375,0.240349,0.462901,-0.732987,0.639641,3.014022
00048,22,-0.463293,0.692912,0.241170,0.497060,-0.742983,0.647265,3.022613
00049,22,-0.433357,0.687855,0.241608,0.529794,-0.752980,0.654888,3.031205
00050,22,-0.401798,0.682224,0.241670,0.561003,-0.762977,0.662511,3.039796
00051,22,-0.368675,0.676041,0.241360,0.590587,-0.772974,0.670135,3.048388
00052,22,-0.334054,0.669330,0.240691,0.618444,-0.782971,0.677758,3.056980
00053,22,-0.298004,0.662117,0.239677,0.644476,-0.792967,0.685381,3.065571
00054,22,-0.260600,0.654429,0.238335,0.668586,-0.802964,0.693005,3.074163
00055,22,-0.221926,0.646293,0.236687,0.690676,-0.812961,0.700628,3.082754
00056,22,-0.182070,0.637739,0.234757,0.710653,-0.822958,0.708252,3.091346
00057,22,-0.141130,0.628796,0.232575,0.728428,-0.832955,0.715875,3.099937
00058,22,-0.099209,0.619494,0.230173,0.743912,-0.842952,0.723498,3.108529
00059,22,-0.056418,0.609863,0.227587,0.757026,-0.852948,0.731122,3.117121
00060,22,-0.012876,0.599936,0.224858,0.767691,-0.862945,0.738745,3.125712
00061,22,0.031289,0.589742,0.222028,0.775841,-0.872942,0.746368,3.134304
00062,22,0.075943,0.579313,0.219143,0.781412,-0.882939,0.753992,3.142895
00063,22,0.120944,0.568680,0.216252,0.784353,-0.892936,0.761615,3.151487
00064,22,0.166143,0.557873,0.213407,0.784622,-0.902933,0.769238,3.160079
00065,22,0.211387,0.546921,0.210660,0.782186,-0.912929,0.776862,3.168670
00066,22,0.256513,0.535853,0.208067,0.777027,-0.922926,0.784485,3.177262
00067,22,0.301357,0.524698,0.205683,0.769136,-0.932923,0.792109,3.185853
00068,22,0.345750,0.513481,0.203564,0.758522,-0.942920,0.799732,3.194445
00069,22,0.389522,0.502227,0.201767,0.745205,-0.952917,0.807355,3.203036
00070,22,0.432499,0.490960,0.200346,0.729221,-0.962913,0.814979,3.211628
00071,22,0.474511,0.479702,0.199355,0.710621,-0.972910,0.822602,3.220220
00072,22,0.515387,0.468473,0.198846,0.689470,-0.982907,0.830225,3.228811
00073,22,0.554961,0.457290,0.198866,0.665850,-0.992904,0.837849,3.237403
00074,22,0.593071,0.446170,0.199461,0.639855,-1.002901,0.845472,3.245994
00075,22,0.629563,0.435126,0.200672,0.611593,-1.012898,0.853096,3.254586
00076,22,0.664289,0.424169,0.202536,0.581188,-1.022894,0.860719,3.263177
00077,22,0.697112,0.413310,0.205083,0.548772,-1.032891,0.868342,3.271769
00078,22,0.727904,0.402554,0.208341,0.514491,-1.042888,0.875966,3.280361
00079,22,0.756549,0.391907,0.212328,0.478496,-1.052885,0.883589,3.288952
00080,22,0.782944,0.381372,0.217061,0.440951,-1.062882,0.891212,3.297544
00081,22,0.806998,0.370950,0.222547,0.402023,-1.072878,0.898836,3.306135
00082,22,0.828634,0.360641,0.228788,0.361882,-1.082875,0.906459,3.314727
00083,22,0.847789,0.350442,0.235781,0.320705,-1.092872,0.914082,3.323318
00084,22,0.864411,0.340350,0.243516,0.278668,-1.102869,0.921706,3.331910
00085,22,0.878464,0.330360,0.251977,0.235946,-1.112866,0.929329,3.340502
00086,22,0.889925,0.320467,0.261144,0.192713,-1.122863,0.936953,3.349093
00087,22,0.898782,0.310664,0.270991,0.149141,-1.132859,0.944576,3.357685
00088,22,0.905035,0.300945,0.281488,0.105397,-1.142856,0.952199,3.366276
00089,22,0.908696,0.291302,0.292599,0.061644,-1.152853,0.959823,3.374868
00090,22,0.909787,0.281730,0.304287,0.018036,-1.162850,0.967446,3.383460
00091,22,0.908338,0.272222,0.316508,-0.025275,-1.172847,0.975069,3.392051
00092,22,0.904390,0.262771,0.329220,-0.068148,-1.182843,0.982693,3.400643
00093,22,0.897989,0.253374,0.342373,-0.110448,-1.192840,0.990316,3.409234
00094,22,0.889188,0.244025,0.355919,-0.152047,-1.202837,0.997939,3.417826
00095,22,0.878047,0.234723,0.369806,-0.192826,-1.212834,1.005563,3.426417
00096,22,0.864630,0.225464,0.383984,-0.232672,-1.222831,1.013186,3.435009
00097,22,0.849006,0.216250,0.398399,-0.271482,-1.232828,1.020810,3.443601
00098,22,0.831247,0.207081,0.412999,-0.309158,-1.242824,1.028433,3.452192
00099,22,0.811427,0.197960,0.427729,-0.345610,-1.252821,1.036056,3.460784
