00000,16,0.170780,-0.059673,-0.868889,-0.460766,-2.180058,-0.742548,8.216742
00001,16,0.184776,-0.029427,-0.862950,-0.469370,-2.186050,-0.740569,8.210932
00002,16,0.198475,0.000904,-0.855992,-0.477372,-2.192042,-0.738589,8.205123
00003,16,0.211861,0.031284,-0.848026,-0.484756,-2.198035,-0.736610,8.199314
00004,16,0.224921,0.061675,-0.839063,-0.491508,-2.204027,-0.734631,8.193505
00005,16,0.237642,0.092041,-0.829116,-0.497616,-2.210019,-0.732652,8.187696
00006,16,0.250012,0.122345,-0.818199,-0.503067,-2.216012,-0.730673,8.181887
00007,16,0.262019,0.152549,-0.806327,-0.507850,-2.222004,-0.728694,8.176078
00008,16,0.273651,0.182616,-0.793517,-0.511955,-2.227997,-0.726715,8.170269
00009,16,0.284899,0.212510,-0.779785,-0.515371,-2.233989,-0.724735,8.164459
00010,16,0.295752,0.242192,-0.765151,-0.518091,-2.239981,-0.722756,8.158650
00011,16,0.306202,0.271627,-0.749632,-0.520107,-2.245974,-0.720777,8.152841
00012,16,0.316240,0.300776,-0.733250,-0.521412,-2.251966,-0.718798,8.147032
00013,16,0.325859,0.329604,-0.716025,-0.522001,-2.257958,-0.716819,8.141223
00014,16,0.335052,0.358073,-0.697980,-0.521870,-2.263951,-0.714840,8.135414
00015,16,0.343811,0.386148,-0.679137,-0.521015,-2.269943,-0.712860,8.129605
00016,16,0.352132,0.413793,-0.659520,-0.519434,-2.275936,-0.710881,8.123795
00017,16,0.360010,0.440972,-0.639153,-0.517126,-2.281928,-0.708902,8.117986
00018,16,0.367440,0.467650,-0.618063,-0.514091,-2.287920,-0.706923,8.112177
00019,16,0.374419,0.493792,-0.596275,-0.510329,-2.293913,-0.704944,8.106368
00020,16,0.380943,0.519365,-0.573815,-0.505844,-2.299905,-0.702965,8.100559
00021,16,0.387010,0.544335,-0.550712,-0.500638,-2.305897,-0.700986,8.094750
00022,16,0.392619,0.568669,-0.526994,-0.494716,-2.311890,-0.699006,8.088941
00023,16,0.397768,0.592334,-0.502688,-0.488083,-2.317882,-0.697027,8.083132
00024,16,0.402458,0.615300,-0.477825,-0.480746,-2.323875,-0.695048,8.077322
00025,16,0.406687,0.637535,-0.452435,-0.472713,-2.329867,-0.693069,8.071513
00026,16,0.410456,0.659009,-0.426547,-0.463994,-2.335859,-0.691090,8.065704
00027,16,0.413768,0.679694,-0.400193,-0.454597,-2.341852,-0.689111,8.059895
00028,16,0.416623,0.699560,-0.373404,-0.444534,-2.347844,-0.687131,8.054086
00029,16,0.419024,0.718581,-0.346211,-0.433818,-2.353836,-0.685152,8.048277
00030,16,0.420974,0.736730,-0.318647,-0.422462,-2.359829,-0.683173,8.042468
00031,16,0.422476,0.753982,-0.290744,-0.410480,-2.365821,-0.681194,8.036658
00032,16,0.423535,0.770311,-0.262534,-0.397888,-2.371814,-0.679215,8.030849
00033,16,0.424154,0.785696,-0.234051,-0.384702,-2.377806,-0.677236,8.025040
00034,16,0.424338,0.800113,-0.205327,-0.370941,-2.383798,-0.675257,8.019231
00035,16,0.424092,0.813542,-0.176397,-0.356622,-2.389791,-0.673277,8.013422
00036,16,0.423423,0.825963,-0.147292,-0.341765,-2.395783,-0.671298,8.007613
00037,16,0.422336,0.837357,-0.118048,-0.326391,-2.401776,-0.669319,8.001804
00038,16,0.420837,0.847706,-0.088696,-0.310521,-2.407768,-0.667340,7.995995
00039,16,0.418933,0.856995,-0.059272,-0.294178,-2.413760,-0.665361,7.990185
00040,16,0.416632,0.865209,-0.029808,-0.277384,-2.419753,-0.663382,7.984376
00041,16,0.413941,0.872334,-0.000338,-0.260164,-2.425745,-0.661402,7.978567
00042,16,0.410867,0.878359,0.029104,-0.242542,-2.431737,-0.659423,7.972758
00043,16,0.407418,0.883272,0.058486,-0.224545,-2.437730,-0.657444,7.966949
00044,16,0.403604,0.887064,0.087774,-0.206197,-2.443722,-0.655465,7.961140
00045,16,0.399431,0.889727,0.116935,-0.187527,-2.449715,-0.653486,7.955331
00046,16,0.394909,0.891256,0.145937,-0.168561,-2.455707,-0.651507,7.949521
00047,16,0.390046,0.891644,0.174746,-0.149329,-2.461699,-0.649528,7.943712
00048,16,0.384852,0.890888,0.203331,-0.129858,-2.467692,-0.647548,7.937903
00049,16,0.379336,0.888987,0.231661,-0.110179,-2.473684,-0.645569,7.932094
00050,16,0.373507,0.885940,0.259703,-0.090320,-2.479676,-0.643590,7.926285
00051,16,0.367375,0.881747,0.287426,-0.070311,-2.485669,-0.641611,7.920476
00052,16,0.360948,0.876412,0.314801,-0.050184,-2.491661,-0.639632,7.914667
00053,16,0.354237,0.869939,0.341796,-0.029970,-2.497654,-0.637653,7.908858
00054,16,0.347251,0.862332,0.368382,-0.009698,-2.503646,-0.635673,7.903048
00055,16,0.340000,0.853600,0.394530,0.010600,-2.509638,-0.633694,7.897239
00056,16,0.332494,0.843751,0.420212,0.030891,-2.515631,-0.631715,7.891430
00057,16,0.324742,0.832794,0.445399,0.051146,-2.521623,-0.629736,7.885621
00058,16,0.316754,0.820743,0.470064,0.071331,-2.527615,-0.627757,7.879812
00059,16,0.308539,0.807609,0.494180,0.091416,-2.533608,-0.625778,7.874003
00060,16,0.300108,0.793408,0.517722,0.111369,-2.539600,-0.623799,7.868194
00061,16,0.291470,0.778155,0.540664,0.131158,-2.545593,-0.621819,7.862385
00062,16,0.282634,0.761869,0.562981,0.150753,-2.551585,-0.619840,7.856575
00063,16,0.273610,0.744568,0.584649,0.170122,-2.557577,-0.617861,7.850766
00064,16,0.264407,0.726273,0.605645,0.189234,-2.563570,-0.615882,7.844957
00065,16,0.255035,0.707007,0.625947,0.208060,-2.569562,-0.613903,7.839148
00066,16,0.245503,0.686791,0.645533,0.226568,-2.575554,-0.611924,7.833339
00067,16,0.235819,0.665651,0.664383,0.244730,-2.581547,-0.609944,7.827530
00068,16,0.225993,0.643613,0.682477,0.262515,-2.587539,-0.607965,7.821721
00069,16,0.216033,0.620705,0.699795,0.279896,-2.593532,-0.605986,7.815911
00070,16,0.205949,0.596954,0.716320,0.296845,-2.599524,-0.604007,7.810102
00071,16,0.195748,0.572390,0.732035,0.313333,-2.605516,-0.602028,7.804293
00072,16,0.185440,0.547045,0.746922,0.329335,-2.611509,-0.600049,7.798484
00073,16,0.175031,0.520951,0.760967,0.344824,-2.617501,-0.598070,7.792675
00074,16,0.164531,0.494141,0.774155,0.359775,-2.623493,-0.596090,7.786866
00075,16,0.153948,0.466648,0.786474,0.374163,-2.629486,-0.594111,7.781057
00076,16,0.143288,0.438510,0.797909,0.387966,-2.635478,-0.592132,7.775248
00077,16,0.132560,0.409762,0.808451,0.401161,-2.641471,-0.590153,7.769438
00078,16,0.121772,0.380440,0.818088,0.413725,-2.647463,-0.588174,7.763629
00079,16,0.110929,0.350585,0.826811,0.425639,-2.653455,-0.586195,7.757820
00080,16,0.100041,0.320233,0.834611,0.436882,-2.659448,-0.584215,7.752011
00081,16,0.089113,0.289426,0.841482,0.447437,-2.665440,-0.582236,7.746202
00082,16,0.078152,0.258203,0.847415,0.457286,-2.671433,-0.580257,7.740393
00083,16,0.067166,0.226606,0.852407,0.466412,-2.677425,-0.578278,7.734584
00084,16,0.056161,0.194677,0.856453,0.474801,-2.683417,-0.576299,7.728774
00085,16,0.045143,0.162457,0.859548,0.482438,-2.689410,-0.574320,7.722965
00086,16,0.034118,0.129990,0.861692,0.489311,-2.695402,-0.572340,7.717156
00087,16,0.023093,0.097319,0.862882,0.495409,-2.701394,-0.570361,7.711347
00088,16,0.012074,0.064487,0.863119,0.500721,-2.707387,-0.568382,7.705538
00089,16,0.001067,0.031538,0.862403,0.505238,-2.713379,-0.566403,7.699729
00090,16,-0.009923,-0.001482,0.860735,0.508954,-2.719372,-0.564424,7.693920
00091,16,-0.020889,-0.034532,0.858119,0.511862,-2.725364,-0.562445,7.688111
00092,16,-0.031826,-0.067564,0.854559,0.513957,-2.731356,-0.560466,7.682301
00093,16,-0.042729,-0.100536,0.850059,0.515235,-2.737349,-0.558486,7.676492
00094,16,-0.053591,-0.133403,0.844624,0.515695,-2.743341,-0.556507,7.670683
00095,16,-0.064408,-0.166120,0.838263,0.515335,-2.749333,-0.554528,7.664874
00096,16,-0.075173,-0.198644,0.830983,0.514157,-2.755326,-0.552549,7.659065
00097,16,-0.085882,-0.230929,0.822792,0.512162,-2.761318,-0.550570,7.653256
00098,16,-0.096529,-0.262932,0.813700,0.509354,-2.767311,-0.548591,7.647447
00099,16,-0.107109,-0.294610,0.803718,0.505737,-2.773303,-0.546611,7.641638
