00000,11,-0.226077,0.736360,0.637342,0.021411,-0.514622,1.669473,5.193598
00001,11,-0.212300,0.712328,0.666854,0.053129,-0.516166,1.671244,5.192396
00002,11,-0.197222,0.686156,0.695222,0.083428,-0.517711,1.673016,5.191194
00003,11,-0.180914,0.657947,0.722345,0.112222,-0.519255,1.674787,5.189993
00004,11,-0.163448,0.627809,0.748131,0.139431,-0.520800,1.676558,5.188791
00005,11,-0.144892,0.595855,0.772492,0.164984,-0.522344,1.678330,5.187590
00006,11,-0.125319,0.562201,0.795346,0.188810,-0.523889,1.680101,5.186388
00007,11,-0.104797,0.526968,0.816618,0.210849,-0.525433,1.681872,5.185187
00008,11,-0.083397,0.490280,0.836236,0.231042,-0.526978,1.683643,5.183985
00009,11,-0.061187,0.452262,0.854135,0.249336,-0.528523,1.685415,5.182784
00010,11,-0.038236,0.413045,0.870256,0.265680,-0.530067,1.687186,5.181582
00011,11,-0.014614,0.372761,0.884545,0.280029,-0.531612,1.688957,5.180380
00012,11,0.009610,0.331545,0.896952,0.292338,-0.533156,1.690729,5.179179
00013,11,0.034366,0.289535,0.907436,0.302570,-0.534701,1.692500,5.177977
00014,11,0.059581,0.246869,0.915958,0.310686,-0.536245,1.694271,5.176776
00015,11,0.085183,0.203692,0.922488,0.316654,-0.537790,1.696043,5.175574
00016,11,0.111097,0.160147,0.926998,0.320443,-0.539334,1.697814,5.174373
00017,11,0.137246,0.116382,0.929471,0.322027,-0.540879,1.699585,5.173171
00018,11,0.163550,0.072545,0.929894,0.321382,-0.542423,1.701357,5.171970
00019,11,0.189927,0.028789,0.928258,0.318489,-0.543968,1.703128,5.170768
00020,11,0.216291,-0.014734,0.924566,0.313334,-0.545512,1.704899,5.169566
00021,11,0.242552,-0.057868,0.918825,0.305908,-0.547057,1.706670,5.168365
00022,11,0.268619,-0.100459,0.911050,0.296207,-0.548602,1.708442,5.167163
00023,11,0.294394,-0.142348,0.901265,0.284235,-0.550146,1.710213,5.165962
00024,11,0.319778,-0.183379,0.889502,0.270001,-0.551691,1.711984,5.164760
00025,11,0.344668,-0.223395,0.875799,0.253523,-0.553235,1.713756,5.163559
00026,11,0.368956,-0.262241,0.860207,0.234828,-0.554780,1.715527,5.162357
00027,11,0.392534,-0.299762,0.842784,0.213952,-0.556324,1.717298,5.161156
00028,11,0.415289,-0.335807,0.823596,0.190941,-0.557869,1.719070,5.159954
00029,11,0.437109,-0.370229,0.802720,0.165850,-0.559413,1.720841,5.158752
00030,11,0.457879,-0.402887,0.780242,0.138749,-0.560958,1.722612,5.157551
00031,11,0.477485,-0.433643,0.756257,0.109716,-0.562502,1.724384,5.156349
00032,11,0.495812,-0.462369,0.730868,0.078842,-0.564047,1.726155,5.155148
00033,11,0.512750,-0.488945,0.704189,0.046230,-0.565591,1.727926,5.153946
00034,11,0.528191,-0.513261,0.676339,0.011995,-0.567136,1.729698,5.152745
00035,11,0.542029,-0.535216,0.647445,-0.023736,-0.568681,1.731469,5.151543
00036,11,0.554166,-0.554724,0.617641,-0.060827,-0.570225,1.733240,5.150342
00037,11,0.564511,-0.571710,0.587068,-0.099130,-0.571770,1.735011,5.149140
00038,11,0.572978,-0.586113,0.555868,-0.138487,-0.573314,1.736783,5.147938
00039,11,0.579493,-0.597888,0.524188,-0.178732,-0.574859,1.738554,5.146737
00040,11,0.583990,-0.607002,0.492177,-0.219694,-0.576403,1.740325,5.145535
00041,11,0.586415,-0.613441,0.459985,-0.261194,-0.577948,1.742097,5.144334
00042,11,0.586723,-0.617203,0.427761,-0.303048,-0.579492,1.743868,5.143132
00043,11,0.584884,-0.618302,0.395651,-0.345071,-0.581037,1.745639,5.141931
00044,11,0.580878,-0.616768,0.363800,-0.387076,-0.582581,1.747411,5.140729
00045,11,0.574698,-0.612643,0.332347,-0.428878,-0.584126,1.749182,5.139528
00046,11,0.566351,-0.605984,0.301427,-0.470290,-0.585670,1.750953,5.138326
00047,11,0.555853,-0.596858,0.271166,-0.511132,-0.587215,1.752725,5.137124
00048,11,0.543235,-0.585347,0.241687,-0.551228,-0.588760,1.754496,5.135923
00049,11,0.528537,-0.571538,0.213101,-0.590407,-0.590304,1.756267,5.134721
00050,11,0.511813,-0.555530,0.185514,-0.628505,-0.591849,1.758038,5.133520
00051,11,0.493123,-0.537428,0.159022,-0.665366,-0.593393,1.759810,5.132318
00052,11,0.472539,-0.517345,0.133712,-0.700844,-0.594938,1.761581,5.131117
00053,11,0.450140,-0.495397,0.109663,-0.734799,-0.596482,1.763352,5.129915
00054,11,0.426016,-0.471703,0.086945,-0.767103,-0.598027,1.765124,5.128713
00055,11,0.400258,-0.446386,0.065621,-0.797638,-0.599571,1.766895,5.127512
00056,11,0.372969,-0.419571,0.045745,-0.826294,-0.601116,1.768666,5.126310
00057,11,0.344253,-0.391382,0.027362,-0.852972,-0.602660,1.770438,5.125109
00058,11,0.314220,-0.361945,0.010513,-0.877582,-0.604205,1.772209,5.123907
00059,11,0.282984,-0.331382,-0.004769,-0.900046,-0.605749,1.773980,5.122706
00060,11,0.250661,-0.299819,-0.018458,-0.920292,-0.607294,1.775752,5.121504
00061,11,0.217370,-0.267374,-0.030530,-0.938258,-0.608839,1.777523,5.120303
00062,11,0.183233,-0.234169,-0.040970,-0.953893,-0.610383,1.779294,5.119101
00063,11,0.148372,-0.200321,-0.049763,-0.967151,-0.611928,1.781065,5.117899
00064,11,0.112910,-0.165946,-0.056901,-0.977996,-0.613472,1.782837,5.116698
00065,11,0.076972,-0.131157,-0.062377,-0.986398,-0.615017,1.784608,5.115496
00066,11,0.040684,-0.096067,-0.066189,-0.992338,-0.616561,1.786379,5.114295
00067,11,0.004169,-0.060786,-0.068334,-0.995800,-0.618106,1.788151,5.113093
00068,11,-0.032446,-0.025425,-0.068816,-0.996777,-0.619650,1.789922,5.111892
00069,11,-0.069036,0.009910,-0.067638,-0.995269,-0.621195,1.791693,5.110690
00070,11,-0.105476,0.045110,-0.064805,-0.991282,-0.622739,1.793465,5.109489
00071,11,-0.141643,0.080067,-0.060324,-0.984829,-0.624284,1.795236,5.108287
00072,11,-0.177412,0.114673,-0.054205,-0.975929,-0.625828,1.797007,5.107085
00073,11,-0.212660,0.148822,-0.046460,-0.964608,-0.627373,1.798779,5.105884
00074,11,-0.247265,0.182404,-0.037103,-0.950901,-0.628918,1.800550,5.104682
00075,11,-0.281107,0.215309,-0.026150,-0.934846,-0.630462,1.802321,5.103481
00076,11,-0.314065,0.247428,-0.013621,-0.916491,-0.632007,1.804093,5.102279
00077,11,-0.346024,0.278648,0.000462,-0.895892,-0.633551,1.805864,5.101078
00078,11,-0.376867,0.308856,0.016071,-0.873110,-0.635096,1.807635,5.099876
00079,11,-0.406480,0.337939,0.033176,-0.848216,-0.636640,1.809406,5.098675
00080,11,-0.434756,0.365782,0.051741,-0.821288,-0.638185,1.811178,5.097473
00081,11,-0.461586,0.392268,0.071725,-0.792414,-0.639729,1.812949,5.096271
00082,11,-0.486868,0.417282,0.093081,-0.761689,-0.641274,1.814720,5.095070
00083,11,-0.510506,0.440709,0.115756,-0.729219,-0.642818,1.816492,5.093868
00084,11,-0.532406,0.462433,0.139690,-0.695116,-0.644363,1.818263,5.092667
00085,11,-0.552483,0.482342,0.164814,-0.659503,-0.645907,1.820034,5.091465
00086,11,-0.570658,0.500326,0.191054,-0.622512,-0.647452,1.821806,5.090264
00087,11,-0.586859,0.516277,0.218327,-0.584283,-0.648997,1.823577,5.089062
00088,11,-0.601024,0.530095,0.246542,-0.544964,-0.650541,1.825348,5.087861
00089,11,-0.613099,0.541682,0.275600,-0.504712,-0.652086,1.827120,5.086659
00090,11,-0.623041,0.550950,0.305394,-0.463690,-0.653630,1.828891,5.085457
00091,11,-0.630818,0.557818,0.335809,-0.422067,-0.655175,1.830662,5.084256
00092,11,-0.636407,0.562216,0.366723,-0.380019,-0.656719,1.832433,5.083054
00093,11,-0.639799,0.564082,0.398007,-0.337725,-0.658264,1.834205,5.081853
00094,11,-0.640998,0.563368,0.429528,-0.295369,-0.659808,1.835976,5.080651
00095,11,-0.640019,0.560039,0.461145,-0.253133,-0.661353,1.837747,5.079450
00096,11,-0.636889,0.554073,0.492716,-0.211203,-0.662897,1.839519,5.078248
00097,11,-0.631648,0.545461,0.524093,-0.169762,-0.664442,1.841290,5.077047
00098,11,-0.624349,0.534211,0.555130,-0.128989,-0.665987,1.843061,5.075845
00099,11,-0.615054,0.520345,0.585677,-0.089061,-0.667531,1.844833,5.074643
