00000,18,0.476056,0.006165,0.192033,0.858170,0.945545,0.826615,3.095544
00001,18,0.462599,0.053531,0.183283,0.865762,0.942551,0.805914,3.098747
00002,18,0.446540,0.100288,0.174465,0.871841,0.939558,0.785213,3.101951
00003,18,0.427955,0.146302,0.165757,0.876342,0.936564,0.764512,3.105154
00004,18,0.406939,0.191446,0.157329,0.879202,0.933570,0.743811,3.108358
00005,18,0.383609,0.235598,0.149346,0.880360,0.930576,0.723110,3.111562
00006,18,0.358101,0.278648,0.141963,0.879753,0.927583,0.702409,3.114765
00007,18,0.330567,0.320490,0.135326,0.877325,0.924589,0.681708,3.117969
00008,18,0.301179,0.361028,0.129567,0.873019,0.921595,0.661007,3.121172
00009,18,0.270120,0.400177,0.124806,0.866785,0.918601,0.640306,3.124376
00010,18,0.237591,0.437858,0.121149,0.858576,0.915607,0.619605,3.127579
00011,18,0.203803,0.474003,0.118684,0.848351,0.912614,0.598904,3.130783
00012,18,0.168975,0.508553,0.117483,0.836074,0.909620,0.578203,3.133986
00013,18,0.133339,0.541455,0.117601,0.821716,0.906626,0.557503,3.137190
00014,18,0.097128,0.572671,0.119074,0.805255,0.903632,0.536802,3.140394
00015,18,0.060582,0.602166,0.121920,0.786678,0.900639,0.516101,3.143597
00016,18,0.023943,0.629916,0.126135,0.765978,0.897645,0.495400,3.146801
00017,18,-0.012548,0.655905,0.131699,0.743160,0.894651,0.474699,3.150004
00018,18,-0.048653,0.680125,0.138573,0.718234,0.891657,0.453998,3.153208
00019,18,-0.084137,0.702575,0.146699,0.691223,0.888664,0.433297,3.156411
00020,18,-0.118772,0.723259,0.155998,0.662158,0.885670,0.412596,3.159615
00021,18,-0.152339,0.742191,0.166379,0.631080,0.882676,0.391895,3.162819
00022,18,-0.184627,0.759388,0.177731,0.598042,0.879682,0.371194,3.166022
00023,18,-0.215440,0.774872,0.189929,0.563103,0.876688,0.350493,3.169226
00024,18,-0.244595,0.788670,0.202834,0.526337,0.873695,0.329792,3.172429
00025,18,-0.271923,0.800813,0.216294,0.487824,0.870701,0.309091,3.175633
00026,18,-0.297274,0.811335,0.230146,0.447656,0.867707,0.288390,3.178836
00027,18,-0.320513,0.820272,0.244218,0.405934,0.864713,0.267689,3.182040
00028,18,-0.341527,0.827661,0.258331,0.362768,0.861720,0.246988,3.185243
00029,18,-0.360221,0.833542,0.272300,0.318276,0.858726,0.226287,3.188447
00030,18,-0.376522,0.837955,0.285935,0.272586,0.855732,0.205586,3.191651
00031,18,-0.390377,0.840938,0.299046,0.225832,0.852738,0.184885,3.194854
00032,18,-0.401754,0.842531,0.311441,0.178155,0.849745,0.164184,3.198058
00033,18,-0.410644,0.842771,0.322933,0.129704,0.846751,0.143483,3.201261
00034,18,-0.417058,0.841693,0.333337,0.080631,0.843757,0.122782,3.204465
00035,18,-0.421029,0.839332,0.342475,0.031094,0.840763,0.102081,3.207668
00036,18,-0.422611,0.835718,0.350177,-0.018744,0.837770,0.081380,3.210872
00037,18,-0.421874,0.830880,0.356284,-0.068718,0.834776,0.060679,3.214075
00038,18,-0.418913,0.824843,0.360647,-0.118663,0.831782,0.039978,3.217279
00039,18,-0.413835,0.817628,0.363130,-0.168410,0.828788,0.019278,3.220483
00040,18,-0.406766,0.809254,0.363615,-0.217790,0.825794,-0.001423,3.223686
00041,18,-0.397848,0.799737,0.361997,-0.266637,0.822801,-0.022124,3.226890
00042,18,-0.387236,0.789087,0.358191,-0.314785,0.819807,-0.042825,3.230093
00043,18,-0.375095,0.777312,0.352128,-0.362071,0.816813,-0.063526,3.233297
00044,18,-0.361602,0.764417,0.343761,-0.408336,0.813819,-0.084227,3.236500
00045,18,-0.346943,0.750404,0.333061,-0.453425,0.810826,-0.104928,3.239704
00046,18,-0.331308,0.735271,0.320022,-0.497189,0.807832,-0.125629,3.242908
00047,18,-0.314892,0.719015,0.304658,-0.539485,0.804838,-0.146330,3.246111
00048,18,-0.297894,0.701628,0.287002,-0.580178,0.801844,-0.167031,3.249315
00049,18,-0.280512,0.683105,0.267112,-0.619138,0.798851,-0.187732,3.252518
00050,18,-0.262942,0.663434,0.245065,-0.656247,0.795857,-0.208433,3.255722
00051,18,-0.245376,0.642607,0.220956,-0.691393,0.792863,-0.229134,3.258925
00052,18,-0.228003,0.620614,0.194903,-0.724476,0.789869,-0.249835,3.262129
00053,18,-0.211000,0.597443,0.167041,-0.755405,0.786875,-0.270536,3.265332
00054,18,-0.194539,0.573088,0.137524,-0.784099,0.783882,-0.291237,3.268536
00055,18,-0.178777,0.547540,0.106519,-0.810489,0.780888,-0.311938,3.271740
00056,18,-0.163863,0.520794,0.074211,-0.834515,0.777894,-0.332639,3.274943
00057,18,-0.149928,0.492847,0.040798,-0.856130,0.774900,-0.353340,3.278147
00058,18,-0.137090,0.463701,0.006489,-0.875297,0.771907,-0.374041,3.281350
00059,18,-0.125450,0.433359,-0.028496,-0.891992,0.768913,-0.394742,3.284554
00060,18,-0.115090,0.401832,-0.063932,-0.906200,0.765919,-0.415443,3.287757
00061,18,-0.106077,0.369133,-0.099583,-0.917917,0.762925,-0.436144,3.290961
00062,18,-0.098458,0.335282,-0.135215,-0.927151,0.759932,-0.456845,3.294164
00063,18,-0.092259,0.300304,-0.170586,-0.933920,0.756938,-0.477546,3.297368
00064,18,-0.087491,0.264232,-0.205459,-0.938250,0.753944,-0.498247,3.300572
00065,18,-0.084141,0.227105,-0.239598,-0.940179,0.750950,-0.518948,3.303775
00066,18,-0.082182,0.188968,-0.272769,-0.939752,0.747957,-0.539648,3.306979
00067,18,-0.081564,0.149875,-0.304749,-0.937023,0.744963,-0.560349,3.310182
00068,18,-0.082222,0.109886,-0.335319,-0.932054,0.741969,-0.581050,3.313386
00069,18,-0.084074,0.069070,-0.364274,-0.924914,0.738975,-0.601751,3.316589
00070,18,-0.087019,0.027501,-0.391419,-0.915676,0.735981,-0.622452,3.319793
00071,18,-0.090944,-0.014735,-0.416573,-0.904422,0.732988,-0.643153,3.322997
00072,18,-0.095721,-0.057549,-0.439573,-0.891235,0.729994,-0.663854,3.326200
00073,18,-0.101210,-0.100843,-0.460271,-0.876206,0.727000,-0.684555,3.329404
00074,18,-0.107262,-0.144511,-0.478538,-0.859426,0.724006,-0.705256,3.332607
00075,18,-0.113716,-0.188441,-0.494263,-0.840989,0.721013,-0.725957,3.335811
00076,18,-0.120407,-0.232516,-0.507357,-0.820992,0.718019,-0.746658,3.339014
00077,18,-0.127162,-0.276612,-0.517751,-0.799530,0.715025,-0.767359,3.342218
00078,18,-0.133806,-0.320600,-0.525400,-0.776702,0.712031,-0.788060,3.345421
00079,18,-0.140163,-0.364347,-0.530277,-0.752603,0.709038,-0.808761,3.348625
00080,18,-0.146057,-0.407714,-0.532381,-0.727328,0.706044,-0.829462,3.351829
00081,18,-0.151315,-0.450561,-0.531731,-0.700971,0.703050,-0.850163,3.355032
00082,18,-0.155767,-0.492746,-0.528367,-0.673621,0.700056,-0.870864,3.358236
00083,18,-0.159253,-0.534123,-0.522352,-0.645367,0.697063,-0.891565,3.361439
00084,18,-0.161617,-0.574547,-0.513770,-0.616292,0.694069,-0.912266,3.364643
00085,18,-0.162716,-0.613872,-0.502722,-0.586477,0.691075,-0.932967,3.367846
00086,18,-0.162417,-0.651954,-0.489331,-0.555996,0.688081,-0.953668,3.371050
00087,18,-0.160603,-0.688650,-0.473734,-0.524923,0.685087,-0.974369,3.374253
00088,18,-0.157168,-0.723820,-0.456088,-0.493323,0.682094,-0.995070,3.377457
00089,18,-0.152025,-0.757327,-0.436561,-0.461257,0.679100,-1.015771,3.380661
00090,18,-0.145103,-0.789041,-0.415336,-0.428784,0.676106,-1.036472,3.383864
00091,18,-0.136349,-0.818834,-0.392606,-0.395955,0.673112,-1.057173,3.387068
00092,18,-0.125730,-0.846587,-0.368574,-0.362816,0.670119,-1.077873,3.390271
00093,18,-0.113231,-0.872187,-0.343450,-0.329410,0.667125,-1.098574,3.393475
00094,18,-0.098859,-0.895528,-0.317449,-0.295775,0.664131,-1.119275,3.396678
00095,18,-0.082638,-0.916513,-0.290790,-0.261945,0.661137,-1.139976,3.399882
00096,18,-0.064616,-0.935056,-0.263692,-0.227949,0.658144,-1.160677,3.403085
00097,18,-0.044857,-0.951079,-0.236374,-0.193812,0.655150,-1.181378,3.406289
00098,18,-0.023448,-0.964515,-0.209052,-0.159558,0.652156,-1.202079,3.409493
00099,18,-0.000492,-0.975306,-0.181936,-0.125206,0.649162,-1.222780,3.412696
