00000,10,-0.962891,-0.058896,-0.078079,-0.251545,62.524506,51.461753,218.440994
00001,10,-0.949814,-0.105278,-0.091208,-0.280091,62.810605,51.554389,218.760432
00002,10,-0.933189,-0.149907,-0.104558,-0.309440,63.096703,51.647026,219.079871
00003,10,-0.913106,-0.192560,-0.118226,-0.339382,63.382801,51.739662,219.399310
00004,10,-0.889672,-0.233033,-0.132301,-0.369696,63.668900,51.832299,219.718748
00005,10,-0.863014,-0.271141,-0.146867,-0.400149,63.954998,51.924936,220.038187
00006,10,-0.833275,-0.306719,-0.161998,-0.430503,64.241096,52.017572,220.357626
00007,10,-0.800614,-0.339626,-0.177761,-0.460513,64.527194,52.110209,220.677064
00008,10,-0.765205,-0.369745,-0.194211,-0.489930,64.813293,52.202845,220.996503
00009,10,-0.727236,-0.396978,-0.211395,-0.518505,65.099391,52.295482,221.315942
00010,10,-0.686907,-0.421255,-0.229345,-0.545988,65.385489,52.388119,221.635380
00011,10,-0.644428,-0.442529,-0.248084,-0.572132,65.671588,52.480755,221.954819
00012,10,-0.600018,-0.460775,-0.267620,-0.596694,65.957686,52.573392,222.274258
00013,10,-0.553906,-0.475993,-0.287949,-0.619439,66.243784,52.666028,222.593697
00014,10,-0.506324,-0.488205,-0.309054,-0.640139,66.529882,52.758665,222.913135
00015,10,-0.457510,-0.497457,-0.330904,-0.658577,66.815981,52.851301,223.232574
00016,10,-0.407706,-0.503815,-0.353454,-0.674549,67.102079,52.943938,223.552013
00017,10,-0.357153,-0.507368,-0.376647,-0.687864,67.388177,53.036575,223.871451
00018,10,-0.306094,-0.508222,-0.400411,-0.698346,67.674276,53.129211,224.190890
00019,10,-0.254769,-0.506503,-0.424664,-0.705838,67.960374,53.221848,224.510329
00020,10,-0.203414,-0.502354,-0.449308,-0.710200,68.246472,53.314484,224.829767
00021,10,-0.152263,-0.495934,-0.474236,-0.711312,68.532571,53.407121,225.149206
00022,10,-0.101542,-0.487415,-0.499329,-0.709074,68.818669,53.499757,225.468645
00023,10,-0.051469,-0.476983,-0.524456,-0.703409,69.104767,53.592394,225.788083
00024,10,-0.002254,-0.464833,-0.549479,-0.694260,69.390865,53.685031,226.107522
00025,10,0.045901,-0.451170,-0.574250,-0.681598,69.676964,53.777667,226.426961
00026,10,0.092809,-0.436207,-0.598613,-0.665412,69.963062,53.870304,226.746400
00027,10,0.138291,-0.420160,-0.622406,-0.645718,70.249160,53.962940,227.065838
00028,10,0.182184,-0.403250,-0.645463,-0.622556,70.535259,54.055577,227.385277
00029,10,0.224337,-0.385699,-0.667612,-0.595990,70.821357,54.148214,227.704716
00030,10,0.264615,-0.367728,-0.688679,-0.566106,71.107455,54.240850,228.024154
00031,10,0.302896,-0.349556,-0.708489,-0.533018,71.393553,54.333487,228.343593
00032,10,0.339077,-0.331397,-0.726866,-0.496858,71.679652,54.426123,228.663032
00033,10,0.373068,-0.313460,-0.743637,-0.457783,71.965750,54.518760,228.982470
00034,10,0.404798,-0.295945,-0.758631,-0.415972,72.251848,54.611396,229.301909
00035,10,0.434210,-0.279043,-0.771682,-0.371623,72.537947,54.704033,229.621348
00036,10,0.461266,-0.262931,-0.782627,-0.324954,72.824045,54.796670,229.940786
00037,10,0.485943,-0.247777,-0.791315,-0.276200,73.110143,54.889306,230.260225
00038,10,0.508235,-0.233731,-0.797600,-0.225614,73.396241,54.981943,230.579664
00039,10,0.528152,-0.220929,-0.801347,-0.173462,73.682340,55.074579,230.899102
00040,10,0.545720,-0.209490,-0.802432,-0.120025,73.968438,55.167216,231.218541
00041,10,0.560979,-0.199513,-0.800746,-0.065594,74.254536,55.259852,231.537980
00042,10,0.573985,-0.191080,-0.796191,-0.010469,74.540635,55.352489,231.857419
00043,10,0.584806,-0.184252,-0.788685,0.045044,74.826733,55.445126,232.176857
00044,10,0.593523,-0.179071,-0.778163,0.100631,75.112831,55.537762,232.496296
00045,10,0.600228,-0.175556,-0.764576,0.155978,75.398929,55.630399,232.815735
00046,10,0.605027,-0.173705,-0.747893,0.210771,75.685028,55.723035,233.135173
00047,10,0.608031,-0.173499,-0.728101,0.264697,75.971126,55.815672,233.454612
00048,10,0.609361,-0.174892,-0.705208,0.317448,76.257224,55.908309,233.774051
00049,10,0.609146,-0.177822,-0.679238,0.368722,76.543323,56.000945,234.093489
00050,10,0.607518,-0.182206,-0.650238,0.418226,76.829421,56.093582,234.412928
00051,10,0.604614,-0.187941,-0.618273,0.465680,77.115519,56.186218,234.732367
00052,10,0.600576,-0.194905,-0.583428,0.510815,77.401617,56.278855,235.051805
00053,10,0.595542,-0.202963,-0.545808,0.553380,77.687716,56.371491,235.371244
00054,10,0.589654,-0.211959,-0.505535,0.593141,77.973814,56.464128,235.690683
00055,10,0.583051,-0.221726,-0.462751,0.629881,78.259912,56.556765,236.010122
00056,10,0.575867,-0.232085,-0.417617,0.663407,78.546011,56.649401,236.329560
00057,10,0.568235,-0.242843,-0.370308,0.693547,78.832109,56.742038,236.648999
00058,10,0.560278,-0.253801,-0.321016,0.720154,79.118207,56.834674,236.968438
00059,10,0.552115,-0.264753,-0.269948,0.743104,79.404306,56.927311,237.287876
00060,10,0.543854,-0.275485,-0.217323,0.762300,79.690404,57.019947,237.607315
00061,10,0.535597,-0.285786,-0.163373,0.777671,79.976502,57.112584,237.926754
00062,10,0.527432,-0.295438,-0.108338,0.789173,80.262600,57.205221,238.246192
00063,10,0.519438,-0.304230,-0.052469,0.796790,80.548699,57.297857,238.565631
00064,10,0.511682,-0.311951,0.003977,0.800532,80.834797,57.390494,238.885070
00065,10,0.504219,-0.318399,0.060739,0.800435,81.120895,57.483130,239.204508
00066,10,0.497089,-0.323378,0.117552,0.796562,81.406994,57.575767,239.523947
00067,10,0.490320,-0.326704,0.174149,0.789001,81.693092,57.668404,239.843386
00068,10,0.483928,-0.328202,0.230265,0.777866,81.979190,57.761040,240.162825
00069,10,0.477914,-0.327714,0.285636,0.763291,82.265288,57.853677,240.482263
00070,10,0.472267,-0.325095,0.340004,0.745435,82.551387,57.946313,240.801702
00071,10,0.466962,-0.320220,0.393115,0.724477,82.837485,58.038950,241.121141
00072,10,0.461961,-0.312978,0.444722,0.700612,83.123583,58.131586,241.440579
00073,10,0.457217,-0.303283,0.494591,0.674056,83.409682,58.224223,241.760018
00074,10,0.452669,-0.291064,0.542495,0.645036,83.695780,58.316860,242.079457
00075,10,0.448247,-0.276274,0.588221,0.613794,83.981878,58.409496,242.398895
00076,10,0.443870,-0.258890,0.631568,0.580583,84.267976,58.502133,242.718334
00077,10,0.439449,-0.238909,0.672352,0.545664,84.554075,58.594769,243.037773
00078,10,0.434888,-0.216350,0.710404,0.509305,84.840173,58.687406,243.357211
00079,10,0.430084,-0.191257,0.745571,0.471776,85.126271,58.780042,243.676650
00080,10,0.424930,-0.163695,0.777717,0.433352,85.412370,58.872679,243.996089
00081,10,0.419314,-0.133753,0.806727,0.394306,85.698468,58.965316,244.315527
00082,10,0.413120,-0.101539,0.832503,0.354909,85.984566,59.057952,244.634966
00083,10,0.406233,-0.067185,0.854965,0.315429,86.270664,59.150589,244.954405
00084,10,0.398536,-0.030842,0.874055,0.276124,86.556763,59.243225,245.273844
00085,10,0.389916,0.007320,0.889733,0.237248,86.842861,59.335862,245.593282
00086,10,0.380259,0.047113,0.901979,0.199042,87.128959,59.428499,245.912721
00087,10,0.369458,0.088332,0.910791,0.161734,87.415058,59.521135,246.232160
00088,10,0.357410,0.130756,0.916188,0.125543,87.701156,59.613772,246.551598
00089,10,0.344017,0.174152,0.918206,0.090667,87.987254,59.706408,246.871037
00090,10,0.329190,0.218272,0.916901,0.057293,88.273353,59.799045,247.190476
00091,10,0.312850,0.262861,0.912345,0.025586,88.559451,59.891681,247.509914
00092,10,0.294925,0.307653,0.904627,-0.004303,88.845549,59.984318,247.829353
00093,10,0.275355,0.352375,0.893852,-0.032248,89.131647,60.076955,248.148792
00094,10,0.254093,0.396752,0.880139,-0.058138,89.417746,60.169591,248.468230
00095,10,0.231102,0.440504,0.863622,-0.081887,89.703844,60.262228,248.787669
00096,10,0.206361,0.483349,0.844447,-0.103426,89.989942,60.354864,249.107108
00097,10,0.179860,0.525010,0.822773,-0.122712,90.276041,60.447501,249.426547
00098,10,0.151605,0.565211,0.798768,-0.139720,90.562139,60.540138,249.745985
00099,10,0.121618,0.603680,0.772609,-0.154447,90.848237,60.632774,250.065424
