00000,10,-0.627451,0.224790,0.722227,-0.184832,2.458755,4.303172,76.037698
00001,10,-0.627940,0.223786,0.722683,-0.182593,2.426762,4.275684,76.053805
00002,10,-0.628425,0.222782,0.723135,-0.180352,2.394769,4.248195,76.069912
00003,10,-0.628905,0.221777,0.723581,-0.178109,2.362776,4.220706,76.086020
00004,10,-0.629382,0.220772,0.724023,-0.175865,2.330783,4.193217,76.102127
00005,10,-0.629855,0.219767,0.724459,-0.173619,2.298790,4.165728,76.118234
00006,10,-0.630324,0.218761,0.724891,-0.171372,2.266797,4.138239,76.134342
00007,10,-0.630790,0.217755,0.725317,-0.169123,2.234804,4.110751,76.150449
00008,10,-0.631251,0.216748,0.725738,-0.166872,2.202811,4.083262,76.166556
00009,10,-0.631708,0.215741,0.726155,-0.164620,2.170818,4.055773,76.182663
00010,10,-0.632162,0.214734,0.726566,-0.162366,2.138825,4.028284,76.198771
00011,10,-0.632611,0.213726,0.726972,-0.160111,2.106832,4.000795,76.214878
00012,10,-0.633057,0.212718,0.727374,-0.157854,2.074839,3.973307,76.230985
00013,10,-0.633498,0.211709,0.727770,-0.155596,2.042846,3.945818,76.247093
00014,10,-0.633936,0.210701,0.728161,-0.153336,2.010853,3.918329,76.263200
00015,10,-0.634370,0.209692,0.728547,-0.151075,1.978860,3.890840,76.279307
00016,10,-0.634799,0.208682,0.728928,-0.148812,1.946867,3.863351,76.295415
00017,10,-0.635225,0.207672,0.729304,-0.146548,1.914874,3.835863,76.311522
00018,10,-0.635647,0.206662,0.729676,-0.144282,1.882881,3.808374,76.327629
00019,10,-0.636065,0.205652,0.730042,-0.142015,1.850888,3.780885,76.343736
00020,10,-0.636478,0.204641,0.730403,-0.139747,1.818895,3.753396,76.359844
00021,10,-0.636888,0.203630,0.730758,-0.137477,1.786902,3.725907,76.375951
00022,10,-0.637294,0.202619,0.731109,-0.135206,1.754909,3.698419,76.392058
00023,10,-0.637696,0.201608,0.731455,-0.132934,1.722916,3.670930,76.408166
00024,10,-0.638094,0.200596,0.731796,-0.130660,1.690923,3.643441,76.424273
00025,10,-0.638488,0.199584,0.732132,-0.128385,1.658930,3.615952,76.440380
00026,10,-0.638878,0.198572,0.732463,-0.126108,1.626937,3.588463,76.456488
00027,10,-0.639264,0.197559,0.732788,-0.123830,1.594944,3.560974,76.472595
00028,10,-0.639645,0.196546,0.733109,-0.121551,1.562951,3.533486,76.488702
00029,10,-0.640023,0.195533,0.733424,-0.119271,1.530958,3.505997,76.504810
00030,10,-0.640397,0.194520,0.733735,-0.116989,1.498965,3.478508,76.520917
00031,10,-0.640767,0.193507,0.734041,-0.114706,1.466972,3.451019,76.537024
00032,10,-0.641133,0.192493,0.734341,-0.112422,1.434979,3.423530,76.553131
00033,10,-0.641494,0.191479,0.734636,-0.110137,1.402986,3.396042,76.569239
00034,10,-0.641852,0.190465,0.734927,-0.107851,1.370993,3.368553,76.585346
00035,10,-0.642205,0.189451,0.735212,-0.105563,1.339000,3.341064,76.601453
00036,10,-0.642555,0.188436,0.735493,-0.103274,1.307007,3.313575,76.617561
00037,10,-0.642900,0.187422,0.735768,-0.100984,1.275014,3.286086,76.633668
00038,10,-0.643242,0.186407,0.736038,-0.098693,1.243021,3.258598,76.649775
00039,10,-0.643579,0.185392,0.736303,-0.096401,1.211028,3.231109,76.665883
00040,10,-0.643912,0.184377,0.736563,-0.094108,1.179035,3.203620,76.681990
00041,10,-0.644242,0.183362,0.736818,-0.091814,1.147042,3.176131,76.698097
00042,10,-0.644567,0.182346,0.737069,-0.089518,1.115049,3.148642,76.714205
00043,10,-0.644888,0.181331,0.737314,-0.087222,1.083056,3.121154,76.730312
00044,10,-0.645205,0.180315,0.737554,-0.084924,1.051063,3.093665,76.746419
00045,10,-0.645517,0.179300,0.737788,-0.082626,1.019070,3.066176,76.762526
00046,10,-0.645826,0.178284,0.738018,-0.080326,0.987077,3.038687,76.778634
00047,10,-0.646131,0.177268,0.738243,-0.078026,0.955084,3.011198,76.794741
00048,10,-0.646431,0.176252,0.738463,-0.075724,0.923091,2.983709,76.810848
00049,10,-0.646728,0.175236,0.738678,-0.073422,0.891098,2.956221,76.826956
00050,10,-0.647020,0.174219,0.738888,-0.071118,0.859105,2.928732,76.843063
00051,10,-0.647308,0.173203,0.739092,-0.068814,0.827112,2.901243,76.859170
00052,10,-0.647592,0.172187,0.739292,-0.066509,0.795119,2.873754,76.875278
00053,10,-0.647872,0.171170,0.739487,-0.064202,0.763126,2.846265,76.891385
00054,10,-0.648148,0.170154,0.739676,-0.061895,0.731133,2.818777,76.907492
00055,10,-0.648420,0.169137,0.739861,-0.059587,0.699140,2.791288,76.923600
00056,10,-0.648687,0.168121,0.740040,-0.057279,0.667147,2.763799,76.939707
00057,10,-0.648950,0.167104,0.740215,-0.054969,0.635154,2.736310,76.955814
00058,10,-0.649210,0.166088,0.740384,-0.052658,0.603161,2.708821,76.971921
00059,10,-0.649465,0.165071,0.740549,-0.050347,0.571168,2.681333,76.988029
00060,10,-0.649715,0.164054,0.740708,-0.048035,0.539175,2.653844,77.004136
00061,10,-0.649962,0.163038,0.740863,-0.045722,0.507182,2.626355,77.020243
00062,10,-0.650205,0.162021,0.741012,-0.043409,0.475189,2.598866,77.036351
00063,10,-0.650443,0.161004,0.741156,-0.041094,0.443196,2.571377,77.052458
00064,10,-0.650677,0.159988,0.741295,-0.038779,0.411203,2.543889,77.068565
00065,10,-0.650907,0.158971,0.741430,-0.036463,0.379210,2.516400,77.084673
00066,10,-0.651133,0.157955,0.741559,-0.034147,0.347218,2.488911,77.100780
00067,10,-0.651355,0.156938,0.741683,-0.031830,0.315225,2.461422,77.116887
00068,10,-0.651572,0.155921,0.741802,-0.029512,0.283232,2.433933,77.132995
00069,10,-0.651786,0.154905,0.741917,-0.027193,0.251239,2.406444,77.149102
00070,10,-0.651995,0.153889,0.742026,-0.024874,0.219246,2.378956,77.165209
00071,10,-0.652200,0.152872,0.742130,-0.022554,0.187253,2.351467,77.181316
00072,10,-0.652401,0.151856,0.742229,-0.020234,0.155260,2.323978,77.197424
00073,10,-0.652597,0.150840,0.742323,-0.017913,0.123267,2.296489,77.213531
00074,10,-0.652789,0.149824,0.742412,-0.015591,0.091274,2.269000,77.229638
00075,10,-0.652977,0.148808,0.742496,-0.013269,0.059281,2.241512,77.245746
00076,10,-0.653161,0.147792,0.742575,-0.010946,0.027288,2.214023,77.261853
00077,10,-0.653341,0.146776,0.742649,-0.008623,-0.004705,2.186534,77.277960
00078,10,-0.653516,0.145760,0.742718,-0.006299,-0.036698,2.159045,77.294068
00079,10,-0.653688,0.144745,0.742782,-0.003975,-0.068691,2.131556,77.310175
00080,10,-0.653854,0.143729,0.742841,-0.001650,-0.100684,2.104068,77.326282
00081,10,-0.654017,0.142714,0.742896,0.000675,-0.132677,2.076579,77.342390
00082,10,-0.654176,0.141699,0.742945,0.003001,-0.164670,2.049090,77.358497
00083,10,-0.654330,0.140684,0.742989,0.005327,-0.196663,2.021601,77.374604
00084,10,-0.654480,0.139669,0.743028,0.007654,-0.228656,1.994112,77.390711
00085,10,-0.654626,0.138654,0.743062,0.009981,-0.260649,1.966624,77.406819
00086,10,-0.654767,0.137640,0.743091,0.012308,-0.292642,1.939135,77.422926
00087,10,-0.654905,0.136625,0.743115,0.014636,-0.324635,1.911646,77.439033
00088,10,-0.655038,0.135611,0.743134,0.016964,-0.356628,1.884157,77.455141
00089,10,-0.655166,0.134597,0.743148,0.019293,-0.388621,1.856668,77.471248
00090,10,-0.655291,0.133583,0.743157,0.021622,-0.420614,1.829179,77.487355
00091,10,-0.655411,0.132570,0.743161,0.023951,-0.452607,1.801691,77.503463
00092,10,-0.655527,0.131556,0.743160,0.026280,-0.484600,1.774202,77.519570
00093,10,-0.655639,0.130543,0.743154,0.028610,-0.516593,1.746713,77.535677
00094,10,-0.655746,0.129530,0.743143,0.030940,-0.548586,1.719224,77.551785
00095,10,-0.655849,0.128517,0.743127,0.033270,-0.580579,1.691735,77.567892
00096,10,-0.655948,0.127505,0.743107,0.035601,-0.612572,1.664247,77.583999
00097,10,-0.656043,0.126492,0.743081,0.037931,-0.644565,1.636758,77.600106
00098,10,-0.656133,0.125480,0.743050,0.040262,-0.676558,1.609269,77.616214
00099,10,-0.656219,0.124469,0.743014,0.042594,-0.708551,1.581780,77.632321
00100,10,-0.656301,0.123457,0.742973,0.044925,-0.740544,1.554291,77.648428
00101,10,-0.656378,0.122446,0.742928,0.047256,-0.772537,1.526803,77.664536
00102,10,-0.656451,0.121435,0.742877,0.049588,-0.804530,1.499314,77.680643
00103,10,-0.656520,0.120424,0.742822,0.051920,-0.836523,1.471825,77.696750
00104,10,-0.656585,0.119414,0.742761,0.054252,-0.868516,1.444336,77.712858
00105,10,-0.656645,0.118403,0.742695,0.056584,-0.900509,1.416847,77.728965
00106,10,-0.656701,0.117394,0.742625,0.058916,-0.932502,1.389359,77.745072
00107,10,-0.656752,0.116384,0.742550,0.061248,-0.964495,1.361870,77.761180
00108,10,-0.656800,0.115375,0.742469,0.063580,-0.996488,1.334381,77.777287
00109,10,-0.656843,0.114366,0.742384,0.065912,-1.028481,1.306892,77.793394
00110,10,-0.656881,0.113357,0.742294,0.068245,-1.060474,1.279403,77.809501
00111,10,-0.656916,0.112349,0.742198,0.070577,-1.092467,1.251914,77.825609
00112,10,-0.656946,0.111341,0.742098,0.072909,-1.124460,1.224426,77.841716
00113,10,-0.656971,0.110334,0.741993,0.075241,-1.156453,1.196937,77.857823
00114,10,-0.656993,0.109326,0.741883,0.077574,-1.188446,1.169448,77.873931
00115,10,-0.657010,0.108320,0.741768,0.079906,-1.220439,1.141959,77.890038
00116,10,-0.657022,0.107313,0.741648,0.082238,-1.252432,1.114470,77.906145
00117,10,-0.657031,0.106307,0.741524,0.084570,-1.284425,1.086982,77.922253
00118,10,-0.657035,0.105301,0.741394,0.086902,-1.316418,1.059493,77.938360
00119,10,-0.657035,0.104296,0.741259,0.089234,-1.348411,1.032004,77.954467
00120,10,-0.657030,0.103291,0.741120,0.091565,-1.380404,1.004515,77.970575
00121,10,-0.657021,0.102286,0.740975,0.093897,-1.412397,0.977026,77.986682
00122,10,-0.657008,0.101282,0.740826,0.096228,-1.444390,0.949538,78.002789
00123,10,-0.656990,0.100279,0.740672,0.098559,-1.476383,0.922049,78.018896
00124,10,-0.656968,0.099275,0.740512,0.100890,-1.508376,0.894560,78.035004
00125,10,-0.656942,0.098272,0.740348,0.103221,-1.540369,0.867071,78.051111
00126,10,-0.656911,0.097270,0.740179,0.105552,-1.572362,0.839582,78.067218
00127,10,-0.656876,0.096268,0.740005,0.107882,-1.604355,0.812094,78.083326
00128,10,-0.656836,0.095266,0.739827,0.110212,-1.636348,0.784605,78.099433
00129,10,-0.656793,0.094265,0.739643,0.112542,-1.668341,0.757116,78.115540
00130,10,-0.656745,0.093264,0.739454,0.114871,-1.700334,0.729627,78.131648
00131,10,-0.656692,0.092264,0.739261,0.117200,-1.732327,0.702138,78.147755
00132,10,-0.656635,0.091264,0.739063,0.119529,-1.764320,0.674649,78.163862
00133,10,-0.656574,0.090265,0.738860,0.121858,-1.796313,0.647161,78.179970
00134,10,-0.656508,0.089266,0.738651,0.124186,-1.828306,0.619672,78.196077
00135,10,-0.656439,0.088268,0.738439,0.126514,-1.860299,0.592183,78.212184
00136,10,-0.656364,0.087270,0.738221,0.128841,-1.892292,0.564694,78.228291
00137,10,-0.656286,0.086273,0.737998,0.131168,-1.924285,0.537205,78.244399
00138,10,-0.656202,0.085276,0.737771,0.133495,-1.956278,0.509717,78.260506
00139,10,-0.656115,0.084279,0.737538,0.135821,-1.988271,0.482228,78.276613
00140,10,-0.656023,0.083284,0.737301,0.138147,-2.020264,0.454739,78.292721
00141,10,-0.655927,0.082288,0.737059,0.140472,-2.052257,0.427250,78.308828
00142,10,-0.655826,0.081293,0.736812,0.142797,-2.084250,0.399761,78.324935
00143,10,-0.655722,0.080299,0.736560,0.145121,-2.116243,0.372273,78.341043
00144,10,-0.655612,0.079306,0.736304,0.147445,-2.148236,0.344784,78.357150
00145,10,-0.655499,0.078312,0.736042,0.149769,-2.180229,0.317295,78.373257
00146,10,-0.655380,0.077320,0.735776,0.152091,-2.212222,0.289806,78.389365
00147,10,-0.655258,0.076328,0.735505,0.154414,-2.244215,0.262317,78.405472
00148,10,-0.655131,0.075336,0.735229,0.156735,-2.276208,0.234829,78.421579
00149,10,-0.655000,0.074345,0.734948,0.159056,-2.308201,0.207340,78.437686
00150,10,-0.654864,0.073355,0.734663,0.161377,-2.340194,0.179851,78.453794
00151,10,-0.654724,0.072365,0.734372,0.163697,-2.372187,0.152362,78.469901
00152,10,-0.654580,0.071376,0.734077,0.166016,-2.404180,0.124873,78.486008
00153,10,-0.654431,0.070388,0.733777,0.168335,-2.436173,0.097384,78.502116
00154,10,-0.654278,0.069400,0.733473,0.170652,-2.468166,0.069896,78.518223
00155,10,-0.654120,0.068412,0.733163,0.172970,-2.500159,0.042407,78.534330
00156,10,-0.653958,0.067426,0.732849,0.175286,-2.532152,0.014918,78.550438
00157,10,-0.653792,0.066440,0.732530,0.177602,-2.564145,-0.012571,78.566545
00158,10,-0.653621,0.065454,0.732206,0.179917,-2.596138,-0.040060,78.582652
00159,10,-0.653446,0.064469,0.731877,0.182232,-2.628131,-0.067548,78.598760
00160,10,-0.653266,0.063485,0.731543,0.184545,-2.660124,-0.095037,78.614867
00161,10,-0.653082,0.062502,0.731205,0.186858,-2.692117,-0.122526,78.630974
00162,10,-0.652894,0.061519,0.730862,0.189170,-2.724110,-0.150015,78.647081
00163,10,-0.652701,0.060536,0.730514,0.191482,-2.756103,-0.177504,78.663189
00164,10,-0.652504,0.059555,0.730162,0.193792,-2.788096,-0.204992,78.679296
00165,10,-0.652302,0.058574,0.729805,0.196102,-2.820089,-0.232481,78.695403
00166,10,-0.652096,0.057594,0.729443,0.198410,-2.852082,-0.259970,78.711511
00167,10,-0.651886,0.056614,0.729076,0.200718,-2.884075,-0.287459,78.727618
00168,10,-0.651671,0.055635,0.728704,0.203025,-2.916068,-0.314948,78.743725
00169,10,-0.651452,0.054657,0.728328,0.205332,-2.948061,-0.342436,78.759833
00170,10,-0.651228,0.053680,0.727947,0.207637,-2.980054,-0.369925,78.775940
00171,10,-0.651000,0.052703,0.727562,0.209941,-3.012047,-0.397414,78.792047
00172,10,-0.650768,0.051727,0.727171,0.212244,-3.044040,-0.424903,78.808155
00173,10,-0.650531,0.050752,0.726776,0.214547,-3.076033,-0.452392,78.824262
00174,10,-0.650290,0.049777,0.726376,0.216848,-3.108026,-0.479881,78.840369
00175,10,-0.650044,0.048803,0.725972,0.219149,-3.140019,-0.507369,78.856476
00176,10,-0.649794,0.047830,0.725562,0.221448,-3.172012,-0.534858,78.872584
00177,10,-0.649540,0.046858,0.725148,0.223747,-3.204005,-0.562347,78.888691
00178,10,-0.649281,0.045886,0.724730,0.226044,-3.235998,-0.589836,78.904798
00179,10,-0.649017,0.044915,0.724306,0.228340,-3.267991,-0.617325,78.920906
00180,10,-0.648750,0.043945,0.723878,0.230636,-3.299984,-0.644813,78.937013
00181,10,-0.648478,0.042975,0.723446,0.232930,-3.331977,-0.672302,78.953120
00182,10,-0.648201,0.042007,0.723008,0.235223,-3.363970,-0.699791,78.969228
00183,10,-0.647920,0.041039,0.722566,0.237515,-3.395963,-0.727280,78.985335
00184,10,-0.647635,0.040072,0.722119,0.239806,-3.427956,-0.754769,79.001442
00185,10,-0.647345,0.039106,0.721668,0.242096,-3.459949,-0.782257,79.017550
00186,10,-0.647051,0.038140,0.721212,0.244384,-3.491942,-0.809746,79.033657
00187,10,-0.646752,0.037175,0.720751,0.246672,-3.523935,-0.837235,79.049764
00188,10,-0.646449,0.036212,0.720286,0.248958,-3.555928,-0.864724,79.065871
00189,10,-0.646142,0.035248,0.719816,0.251243,-3.587921,-0.892213,79.081979
00190,10,-0.645830,0.034286,0.719341,0.253527,-3.619914,-0.919701,79.098086
00191,10,-0.645514,0.033325,0.718862,0.255809,-3.651907,-0.947190,79.114193
00192,10,-0.645193,0.032364,0.718378,0.258091,-3.683900,-0.974679,79.130301
00193,10,-0.644868,0.031404,0.717890,0.260371,-3.715893,-1.002168,79.146408
00194,10,-0.644539,0.030445,0.717397,0.262649,-3.747886,-1.029657,79.162515
00195,10,-0.644205,0.029487,0.716899,0.264927,-3.779879,-1.057146,79.178623
00196,10,-0.643867,0.028530,0.716397,0.267203,-3.811872,-1.084634,79.194730
00197,10,-0.643524,0.027574,0.715890,0.269478,-3.843865,-1.112123,79.210837
00198,10,-0.643177,0.026618,0.715378,0.271751,-3.875858,-1.139612,79.226945
00199,10,-0.642825,0.025663,0.714862,0.274023,-3.907851,-1.167101,79.243052
00200,10,-0.642469,0.024710,0.714342,0.276294,-3.939844,-1.194590,79.259159
00201,10,-0.642109,0.023757,0.713816,0.278564,-3.971837,-1.222078,79.275266
00202,10,-0.641744,0.022805,0.713287,0.280832,-4.003830,-1.249567,79.291374
00203,10,-0.641375,0.021854,0.712752,0.283098,-4.035823,-1.277056,79.307481
00204,10,-0.641002,0.020903,0.712213,0.285363,-4.067816,-1.304545,79.323588
00205,10,-0.640624,0.019954,0.711670,0.287627,-4.099809,-1.332034,79.339696
00206,10,-0.640241,0.019005,0.711122,0.289889,-4.131802,-1.359522,79.355803
00207,10,-0.639855,0.018058,0.710569,0.292150,-4.163795,-1.387011,79.371910
00208,10,-0.639464,0.017111,0.710012,0.294409,-4.195788,-1.414500,79.388018
00209,10,-0.639068,0.016166,0.709450,0.296667,-4.227781,-1.441989,79.404125
00210,10,-0.638668,0.015221,0.708884,0.298923,-4.259774,-1.469478,79.420232
00211,10,-0.638264,0.014277,0.708313,0.301178,-4.291767,-1.496966,79.436340
00212,10,-0.637855,0.013334,0.707738,0.303431,-4.323760,-1.524455,79.452447
00213,10,-0.637442,0.012392,0.707158,0.305682,-4.355753,-1.551944,79.468554
00214,10,-0.637024,0.011451,0.706574,0.307932,-4.387746,-1.579433,79.484661
00215,10,-0.636602,0.010511,0.705985,0.310180,-4.419739,-1.606922,79.500769
00216,10,-0.636176,0.009572,0.705392,0.312427,-4.451732,-1.634411,79.516876
00217,10,-0.635745,0.008634,0.704794,0.314672,-4.483725,-1.661899,79.532983
00218,10,-0.635310,0.007696,0.704192,0.316916,-4.515718,-1.689388,79.549091
00219,10,-0.634870,0.006760,0.703585,0.319157,-4.547711,-1.716877,79.565198
00220,10,-0.634426,0.005825,0.702974,0.321398,-4.579704,-1.744366,79.581305
00221,10,-0.633978,0.004891,0.702359,0.323636,-4.611697,-1.771855,79.597413
00222,10,-0.633525,0.003957,0.701739,0.325873,-4.643690,-1.799343,79.613520
00223,10,-0.633068,0.003025,0.701114,0.328108,-4.675683,-1.826832,79.629627
00224,10,-0.632607,0.002094,0.700485,0.330341,-4.707676,-1.854321,79.645735
00225,10,-0.632141,0.001164,0.699852,0.332572,-4.739669,-1.881810,79.661842
00226,10,-0.631670,0.000234,0.699214,0.334802,-4.771662,-1.909299,79.677949
00227,10,-0.631196,-0.000694,0.698572,0.337030,-4.803655,-1.936787,79.694056
00228,10,-0.630717,-0.001621,0.697925,0.339256,-4.835648,-1.964276,79.710164
00229,10,-0.630233,-0.002547,0.697274,0.341480,-4.867641,-1.991765,79.726271
00230,10,-0.629745,-0.003473,0.696618,0.343703,-4.899634,-2.019254,79.742378
00231,10,-0.629253,-0.004397,0.695958,0.345923,-4.931627,-2.046743,79.758486
00232,10,-0.628757,-0.005320,0.695294,0.348142,-4.963620,-2.074231,79.774593
00233,10,-0.628256,-0.006242,0.694625,0.350359,-4.995612,-2.101720,79.790700
00234,10,-0.627750,-0.007163,0.693952,0.352574,-5.027605,-2.129209,79.806808
00235,10,-0.627241,-0.008083,0.693275,0.354787,-5.059598,-2.156698,79.822915
00236,10,-0.626727,-0.009002,0.692593,0.356998,-5.091591,-2.184187,79.839022
00237,10,-0.626208,-0.009919,0.691907,0.359208,-5.123584,-2.211676,79.855130
00238,10,-0.625685,-0.010836,0.691216,0.361415,-5.155577,-2.239164,79.871237
00239,10,-0.625158,-0.011752,0.690521,0.363620,-5.187570,-2.266653,79.887344
00240,10,-0.624626,-0.012666,0.689822,0.365824,-5.219563,-2.294142,79.903451
00241,10,-0.624091,-0.013580,0.689118,0.368025,-5.251556,-2.321631,79.919559
00242,10,-0.623550,-0.014492,0.688411,0.370224,-5.283549,-2.349120,79.935666
00243,10,-0.623006,-0.015404,0.687698,0.372422,-5.315542,-2.376608,79.951773
00244,10,-0.622457,-0.016314,0.686982,0.374617,-5.347535,-2.404097,79.967881
00245,10,-0.621903,-0.017223,0.686261,0.376810,-5.379528,-2.431586,79.983988
00246,10,-0.621345,-0.018131,0.685536,0.379001,-5.411521,-2.459075,80.000095
00247,10,-0.620783,-0.019038,0.684806,0.381190,-5.443514,-2.486564,80.016203
00248,10,-0.620217,-0.019943,0.684072,0.383377,-5.475507,-2.514052,80.032310
00249,10,-0.619646,-0.020848,0.683334,0.385562,-5.507500,-2.541541,80.048417
00250,10,-0.619071,-0.021752,0.682592,0.387745,-5.539493,-2.569030,80.064524
00251,10,-0.618492,-0.022654,0.681845,0.389925,-5.571486,-2.596519,80.080632
00252,10,-0.617908,-0.023555,0.681095,0.392104,-5.603479,-2.624008,80.096739
00253,10,-0.617320,-0.024455,0.680339,0.394280,-5.635472,-2.651496,80.112846
00254,10,-0.616727,-0.025354,0.679580,0.396454,-5.667465,-2.678985,80.128954
00255,10,-0.616130,-0.026252,0.678816,0.398626,-5.699458,-2.706474,80.145061
00256,10,-0.615529,-0.027148,0.678049,0.400796,-5.731451,-2.733963,80.161168
00257,10,-0.614924,-0.028044,0.677276,0.402963,-5.763444,-2.761452,80.177276
00258,10,-0.614314,-0.028938,0.676500,0.405128,-5.795437,-2.788941,80.193383
00259,10,-0.613700,-0.029831,0.675720,0.407291,-5.827430,-2.816429,80.209490
00260,10,-0.613081,-0.030723,0.674935,0.409452,-5.859423,-2.843918,80.225598
00261,10,-0.612458,-0.031614,0.674146,0.411610,-5.891416,-2.871407,80.241705
00262,10,-0.611831,-0.032503,0.673353,0.413766,-5.923409,-2.898896,80.257812
00263,10,-0.611200,-0.033392,0.672555,0.415920,-5.955402,-2.926385,80.273919
00264,10,-0.610564,-0.034279,0.671754,0.418071,-5.987395,-2.953873,80.290027
00265,10,-0.609924,-0.035165,0.670948,0.420220,-6.019388,-2.981362,80.306134
00266,10,-0.609279,-0.036049,0.670138,0.422367,-6.051381,-3.008851,80.322241
00267,10,-0.608631,-0.036933,0.669324,0.424511,-6.083374,-3.036340,80.338349
00268,10,-0.607978,-0.037815,0.668506,0.426653,-6.115367,-3.063829,80.354456
00269,10,-0.607320,-0.038696,0.667684,0.428792,-6.147360,-3.091317,80.370563
00270,10,-0.606659,-0.039576,0.666858,0.430929,-6.179353,-3.118806,80.386671
00271,10,-0.605993,-0.040455,0.666027,0.433064,-6.211346,-3.146295,80.402778
00272,10,-0.605322,-0.041332,0.665192,0.435196,-6.243339,-3.173784,80.418885
00273,10,-0.604648,-0.042208,0.664353,0.437326,-6.275332,-3.201273,80.434993
00274,10,-0.603969,-0.043083,0.663511,0.439453,-6.307325,-3.228761,80.451100
00275,10,-0.603286,-0.043957,0.662663,0.441578,-6.339318,-3.256250,80.467207
00276,10,-0.602599,-0.044829,0.661812,0.443700,-6.371311,-3.283739,80.483314
00277,10,-0.601907,-0.045700,0.660957,0.445819,-6.403304,-3.311228,80.499422
00278,10,-0.601211,-0.046570,0.660098,0.447937,-6.435297,-3.338717,80.515529
00279,10,-0.600511,-0.047439,0.659235,0.450051,-6.467290,-3.366206,80.531636
00280,10,-0.599806,-0.048306,0.658367,0.452163,-6.499283,-3.393694,80.547744
00281,10,-0.599098,-0.049172,0.657496,0.454273,-6.531276,-3.421183,80.563851
00282,10,-0.598385,-0.050037,0.656620,0.456379,-6.563269,-3.448672,80.579958
00283,10,-0.597667,-0.050901,0.655741,0.458484,-6.595262,-3.476161,80.596066
00284,10,-0.596946,-0.051763,0.654857,0.460585,-6.627255,-3.503650,80.612173
00285,10,-0.596220,-0.052624,0.653969,0.462684,-6.659248,-3.531138,80.628280
00286,10,-0.595490,-0.053483,0.653078,0.464780,-6.691241,-3.558627,80.644388
00287,10,-0.594756,-0.054342,0.652182,0.466874,-6.723234,-3.586116,80.660495
00288,10,-0.594017,-0.055199,0.651282,0.468965,-6.755227,-3.613605,80.676602
00289,10,-0.593274,-0.056054,0.650379,0.471053,-6.787220,-3.641094,80.692709
00290,10,-0.592527,-0.056909,0.649471,0.473139,-6.819213,-3.668582,80.708817
00291,10,-0.591776,-0.057762,0.648560,0.475221,-6.851206,-3.696071,80.724924
00292,10,-0.591020,-0.058613,0.647644,0.477301,-6.883199,-3.723560,80.741031
00293,10,-0.590261,-0.059464,0.646724,0.479379,-6.915192,-3.751049,80.757139
00294,10,-0.589497,-0.060313,0.645801,0.481453,-6.947185,-3.778538,80.773246
00295,10,-0.588728,-0.061161,0.644873,0.483525,-6.979178,-3.806026,80.789353
00296,10,-0.587956,-0.062007,0.643942,0.485594,-7.011171,-3.833515,80.805461
00297,10,-0.587179,-0.062852,0.643007,0.487660,-7.043164,-3.861004,80.821568
00298,10,-0.586399,-0.063696,0.642067,0.489723,-7.075157,-3.888493,80.837675
00299,10,-0.585613,-0.064538,0.641124,0.491784,-7.107150,-3.915982,80.853783
00300,10,-0.584824,-0.065379,0.640177,0.493841,-7.139143,-3.943471,80.869890
00301,10,-0.584031,-0.066219,0.639226,0.495896,-7.171136,-3.970959,80.885997
00302,10,-0.583233,-0.067057,0.638271,0.497948,-7.203129,-3.998448,80.902104
00303,10,-0.582431,-0.067894,0.637313,0.499997,-7.235122,-4.025937,80.918212
00304,10,-0.581625,-0.068729,0.636350,0.502043,-7.267115,-4.053426,80.934319
00305,10,-0.580815,-0.069564,0.635384,0.504086,-7.299108,-4.080915,80.950426
00306,10,-0.580000,-0.070396,0.634413,0.506126,-7.331101,-4.108403,80.966534
00307,10,-0.579182,-0.071228,0.633439,0.508163,-7.363094,-4.135892,80.982641
00308,10,-0.578359,-0.072058,0.632461,0.510198,-7.395087,-4.163381,80.998748
00309,10,-0.577532,-0.072886,0.631479,0.512229,-7.427080,-4.190870,81.014856
00310,10,-0.576701,-0.073713,0.630493,0.514257,-7.459073,-4.218359,81.030963
00311,10,-0.575866,-0.074539,0.629504,0.516283,-7.491066,-4.245847,81.047070
00312,10,-0.575026,-0.075364,0.628511,0.518305,-7.523059,-4.273336,81.063178
00313,10,-0.574182,-0.076186,0.627513,0.520324,-7.555052,-4.300825,81.079285
00314,10,-0.573335,-0.077008,0.626512,0.522340,-7.587045,-4.328314,81.095392
00315,10,-0.572483,-0.077828,0.625508,0.524353,-7.619038,-4.355803,81.111499
00316,10,-0.571627,-0.078647,0.624499,0.526363,-7.651031,-4.383291,81.127607
00317,10,-0.570766,-0.079464,0.623487,0.528370,-7.683024,-4.410780,81.143714
00318,10,-0.569902,-0.080280,0.622471,0.530374,-7.715017,-4.438269,81.159821
00319,10,-0.569034,-0.081094,0.621451,0.532375,-7.747010,-4.465758,81.175929
00320,10,-0.568161,-0.081907,0.620428,0.534372,-7.779003,-4.493247,81.192036
00321,10,-0.567284,-0.082719,0.619400,0.536367,-7.810996,-4.520736,81.208143
00322,10,-0.566403,-0.083529,0.618369,0.538358,-7.842989,-4.548224,81.224251
00323,10,-0.565518,-0.084338,0.617335,0.540346,-7.874982,-4.575713,81.240358
00324,10,-0.564629,-0.085145,0.616296,0.542331,-7.906975,-4.603202,81.256465
00325,10,-0.563736,-0.085951,0.615254,0.544313,-7.938968,-4.630691,81.272573
00326,10,-0.562839,-0.086755,0.614208,0.546291,-7.970961,-4.658180,81.288680
00327,10,-0.561937,-0.087558,0.613159,0.548266,-8.002954,-4.685668,81.304787
00328,10,-0.561032,-0.088359,0.612106,0.550239,-8.034947,-4.713157,81.320894
00329,10,-0.560122,-0.089159,0.611049,0.552207,-8.066940,-4.740646,81.337002
00330,10,-0.559209,-0.089957,0.609988,0.554173,-8.098933,-4.768135,81.353109
00331,10,-0.558291,-0.090754,0.608924,0.556135,-8.130926,-4.795624,81.369216
00332,10,-0.557369,-0.091549,0.607857,0.558094,-8.162919,-4.823112,81.385324
00333,10,-0.556443,-0.092343,0.606785,0.560049,-8.194912,-4.850601,81.401431
00334,10,-0.555513,-0.093136,0.605710,0.562002,-8.226905,-4.878090,81.417538
00335,10,-0.554579,-0.093927,0.604631,0.563951,-8.258898,-4.905579,81.433646
00336,10,-0.553641,-0.094716,0.603549,0.565896,-8.290891,-4.933068,81.449753
00337,10,-0.552699,-0.095504,0.602463,0.567838,-8.322884,-4.960556,81.465860
00338,10,-0.551753,-0.096291,0.601374,0.569777,-8.354877,-4.988045,81.481968
00339,10,-0.550803,-0.097076,0.600281,0.571713,-8.386870,-5.015534,81.498075
00340,10,-0.549848,-0.097859,0.599184,0.573645,-8.418863,-5.043023,81.514182
00341,10,-0.548890,-0.098641,0.598084,0.575573,-8.450856,-5.070512,81.530289
00342,10,-0.547928,-0.099421,0.596980,0.577499,-8.482849,-5.098001,81.546397
00343,10,-0.546962,-0.100200,0.595873,0.579420,-8.514842,-5.125489,81.562504
00344,10,-0.545991,-0.100977,0.594762,0.581339,-8.546835,-5.152978,81.578611
00345,10,-0.545017,-0.101753,0.593648,0.583254,-8.578828,-5.180467,81.594719
00346,10,-0.544039,-0.102528,0.592530,0.585165,-8.610821,-5.207956,81.610826
00347,10,-0.543056,-0.103300,0.591409,0.587073,-8.642814,-5.235445,81.626933
00348,10,-0.542070,-0.104071,0.590284,0.588977,-8.674807,-5.262933,81.643041
00349,10,-0.541079,-0.104841,0.589156,0.590878,-8.706800,-5.290422,81.659148
00350,10,-0.540085,-0.105609,0.588024,0.592775,-8.738793,-5.317911,81.675255
00351,10,-0.539087,-0.106376,0.586889,0.594669,-8.770786,-5.345400,81.691363
00352,10,-0.538084,-0.107141,0.585750,0.596559,-8.802779,-5.372889,81.707470
00353,10,-0.537078,-0.107904,0.584608,0.598446,-8.834772,-5.400377,81.723577
00354,10,-0.536068,-0.108666,0.583462,0.600329,-8.866765,-5.427866,81.739684
00355,10,-0.535054,-0.109426,0.582313,0.602208,-8.898758,-5.455355,81.755792
00356,10,-0.534036,-0.110185,0.581161,0.604084,-8.930751,-5.482844,81.771899
00357,10,-0.533013,-0.110942,0.580005,0.605956,-8.962744,-5.510333,81.788006
00358,10,-0.531987,-0.111698,0.578846,0.607825,-8.994737,-5.537821,81.804114
00359,10,-0.530957,-0.112452,0.577683,0.609690,-9.026730,-5.565310,81.820221
00360,10,-0.529924,-0.113204,0.576517,0.611551,-9.058723,-5.592799,81.836328
00361,10,-0.528886,-0.113955,0.575347,0.613408,-9.090716,-5.620288,81.852436
00362,10,-0.527844,-0.114704,0.574174,0.615262,-9.122709,-5.647777,81.868543
00363,10,-0.526798,-0.115452,0.572998,0.617112,-9.154702,-5.675266,81.884650
00364,10,-0.525749,-0.116198,0.571819,0.618959,-9.186695,-5.702754,81.900758
00365,10,-0.524695,-0.116943,0.570636,0.620801,-9.218688,-5.730243,81.916865
00366,10,-0.523638,-0.117686,0.569450,0.622640,-9.250681,-5.757732,81.932972
00367,10,-0.522576,-0.118427,0.568260,0.624475,-9.282674,-5.785221,81.949079
00368,10,-0.521511,-0.119167,0.567067,0.626307,-9.314667,-5.812710,81.965187
00369,10,-0.520442,-0.119905,0.565871,0.628135,-9.346660,-5.840198,81.981294
00370,10,-0.519369,-0.120641,0.564672,0.629958,-9.378653,-5.867687,81.997401
00371,10,-0.518292,-0.121376,0.563469,0.631778,-9.410646,-5.895176,82.013509
00372,10,-0.517212,-0.122109,0.562263,0.633595,-9.442639,-5.922665,82.029616
00373,10,-0.516127,-0.122841,0.561053,0.635407,-9.474632,-5.950154,82.045723
00374,10,-0.515039,-0.123571,0.559841,0.637216,-9.506625,-5.977642,82.061831
00375,10,-0.513946,-0.124299,0.558625,0.639020,-9.538618,-6.005131,82.077938
00376,10,-0.512850,-0.125026,0.557406,0.640821,-9.570611,-6.032620,82.094045
00377,10,-0.511750,-0.125751,0.556184,0.642618,-9.602604,-6.060109,82.110153
00378,10,-0.510647,-0.126474,0.554958,0.644411,-9.634597,-6.087598,82.126260
00379,10,-0.509539,-0.127196,0.553730,0.646200,-9.666590,-6.115086,82.142367
00380,10,-0.508428,-0.127916,0.552498,0.647985,-9.698583,-6.142575,82.158474
00381,10,-0.507312,-0.128635,0.551263,0.649767,-9.730576,-6.170064,82.174582
00382,10,-0.506193,-0.129351,0.550024,0.651544,-9.762569,-6.197553,82.190689
00383,10,-0.505071,-0.130067,0.548783,0.653317,-9.794562,-6.225042,82.206796
00384,10,-0.503944,-0.130780,0.547538,0.655087,-9.826555,-6.252531,82.222904
00385,10,-0.502814,-0.131492,0.546291,0.656852,-9.858548,-6.280019,82.239011
00386,10,-0.501679,-0.132202,0.545040,0.658614,-9.890541,-6.307508,82.255118
00387,10,-0.500541,-0.132911,0.543786,0.660371,-9.922534,-6.334997,82.271226
00388,10,-0.499400,-0.133618,0.542529,0.662125,-9.954527,-6.362486,82.287333
00389,10,-0.498254,-0.134323,0.541268,0.663874,-9.986520,-6.389975,82.303440
00390,10,-0.497105,-0.135027,0.540005,0.665619,-10.018513,-6.417463,82.319548
00391,10,-0.495952,-0.135728,0.538738,0.667361,-10.050506,-6.444952,82.335655
00392,10,-0.494795,-0.136429,0.537469,0.669098,-10.082499,-6.472441,82.351762
00393,10,-0.493635,-0.137127,0.536196,0.670831,-10.114492,-6.499930,82.367869
00394,10,-0.492471,-0.137824,0.534921,0.672560,-10.146485,-6.527419,82.383977
00395,10,-0.491303,-0.138519,0.533642,0.674285,-10.178478,-6.554907,82.400084
00396,10,-0.490131,-0.139213,0.532360,0.676006,-10.210471,-6.582396,82.416191
00397,10,-0.488956,-0.139904,0.531075,0.677723,-10.242464,-6.609885,82.432299
00398,10,-0.487777,-0.140595,0.529788,0.679435,-10.274457,-6.637374,82.448406
00399,10,-0.486594,-0.141283,0.528497,0.681144,-10.306450,-6.664863,82.464513
