00000,19,-0.729560,-0.075554,0.679718,0.003960,0.041836,0.165824,0.538624
00001,19,-0.729548,-0.072075,0.677422,0.060533,0.042169,0.166202,0.538831
00002,19,-0.727152,-0.068237,0.672998,0.116905,0.042501,0.166579,0.539037
00003,19,-0.722377,-0.064058,0.666464,0.172896,0.042834,0.166956,0.539244
00004,19,-0.715232,-0.059558,0.657848,0.228324,0.043166,0.167334,0.539450
00005,19,-0.705737,-0.054754,0.647179,0.283012,0.043498,0.167711,0.539657
00006,19,-0.693918,-0.049671,0.634498,0.336784,0.043831,0.168089,0.539864
00007,19,-0.679808,-0.044328,0.619848,0.389467,0.044163,0.168466,0.540070
00008,19,-0.663450,-0.038752,0.603279,0.440892,0.044496,0.168844,0.540277
00009,19,-0.644893,-0.032965,0.584849,0.490894,0.044828,0.169221,0.540484
00010,19,-0.624194,-0.026994,0.564619,0.539313,0.045160,0.169598,0.540690
00011,19,-0.601416,-0.020865,0.542657,0.585992,0.045493,0.169976,0.540897
00012,19,-0.576630,-0.014604,0.519036,0.630782,0.045825,0.170353,0.541103
00013,19,-0.549915,-0.008240,0.493832,0.673539,0.046158,0.170731,0.541310
00014,19,-0.521354,-0.001800,0.467129,0.714127,0.046490,0.171108,0.541517
00015,19,-0.491037,0.004687,0.439014,0.752414,0.046823,0.171486,0.541723
00016,19,-0.459062,0.011194,0.409577,0.788279,0.047155,0.171863,0.541930
00017,19,-0.425529,0.017691,0.378914,0.821606,0.047487,0.172240,0.542137
00018,19,-0.390547,0.024151,0.347123,0.852288,0.047820,0.172618,0.542343
00019,19,-0.354228,0.030544,0.314307,0.880227,0.048152,0.172995,0.542550
00020,19,-0.316689,0.036844,0.280569,0.905335,0.048485,0.173373,0.542756
00021,19,-0.278051,0.043022,0.246018,0.927530,0.048817,0.173750,0.542963
00022,19,-0.238438,0.049051,0.210764,0.946741,0.049149,0.174127,0.543170
00023,19,-0.197981,0.054905,0.174918,0.962908,0.049482,0.174505,0.543376
00024,19,-0.156809,0.060559,0.138593,0.975979,0.049814,0.174882,0.543583
00025,19,-0.115057,0.065988,0.101905,0.985912,0.050147,0.175260,0.543790
00026,19,-0.072861,0.071167,0.064968,0.992676,0.050479,0.175637,0.543996
00027,19,-0.030359,0.076074,0.027900,0.996249,0.050812,0.176015,0.544203
00028,19,0.012310,0.080688,-0.009185,0.996621,0.051144,0.176392,0.544409
00029,19,0.055006,0.084988,-0.046169,0.993790,0.051476,0.176769,0.544616
00030,19,0.097589,0.088955,-0.082938,0.987767,0.051809,0.177147,0.544823
00031,19,0.139919,0.092570,-0.119377,0.978571,0.052141,0.177524,0.545029
00032,19,0.181858,0.095819,-0.155372,0.966233,0.052474,0.177902,0.545236
00033,19,0.223266,0.098686,-0.190811,0.950791,0.052806,0.178279,0.545443
00034,19,0.264007,0.101159,-0.225585,0.932297,0.053138,0.178657,0.545649
00035,19,0.303946,0.103225,-0.259587,0.910810,0.053471,0.179034,0.545856
00036,19,0.342952,0.104875,-0.292710,0.886400,0.053803,0.179411,0.546063
00037,19,0.380894,0.106101,-0.324854,0.859146,0.054136,0.179789,0.546269
00038,19,0.417648,0.106897,-0.355919,0.829135,0.054468,0.180166,0.546476
00039,19,0.453091,0.107257,-0.385810,0.796464,0.054801,0.180544,0.546682
00040,19,0.487104,0.107181,-0.414435,0.761239,0.055133,0.180921,0.546889
00041,19,0.519575,0.106665,-0.441707,0.723574,0.055465,0.181299,0.547096
00042,19,0.550395,0.105712,-0.467544,0.683588,0.055798,0.181676,0.547302
00043,19,0.579460,0.104325,-0.491866,0.641413,0.056130,0.182053,0.547509
00044,19,0.606673,0.102507,-0.514600,0.597182,0.056463,0.182431,0.547716
00045,19,0.631944,0.100264,-0.535677,0.551039,0.056795,0.182808,0.547922
00046,19,0.655185,0.097606,-0.555035,0.503132,0.057127,0.183186,0.548129
00047,19,0.676319,0.094541,-0.572615,0.453615,0.057460,0.183563,0.548335
00048,19,0.695274,0.091081,-0.588364,0.402647,0.057792,0.183941,0.548542
00049,19,0.711986,0.087239,-0.602237,0.350393,0.058125,0.184318,0.548749
00050,19,0.726396,0.083029,-0.614193,0.297020,0.058457,0.184695,0.548955
00051,19,0.738455,0.078468,-0.624198,0.242701,0.058790,0.185073,0.549162
00052,19,0.748121,0.073573,-0.632222,0.187608,0.059122,0.185450,0.549369
00053,19,0.755360,0.068362,-0.638243,0.131920,0.059454,0.185828,0.549575
00054,19,0.760145,0.062857,-0.642247,0.075816,0.059787,0.186205,0.549782
00055,19,0.762457,0.057078,-0.644221,0.019475,0.060119,0.186583,0.549988
00056,19,0.762288,0.051047,-0.644165,-0.036921,0.060452,0.186960,0.550195
00057,19,0.759634,0.044789,-0.642079,-0.093191,0.060784,0.187337,0.550402
00058,19,0.754502,0.038328,-0.637974,-0.149155,0.061116,0.187715,0.550608
00059,19,0.746906,0.031688,-0.631864,-0.204632,0.061449,0.188092,0.550815
00060,19,0.736869,0.024896,-0.623772,-0.259445,0.061781,0.188470,0.551022
00061,19,0.724422,0.017978,-0.613725,-0.313419,0.062114,0.188847,0.551228
00062,19,0.709602,0.010961,-0.601757,-0.366378,0.062446,0.189225,0.551435
00063,19,0.692456,0.003874,-0.587908,-0.418155,0.062779,0.189602,0.551642
00064,19,0.673038,-0.003257,-0.572223,-0.468582,0.063111,0.189979,0.551848
00065,19,0.651411,-0.010403,-0.554753,-0.517498,0.063443,0.190357,0.552055
00066,19,0.627642,-0.017537,-0.535555,-0.564746,0.063776,0.190734,0.552261
00067,19,0.601808,-0.024630,-0.514691,-0.610175,0.064108,0.191112,0.552468
00068,19,0.573991,-0.031655,-0.492228,-0.653639,0.064441,0.191489,0.552675
00069,19,0.544282,-0.038584,-0.468238,-0.694998,0.064773,0.191867,0.552881
00070,19,0.512775,-0.045389,-0.442797,-0.734120,0.065105,0.192244,0.553088
00071,19,0.479573,-0.052045,-0.415987,-0.770880,0.065438,0.192621,0.553295
00072,19,0.444784,-0.058525,-0.387892,-0.805160,0.065770,0.192999,0.553501
00073,19,0.408519,-0.064803,-0.358602,-0.836850,0.066103,0.193376,0.553708
00074,19,0.370896,-0.070855,-0.328209,-0.865849,0.066435,0.193754,0.553914
00075,19,0.332039,-0.076658,-0.296810,-0.892064,0.066767,0.194131,0.554121
00076,19,0.292072,-0.082188,-0.264504,-0.915411,0.067100,0.194509,0.554328
00077,19,0.251127,-0.087424,-0.231391,-0.935815,0.067432,0.194886,0.554534
00078,19,0.209336,-0.092346,-0.197578,-0.953212,0.067765,0.195263,0.554741
00079,19,0.166836,-0.096934,-0.163169,-0.967546,0.068097,0.195641,0.554948
00080,19,0.123766,-0.101169,-0.128274,-0.978771,0.068430,0.196018,0.555154
00081,19,0.080266,-0.105037,-0.093001,-0.986851,0.068762,0.196396,0.555361
00082,19,0.036479,-0.108520,-0.057461,-0.991761,0.069094,0.196773,0.555567
00083,19,-0.007453,-0.111607,-0.021765,-0.993486,0.069427,0.197151,0.555774
00084,19,-0.051385,-0.114284,0.013974,-0.992020,0.069759,0.197528,0.555981
00085,19,-0.095174,-0.116542,0.049645,-0.987368,0.070092,0.197905,0.556187
00086,19,-0.138676,-0.118371,0.085136,-0.979545,0.070424,0.198283,0.556394
00087,19,-0.181749,-0.119765,0.120337,-0.968577,0.070756,0.198660,0.556601
00088,19,-0.224252,-0.120717,0.155137,-0.954500,0.071089,0.199038,0.556807
00089,19,-0.266045,-0.121225,0.189429,-0.937359,0.071421,0.199415,0.557014
00090,19,-0.306991,-0.121285,0.223104,-0.917208,0.071754,0.199793,0.557221
00091,19,-0.346955,-0.120899,0.256058,-0.894114,0.072086,0.200170,0.557427
00092,19,-0.385806,-0.120067,0.288189,-0.868150,0.072419,0.200547,0.557634
00093,19,-0.423417,-0.118793,0.319395,-0.839400,0.072751,0.200925,0.557840
00094,19,-0.459664,-0.117081,0.349580,-0.807957,0.073083,0.201302,0.558047
00095,19,-0.494428,-0.114938,0.378650,-0.773921,0.073416,0.201680,0.558254
00096,19,-0.527594,-0.112373,0.406514,-0.737403,0.073748,0.202057,0.558460
00097,19,-0.559053,-0.109394,0.433086,-0.698519,0.074081,0.202434,0.558667
00098,19,-0.588702,-0.106015,0.458283,-0.657394,0.074413,0.202812,0.558874
00099,19,-0.616443,-0.102247,0.482026,-0.614161,0.074745,0.203189,0.559080
