00000,13,-0.306819,0.288373,0.888569,-0.182067,2.455752,2.074880,14.599482
00001,13,-0.293862,0.263263,0.894524,-0.210152,2.447756,2.089333,14.550196
00002,13,-0.279838,0.237898,0.899208,-0.237738,2.439760,2.103787,14.500910
00003,13,-0.264768,0.212359,0.902596,-0.264806,2.431764,2.118240,14.451623
00004,13,-0.248677,0.186726,0.904662,-0.291342,2.423768,2.132694,14.402337
00005,13,-0.231594,0.161079,0.905384,-0.317330,2.415772,2.147147,14.353051
00006,13,-0.213553,0.135499,0.904739,-0.342756,2.407776,2.161601,14.303765
00007,13,-0.194593,0.110063,0.902709,-0.367609,2.399780,2.176054,14.254478
00008,13,-0.174756,0.084848,0.899273,-0.391878,2.391784,2.190508,14.205192
00009,13,-0.154087,0.059932,0.894416,-0.415553,2.383788,2.204961,14.155906
00010,13,-0.132638,0.035387,0.888123,-0.438625,2.375792,2.219415,14.106620
00011,13,-0.110464,0.011288,0.880381,-0.461085,2.367796,2.233868,14.057334
00012,13,-0.087623,-0.012296,0.871179,-0.482927,2.359800,2.248322,14.008047
00013,13,-0.064177,-0.035295,0.860508,-0.504145,2.351804,2.262775,13.958761
00014,13,-0.040195,-0.057643,0.848362,-0.524732,2.343808,2.277229,13.909475
00015,13,-0.015746,-0.079276,0.834737,-0.544685,2.335812,2.291682,13.860189
00016,13,0.009096,-0.100134,0.819633,-0.563997,2.327816,2.306136,13.810902
00017,13,0.034252,-0.120158,0.803050,-0.582666,2.319820,2.320589,13.761616
00018,13,0.059642,-0.139294,0.784994,-0.600687,2.311824,2.335043,13.712330
00019,13,0.085180,-0.157490,0.765472,-0.618056,2.303828,2.349496,13.663044
00020,13,0.110779,-0.174700,0.744495,-0.634772,2.295832,2.363950,13.613758
00021,13,0.136348,-0.190878,0.722077,-0.650829,2.287836,2.378403,13.564471
00022,13,0.161795,-0.205986,0.698237,-0.666226,2.279840,2.392857,13.515185
00023,13,0.187022,-0.219989,0.672996,-0.680958,2.271844,2.407310,13.465899
00024,13,0.211933,-0.232857,0.646379,-0.695022,2.263848,2.421764,13.416613
00025,13,0.236428,-0.244563,0.618416,-0.708415,2.255852,2.436217,13.367326
00026,13,0.260405,-0.255088,0.589142,-0.721132,2.247856,2.450671,13.318040
00027,13,0.283764,-0.264416,0.558593,-0.733168,2.239861,2.465124,13.268754
00028,13,0.306401,-0.272537,0.526814,-0.744519,2.231865,2.479578,13.219468
00029,13,0.328214,-0.279447,0.493850,-0.755180,2.223869,2.494031,13.170182
00030,13,0.349101,-0.285148,0.459755,-0.765144,2.215873,2.508484,13.120895
00031,13,0.368960,-0.289647,0.424584,-0.774404,2.207877,2.522938,13.071609
00032,13,0.387691,-0.292958,0.388400,-0.782954,2.199881,2.537391,13.022323
00033,13,0.405198,-0.295100,0.351267,-0.790786,2.191885,2.551845,12.973037
00034,13,0.421384,-0.296099,0.313259,-0.797890,2.183889,2.566298,12.923750
00035,13,0.436160,-0.295988,0.274450,-0.804260,2.175893,2.580752,12.874464
00036,13,0.449436,-0.294803,0.234920,-0.809883,2.167897,2.595205,12.825178
00037,13,0.461131,-0.292589,0.194754,-0.814752,2.159901,2.609659,12.775892
00038,13,0.471168,-0.289396,0.154042,-0.818854,2.151905,2.624112,12.726605
00039,13,0.479475,-0.285279,0.112875,-0.822179,2.143909,2.638566,12.677319
00040,13,0.485988,-0.280299,0.071351,-0.824716,2.135913,2.653019,12.628033
00041,13,0.490651,-0.274522,0.029570,-0.826453,2.127917,2.667473,12.578747
00042,13,0.493413,-0.268018,-0.012366,-0.827379,2.119921,2.681926,12.529461
00043,13,0.494236,-0.260863,-0.054351,-0.827482,2.111925,2.696380,12.480174
00044,13,0.493088,-0.253137,-0.096279,-0.826750,2.103929,2.710833,12.430888
00045,13,0.489948,-0.244920,-0.138041,-0.825173,2.095933,2.725287,12.381602
00046,13,0.484803,-0.236299,-0.179528,-0.822739,2.087937,2.739740,12.332316
00047,13,0.477652,-0.227360,-0.220630,-0.819438,2.079941,2.754194,12.283029
00048,13,0.468505,-0.218194,-0.261239,-0.815260,2.071945,2.768647,12.233743
00049,13,0.457380,-0.208889,-0.301246,-0.810197,2.063949,2.783101,12.184457
00050,13,0.444308,-0.199535,-0.340546,-0.804241,2.055953,2.797554,12.135171
00051,13,0.429330,-0.190224,-0.379036,-0.797385,2.047957,2.812008,12.085885
00052,13,0.412495,-0.181042,-0.416613,-0.789623,2.039961,2.826461,12.036598
00053,13,0.393865,-0.172077,-0.453183,-0.780951,2.031965,2.840915,11.987312
00054,13,0.373511,-0.163412,-0.488652,-0.771366,2.023969,2.855368,11.938026
00055,13,0.351510,-0.155128,-0.522933,-0.760866,2.015973,2.869822,11.888740
00056,13,0.327952,-0.147303,-0.555943,-0.749451,2.007977,2.884275,11.839453
00057,13,0.302931,-0.140009,-0.587605,-0.737123,1.999981,2.898729,11.790167
00058,13,0.276551,-0.133314,-0.617850,-0.723884,1.991985,2.913182,11.740881
00059,13,0.248920,-0.127280,-0.646612,-0.709740,1.983989,2.927636,11.691595
00060,13,0.220154,-0.121963,-0.673835,-0.694697,1.975993,2.942089,11.642309
00061,13,0.190370,-0.117413,-0.699467,-0.678763,1.967997,2.956543,11.593022
00062,13,0.159694,-0.113675,-0.723465,-0.661947,1.960001,2.970996,11.543736
00063,13,0.128250,-0.110786,-0.745793,-0.644260,1.952005,2.985450,11.494450
00064,13,0.096167,-0.108776,-0.766420,-0.625716,1.944009,2.999903,11.445164
00065,13,0.063573,-0.107668,-0.785323,-0.606328,1.936014,3.014357,11.395877
00066,13,0.030600,-0.107479,-0.802486,-0.586112,1.928018,3.028810,11.346591
00067,13,-0.002624,-0.108218,-0.817900,-0.565086,1.920022,3.043264,11.297305
00068,13,-0.035971,-0.109889,-0.831560,-0.543267,1.912026,3.057717,11.248019
00069,13,-0.069313,-0.112487,-0.843468,-0.520676,1.904030,3.072171,11.198733
00070,13,-0.102528,-0.116002,-0.853634,-0.497334,1.896034,3.086624,11.149446
00071,13,-0.135495,-0.120417,-0.862069,-0.473263,1.888038,3.101078,11.100160
00072,13,-0.168096,-0.125711,-0.868792,-0.448486,1.880042,3.115531,11.050874
00073,13,-0.200218,-0.131855,-0.873827,-0.423029,1.872046,3.129985,11.001588
00074,13,-0.231753,-0.138815,-0.877198,-0.396918,1.864050,3.144438,10.952301
00075,13,-0.262598,-0.146554,-0.878938,-0.370178,1.856054,3.158892,10.903015
00076,13,-0.292652,-0.155027,-0.879081,-0.342838,1.848058,3.173345,10.853729
00077,13,-0.321824,-0.164188,-0.877663,-0.314926,1.840062,3.187799,10.804443
00078,13,-0.350027,-0.173984,-0.874725,-0.286474,1.832066,3.202252,10.755157
00079,13,-0.377178,-0.184363,-0.870308,-0.257510,1.824070,3.216706,10.705870
00080,13,-0.403201,-0.195265,-0.864457,-0.228067,1.816074,3.231159,10.656584
00081,13,-0.428028,-0.206629,-0.857218,-0.198177,1.808078,3.245613,10.607298
00082,13,-0.451594,-0.218393,-0.848637,-0.167874,1.800082,3.260066,10.558012
00083,13,-0.473842,-0.230491,-0.838764,-0.137192,1.792086,3.274520,10.508725
00084,13,-0.494720,-0.242856,-0.827648,-0.106166,1.784090,3.288973,10.459439
00085,13,-0.514183,-0.255420,-0.815338,-0.074832,1.776094,3.303427,10.410153
00086,13,-0.532191,-0.268113,-0.801885,-0.043226,1.768098,3.317880,10.360867
00087,13,-0.548709,-0.280865,-0.787339,-0.011387,1.760102,3.332334,10.311581
00088,13,-0.563710,-0.293605,-0.771751,0.020648,1.752106,3.346787,10.262294
00089,13,-0.577172,-0.306263,-0.755172,0.052838,1.744110,3.361241,10.213008
00090,13,-0.589076,-0.318766,-0.737650,0.085146,1.736114,3.375694,10.163722
00091,13,-0.599412,-0.331046,-0.719236,0.117529,1.728118,3.390148,10.114436
00092,13,-0.608173,-0.343032,-0.699979,0.149946,1.720122,3.404601,10.065149
00093,13,-0.615358,-0.354654,-0.679927,0.182356,1.712126,3.419055,10.015863
00094,13,-0.620970,-0.365846,-0.659129,0.214715,1.704130,3.433508,9.966577
00095,13,-0.625018,-0.376539,-0.637630,0.246980,1.696134,3.447961,9.917291
00096,13,-0.627515,-0.386669,-0.615477,0.279106,1.688138,3.462415,9.868004
00097,13,-0.628478,-0.396172,-0.592715,0.311050,1.680142,3.476868,9.818718
00098,13,-0.627930,-0.404986,-0.569388,0.342764,1.672146,3.491322,9.769432
00099,13,-0.625897,-0.413052,-0.545538,0.374205,1.664150,3.505775,9.720146
