00000,22,-0.262189,0.681813,0.477956,-0.487797,0.156832,0.417061,1.280044
00001,22,-0.225399,0.697897,0.469241,-0.491881,0.158719,0.414234,1.276737
00002,22,-0.188486,0.713209,0.459402,-0.494728,0.160607,0.411407,1.273430
00003,22,-0.151529,0.727708,0.448420,-0.496386,0.162494,0.408580,1.270123
00004,22,-0.114606,0.741356,0.436279,-0.496907,0.164381,0.405753,1.266816
00005,22,-0.077793,0.754111,0.422969,-0.496348,0.166269,0.402926,1.263509
00006,22,-0.041161,0.765932,0.408485,-0.494767,0.168156,0.400100,1.260202
00007,22,-0.004778,0.776774,0.392828,-0.492225,0.170043,0.397273,1.256895
00008,22,0.031290,0.786593,0.376005,-0.488786,0.171931,0.394446,1.253588
00009,22,0.066981,0.795345,0.358028,-0.484516,0.173818,0.391619,1.250281
00010,22,0.102237,0.802984,0.338914,-0.479480,0.175705,0.388792,1.246974
00011,22,0.137001,0.809464,0.318689,-0.473746,0.177593,0.385965,1.243667
00012,22,0.171222,0.814740,0.297382,-0.467381,0.179480,0.383139,1.240360
00013,22,0.204851,0.818766,0.275031,-0.460452,0.181367,0.380312,1.237053
00014,22,0.237840,0.821497,0.251676,-0.453026,0.183254,0.377485,1.233746
00015,22,0.270148,0.822890,0.227368,-0.445169,0.185142,0.374658,1.230439
00016,22,0.301735,0.822901,0.202160,-0.436945,0.187029,0.371831,1.227132
00017,22,0.332563,0.821489,0.176114,-0.428417,0.188916,0.369004,1.223825
00018,22,0.362599,0.818616,0.149296,-0.419644,0.190804,0.366178,1.220518
00019,22,0.391812,0.814243,0.121778,-0.410685,0.192691,0.363351,1.217211
00020,22,0.420172,0.808337,0.093638,-0.401595,0.194578,0.360524,1.213904
00021,22,0.447654,0.800867,0.064959,-0.392425,0.196466,0.357697,1.210597
00022,22,0.474236,0.791806,0.035830,-0.383224,0.198353,0.354870,1.207290
00023,22,0.499895,0.781128,0.006344,-0.374036,0.200240,0.352043,1.203983
00024,22,0.524614,0.768817,-0.023402,-0.364901,0.202128,0.349217,1.200676
00025,22,0.548377,0.754856,-0.053306,-0.355855,0.204015,0.346390,1.197369
00026,22,0.571170,0.739237,-0.083264,-0.346930,0.205902,0.343563,1.194062
00027,22,0.592980,0.721956,-0.113168,-0.338153,0.207790,0.340736,1.190755
00028,22,0.613798,0.703016,-0.142907,-0.329544,0.209677,0.337909,1.187448
00029,22,0.633616,0.682424,-0.172368,-0.321120,0.211564,0.335082,1.184141
00030,22,0.652427,0.660196,-0.201439,-0.312893,0.213451,0.332256,1.180834
00031,22,0.670228,0.636354,-0.230005,-0.304870,0.215339,0.329429,1.177527
00032,22,0.687016,0.610926,-0.257952,-0.297051,0.217226,0.326602,1.174220
00033,22,0.702789,0.583949,-0.285168,-0.289431,0.219113,0.323775,1.170913
00034,22,0.717547,0.555466,-0.311542,-0.282003,0.221001,0.320948,1.167606
00035,22,0.731292,0.525528,-0.336964,-0.274751,0.222888,0.318121,1.164299
00036,22,0.744026,0.494192,-0.361330,-0.267657,0.224775,0.315295,1.160992
00037,22,0.755753,0.461524,-0.384538,-0.260698,0.226663,0.312468,1.157685
00038,22,0.766478,0.427595,-0.406493,-0.253845,0.228550,0.309641,1.154378
00039,22,0.776206,0.392485,-0.427103,-0.247068,0.230437,0.306814,1.151071
00040,22,0.784944,0.356278,-0.446285,-0.240330,0.232325,0.303987,1.147764
00041,22,0.792698,0.319065,-0.463962,-0.233595,0.234212,0.301160,1.144456
00042,22,0.799475,0.280943,-0.480065,-0.226820,0.236099,0.298334,1.141149
00043,22,0.805284,0.242014,-0.494533,-0.219963,0.237987,0.295507,1.137842
00044,22,0.810133,0.202383,-0.507313,-0.212978,0.239874,0.292680,1.134535
00045,22,0.814029,0.162159,-0.518362,-0.205820,0.241761,0.289853,1.131228
00046,22,0.816980,0.121456,-0.527648,-0.198442,0.243648,0.287026,1.127921
00047,22,0.818995,0.080389,-0.535146,-0.190796,0.245536,0.284199,1.124614
00048,22,0.820082,0.039073,-0.540842,-0.182837,0.247423,0.281372,1.121307
00049,22,0.820246,-0.002374,-0.544733,-0.174518,0.249310,0.278546,1.118000
00050,22,0.819497,-0.043834,-0.546823,-0.165795,0.251198,0.275719,1.114693
00051,22,0.817838,-0.085191,-0.547130,-0.156627,0.253085,0.272892,1.111386
00052,22,0.815278,-0.126329,-0.545676,-0.146973,0.254972,0.270065,1.108079
00053,22,0.811819,-0.167136,-0.542496,-0.136796,0.256860,0.267238,1.104772
00054,22,0.807467,-0.207500,-0.537632,-0.126064,0.258747,0.264411,1.101465
00055,22,0.802225,-0.247313,-0.531135,-0.114747,0.260634,0.261585,1.098158
00056,22,0.796095,-0.286474,-0.523062,-0.102819,0.262522,0.258758,1.094851
00057,22,0.789078,-0.324882,-0.513479,-0.090259,0.264409,0.255931,1.091544
00058,22,0.781176,-0.362442,-0.502456,-0.077051,0.266296,0.253104,1.088237
00059,22,0.772388,-0.399067,-0.490071,-0.063183,0.268184,0.250277,1.084930
00060,22,0.762714,-0.434672,-0.476405,-0.048648,0.270071,0.247450,1.081623
00061,22,0.752150,-0.469179,-0.461543,-0.033446,0.271958,0.244624,1.078316
00062,22,0.740696,-0.502516,-0.445576,-0.017581,0.273845,0.241797,1.075009
00063,22,0.728348,-0.534617,-0.428595,-0.001063,0.275733,0.238970,1.071702
00064,22,0.715101,-0.565421,-0.410695,0.016094,0.277620,0.236143,1.068395
00065,22,0.700953,-0.594876,-0.391970,0.033870,0.279507,0.233316,1.065088
00066,22,0.685899,-0.622932,-0.372517,0.052237,0.281395,0.230489,1.061781
00067,22,0.669935,-0.649549,-0.352433,0.071165,0.283282,0.227663,1.058474
00068,22,0.653056,-0.674691,-0.331812,0.090618,0.285169,0.224836,1.055167
00069,22,0.635258,-0.698327,-0.310749,0.110553,0.287057,0.222009,1.051860
00070,22,0.616538,-0.720433,-0.289337,0.130926,0.288944,0.219182,1.048553
00071,22,0.596893,-0.740989,-0.267666,0.151683,0.290831,0.216355,1.045246
00072,22,0.576321,-0.759983,-0.245825,0.172771,0.292719,0.213528,1.041939
00073,22,0.554821,-0.777404,-0.223898,0.194129,0.294606,0.210702,1.038632
00074,22,0.532393,-0.793249,-0.201966,0.215692,0.296493,0.207875,1.035325
00075,22,0.509039,-0.807518,-0.180108,0.237393,0.298380,0.205048,1.032018
00076,22,0.484762,-0.820215,-0.158395,0.259161,0.300268,0.202221,1.028711
00077,22,0.459568,-0.831348,-0.136898,0.280921,0.302155,0.199394,1.025404
00078,22,0.433465,-0.840929,-0.115681,0.302595,0.304042,0.196567,1.022097
00079,22,0.406463,-0.848974,-0.094803,0.324103,0.305930,0.193741,1.018790
00080,22,0.378575,-0.855501,-0.074319,0.345363,0.307817,0.190914,1.015483
00081,22,0.349817,-0.860531,-0.054278,0.366290,0.309704,0.188087,1.012176
00082,22,0.320207,-0.864088,-0.034724,0.386799,0.311592,0.185260,1.008869
00083,22,0.289769,-0.866199,-0.015696,0.406801,0.313479,0.182433,1.005562
00084,22,0.258528,-0.866891,0.002773,0.426210,0.315366,0.179606,1.002255
00085,22,0.226514,-0.866196,0.020656,0.444937,0.317254,0.176780,0.998948
00086,22,0.193760,-0.864146,0.037929,0.462894,0.319141,0.173953,0.995641
00087,22,0.160306,-0.860773,0.054576,0.479993,0.321028,0.171126,0.992334
00088,22,0.126192,-0.856113,0.070585,0.496148,0.322916,0.168299,0.989027
00089,22,0.091466,-0.850203,0.085950,0.511274,0.324803,0.165472,0.985720
00090,22,0.056179,-0.843079,0.100670,0.525288,0.326690,0.162645,0.982413
00091,22,0.020386,-0.834778,0.114749,0.538110,0.328577,0.159819,0.979106
00092,22,-0.015852,-0.825340,0.128196,0.549662,0.330465,0.156992,0.975799
00093,22,-0.052470,-0.814803,0.141024,0.559870,0.332352,0.154165,0.972492
00094,22,-0.089398,-0.803207,0.153252,0.568665,0.334239,0.151338,0.969185
00095,22,-0.126563,-0.790591,0.164900,0.575982,0.336127,0.148511,0.965878
00096,22,-0.163885,-0.776995,0.175997,0.581761,0.338014,0.145684,0.962570
00097,22,-0.201282,-0.762457,0.186571,0.585949,0.339901,0.142858,0.959263
00098,22,-0.238667,-0.747018,0.196656,0.588497,0.341789,0.140031,0.955956
00099,22,-0.275950,-0.730716,0.206287,0.589365,0.343676,0.137204,0.952649
