00000,16,-0.246003,-0.763486,-0.134293,0.581840,1.554847,-1.887110,5.567237
00001,16,-0.235783,-0.766448,-0.110986,0.587066,1.556697,-1.894408,5.622330
00002,16,-0.225364,-0.768913,-0.087617,0.591868,1.558547,-1.901706,5.677424
00003,16,-0.214754,-0.770879,-0.064203,0.596242,1.560398,-1.909004,5.732517
00004,16,-0.203957,-0.772343,-0.040762,0.600188,1.562248,-1.916301,5.787610
00005,16,-0.192980,-0.773305,-0.017308,0.603703,1.564098,-1.923599,5.842703
00006,16,-0.181829,-0.773764,0.006139,0.606787,1.565949,-1.930897,5.897796
00007,16,-0.170511,-0.773717,0.029564,0.609438,1.567799,-1.938195,5.952889
00008,16,-0.159033,-0.773164,0.052950,0.611655,1.569649,-1.945492,6.007982
00009,16,-0.147401,-0.772106,0.076280,0.613439,1.571500,-1.952790,6.063075
00010,16,-0.135622,-0.770541,0.099537,0.614789,1.573350,-1.960088,6.118168
00011,16,-0.123703,-0.768470,0.122705,0.615707,1.575201,-1.967386,6.173262
00012,16,-0.111652,-0.765894,0.145766,0.616191,1.577051,-1.974683,6.228355
00013,16,-0.099477,-0.762814,0.168706,0.616245,1.578901,-1.981981,6.283448
00014,16,-0.087184,-0.759230,0.191507,0.615869,1.580752,-1.989279,6.338541
00015,16,-0.074781,-0.755144,0.214152,0.615064,1.582602,-1.996577,6.393634
00016,16,-0.062276,-0.750558,0.236627,0.613834,1.584452,-2.003874,6.448727
00017,16,-0.049678,-0.745475,0.258914,0.612179,1.586303,-2.011172,6.503820
00018,16,-0.036994,-0.739896,0.280999,0.610103,1.588153,-2.018470,6.558913
00019,16,-0.024232,-0.733824,0.302864,0.607609,1.590003,-2.025767,6.614006
00020,16,-0.011402,-0.727262,0.324496,0.604700,1.591854,-2.033065,6.669100
00021,16,0.001490,-0.720214,0.345878,0.601379,1.593704,-2.040363,6.724193
00022,16,0.014434,-0.712684,0.366996,0.597651,1.595555,-2.047661,6.779286
00023,16,0.027422,-0.704675,0.387834,0.593520,1.597405,-2.054958,6.834379
00024,16,0.040444,-0.696191,0.408379,0.588989,1.599255,-2.062256,6.889472
00025,16,0.053493,-0.687238,0.428614,0.584065,1.601106,-2.069554,6.944565
00026,16,0.066560,-0.677821,0.448527,0.578751,1.602956,-2.076852,6.999658
00027,16,0.079634,-0.667943,0.468103,0.573053,1.604806,-2.084149,7.054751
00028,16,0.092708,-0.657612,0.487329,0.566976,1.606657,-2.091447,7.109844
00029,16,0.105772,-0.646833,0.506191,0.560527,1.608507,-2.098745,7.164938
00030,16,0.118817,-0.635611,0.524675,0.553712,1.610357,-2.106043,7.220031
00031,16,0.131835,-0.623954,0.542770,0.546536,1.612208,-2.113340,7.275124
00032,16,0.144815,-0.611868,0.560463,0.539006,1.614058,-2.120638,7.330217
00033,16,0.157748,-0.599360,0.577741,0.531129,1.615909,-2.127936,7.385310
00034,16,0.170626,-0.586438,0.594592,0.522913,1.617759,-2.135234,7.440403
00035,16,0.183438,-0.573108,0.611006,0.514363,1.619609,-2.142531,7.495496
00036,16,0.196176,-0.559380,0.626970,0.505489,1.621460,-2.149829,7.550589
00037,16,0.208829,-0.545260,0.642473,0.496296,1.623310,-2.157127,7.605682
00038,16,0.221390,-0.530757,0.657506,0.486794,1.625160,-2.164425,7.660776
00039,16,0.233848,-0.515881,0.672058,0.476990,1.627011,-2.171722,7.715869
00040,16,0.246194,-0.500639,0.686119,0.466893,1.628861,-2.179020,7.770962
00041,16,0.258419,-0.485042,0.699680,0.456510,1.630711,-2.186318,7.826055
00042,16,0.270513,-0.469098,0.712731,0.445851,1.632562,-2.193615,7.881148
00043,16,0.282467,-0.452818,0.725265,0.434925,1.634412,-2.200913,7.936241
00044,16,0.294272,-0.436210,0.737272,0.423739,1.636263,-2.208211,7.991334
00045,16,0.305919,-0.419286,0.748744,0.412304,1.638113,-2.215509,8.046427
00046,16,0.317398,-0.402056,0.759676,0.400628,1.639963,-2.222806,8.101520
00047,16,0.328701,-0.384530,0.770058,0.388720,1.641814,-2.230104,8.156613
00048,16,0.339819,-0.366719,0.779884,0.376591,1.643664,-2.237402,8.211707
00049,16,0.350742,-0.348634,0.789149,0.364249,1.645514,-2.244700,8.266800
00050,16,0.361462,-0.330287,0.797847,0.351705,1.647365,-2.251997,8.321893
00051,16,0.371970,-0.311689,0.805971,0.338968,1.649215,-2.259295,8.376986
00052,16,0.382257,-0.292852,0.813517,0.326048,1.651065,-2.266593,8.432079
00053,16,0.392315,-0.273787,0.820481,0.312954,1.652916,-2.273891,8.487172
00054,16,0.402136,-0.254506,0.826858,0.299698,1.654766,-2.281188,8.542265
00055,16,0.411710,-0.235023,0.832645,0.286288,1.656617,-2.288486,8.597358
00056,16,0.421031,-0.215348,0.837839,0.272736,1.658467,-2.295784,8.652451
00057,16,0.430090,-0.195495,0.842435,0.259050,1.660317,-2.303082,8.707545
00058,16,0.438878,-0.175477,0.846434,0.245242,1.662168,-2.310379,8.762638
00059,16,0.447389,-0.155305,0.849831,0.231322,1.664018,-2.317677,8.817731
00060,16,0.455615,-0.134994,0.852627,0.217300,1.665868,-2.324975,8.872824
00061,16,0.463548,-0.114556,0.854819,0.203186,1.667719,-2.332273,8.927917
00062,16,0.471182,-0.094005,0.856407,0.188991,1.669569,-2.339570,8.983010
00063,16,0.478508,-0.073353,0.857392,0.174724,1.671419,-2.346868,9.038103
00064,16,0.485521,-0.052615,0.857773,0.160397,1.673270,-2.354166,9.093196
00065,16,0.492214,-0.031803,0.857551,0.146018,1.675120,-2.361463,9.148289
00066,16,0.498579,-0.010932,0.856727,0.131600,1.676971,-2.368761,9.203383
00067,16,0.504612,0.009985,0.855303,0.117151,1.678821,-2.376059,9.258476
00068,16,0.510305,0.030934,0.853281,0.102683,1.680671,-2.383357,9.313569
00069,16,0.515654,0.051902,0.850663,0.088204,1.682522,-2.390654,9.368662
00070,16,0.520652,0.072874,0.847452,0.073726,1.684372,-2.397952,9.423755
00071,16,0.525294,0.093836,0.843653,0.059258,1.686222,-2.405250,9.478848
00072,16,0.529575,0.114775,0.839267,0.044810,1.688073,-2.412548,9.533941
00073,16,0.533491,0.135676,0.834300,0.030392,1.689923,-2.419845,9.589034
00074,16,0.537036,0.156526,0.828756,0.016014,1.691773,-2.427143,9.644127
00075,16,0.540206,0.177310,0.822639,0.001685,1.693624,-2.434441,9.699221
00076,16,0.542998,0.198015,0.815957,-0.012585,1.695474,-2.441739,9.754314
00077,16,0.545406,0.218626,0.808713,-0.026786,1.697325,-2.449036,9.809407
00078,16,0.547429,0.239130,0.800915,-0.040909,1.699175,-2.456334,9.864500
00079,16,0.549062,0.259513,0.792568,-0.054945,1.701025,-2.463632,9.919593
00080,16,0.550303,0.279760,0.783681,-0.068884,1.702876,-2.470930,9.974686
00081,16,0.551149,0.299858,0.774260,-0.082718,1.704726,-2.478227,10.029779
00082,16,0.551597,0.319792,0.764312,-0.096438,1.706576,-2.485525,10.084872
00083,16,0.551646,0.339551,0.753847,-0.110035,1.708427,-2.492823,10.139965
00084,16,0.551293,0.359118,0.742871,-0.123500,1.710277,-2.500121,10.195058
00085,16,0.550537,0.378482,0.731395,-0.136825,1.712127,-2.507418,10.250152
00086,16,0.549377,0.397629,0.719427,-0.150002,1.713978,-2.514716,10.305245
00087,16,0.547812,0.416545,0.706977,-0.163022,1.715828,-2.522014,10.360338
00088,16,0.545841,0.435217,0.694054,-0.175878,1.717679,-2.529311,10.415431
00089,16,0.543464,0.453632,0.680668,-0.188561,1.719529,-2.536609,10.470524
00090,16,0.540681,0.471777,0.666831,-0.201065,1.721379,-2.543907,10.525617
00091,16,0.537493,0.489639,0.652552,-0.213381,1.723230,-2.551205,10.580710
00092,16,0.533900,0.507205,0.637842,-0.225502,1.725080,-2.558502,10.635803
00093,16,0.529903,0.524464,0.622713,-0.237422,1.726930,-2.565800,10.690896
00094,16,0.525503,0.541402,0.607176,-0.249133,1.728781,-2.573098,10.745990
00095,16,0.520702,0.558008,0.591244,-0.260628,1.730631,-2.580396,10.801083
00096,16,0.515503,0.574269,0.574927,-0.271901,1.732481,-2.587693,10.856176
00097,16,0.509906,0.590175,0.558239,-0.282947,1.734332,-2.594991,10.911269
00098,16,0.503915,0.605712,0.541192,-0.293757,1.736182,-2.602289,10.966362
00099,16,0.497533,0.620871,0.523798,-0.304328,1.738033,-2.609587,11.021455
