00000,67,0.372155,0.610935,0.490218,-0.497941,13.153532,3.738932,59.467977
00001,67,0.404906,0.556557,0.501999,-0.523729,12.798332,3.585077,59.487716
00002,67,0.436561,0.499807,0.510340,-0.546955,12.443132,3.431222,59.507454
00003,67,0.466911,0.440980,0.515181,-0.567555,12.087932,3.277366,59.527193
00004,67,0.495756,0.380376,0.516483,-0.585479,11.732732,3.123511,59.546931
00005,67,0.522900,0.318306,0.514226,-0.600689,11.377531,2.969656,59.566670
00006,67,0.548158,0.255085,0.508417,-0.613161,11.022331,2.815801,59.586408
00007,67,0.571354,0.191032,0.499080,-0.622881,10.667131,2.661946,59.606146
00008,67,0.592321,0.126469,0.486262,-0.629850,10.311931,2.508091,59.625885
00009,67,0.610905,0.061719,0.470031,-0.634079,9.956731,2.354236,59.645623
00010,67,0.626965,-0.002896,0.450474,-0.635594,9.601531,2.200381,59.665362
00011,67,0.640371,-0.067055,0.427698,-0.634430,9.246331,2.046526,59.685100
00012,67,0.651010,-0.130444,0.401830,-0.630637,8.891131,1.892671,59.704839
00013,67,0.658781,-0.192752,0.373011,-0.624272,8.535931,1.738816,59.724577
00014,67,0.663600,-0.253674,0.341404,-0.615409,8.180731,1.584961,59.744316
00015,67,0.665396,-0.312917,0.307183,-0.604126,7.825531,1.431106,59.764054
00016,67,0.664118,-0.370194,0.270540,-0.590518,7.470331,1.277251,59.783792
00017,67,0.659728,-0.425230,0.231680,-0.574684,7.115131,1.123396,59.803531
00018,67,0.652205,-0.477765,0.190820,-0.556737,6.759931,0.969541,59.823269
00019,67,0.641546,-0.527551,0.148188,-0.536795,6.404731,0.815686,59.843008
00020,67,0.627763,-0.574353,0.104023,-0.514986,6.049530,0.661831,59.862746
00021,67,0.610886,-0.617954,0.058571,-0.491447,5.694330,0.507976,59.882485
00022,67,0.590959,-0.658155,0.012089,-0.466318,5.339130,0.354121,59.902223
00023,67,0.568044,-0.694773,-0.035165,-0.439750,4.983930,0.200266,59.921962
00024,67,0.542218,-0.727644,-0.082924,-0.411895,4.628730,0.046411,59.941700
00025,67,0.513574,-0.756624,-0.130920,-0.382912,4.273530,-0.107444,59.961438
00026,67,0.482218,-0.781589,-0.178882,-0.352965,3.918330,-0.261299,59.981177
00027,67,0.448273,-0.802437,-0.226539,-0.322220,3.563130,-0.415154,60.000915
00028,67,0.411873,-0.819085,-0.273622,-0.290845,3.207930,-0.569009,60.020654
00029,67,0.373166,-0.831474,-0.319862,-0.259011,2.852730,-0.722864,60.040392
00030,67,0.332313,-0.839565,-0.364995,-0.226888,2.497530,-0.876719,60.060131
00031,67,0.289484,-0.843342,-0.408760,-0.194647,2.142330,-1.030574,60.079869
00032,67,0.244864,-0.842813,-0.450905,-0.162458,1.787130,-1.184429,60.099608
00033,67,0.198642,-0.838005,-0.491183,-0.130489,1.431930,-1.338284,60.119346
00034,67,0.151020,-0.828971,-0.529356,-0.098905,1.076730,-1.492139,60.139085
00035,67,0.102205,-0.815781,-0.565198,-0.067869,0.721530,-1.645994,60.158823
00036,67,0.052413,-0.798531,-0.598491,-0.037538,0.366329,-1.799849,60.178561
00037,67,0.001864,-0.777336,-0.629031,-0.008063,0.011129,-1.953704,60.198300
00038,67,-0.049217,-0.752332,-0.656626,0.020408,-0.344071,-2.107559,60.218038
00039,67,-0.100601,-0.723675,-0.681098,0.047738,-0.699271,-2.261414,60.237777
00040,67,-0.152057,-0.691541,-0.702285,0.073793,-1.054471,-2.415269,60.257515
00041,67,-0.203353,-0.656123,-0.720040,0.098452,-1.409671,-2.569124,60.277254
00042,67,-0.254256,-0.617631,-0.734233,0.121601,-1.764871,-2.722979,60.296992
00043,67,-0.304535,-0.576293,-0.744752,0.143136,-2.120071,-2.876834,60.316731
00044,67,-0.353960,-0.532352,-0.751503,0.162962,-2.475271,-3.030689,60.336469
00045,67,-0.402304,-0.486064,-0.754409,0.180998,-2.830471,-3.184544,60.356207
00046,67,-0.449346,-0.437698,-0.753413,0.197174,-3.185671,-3.338400,60.375946
00047,67,-0.494867,-0.387534,-0.748479,0.211430,-3.540871,-3.492255,60.395684
00048,67,-0.538657,-0.335862,-0.739590,0.223721,-3.896071,-3.646110,60.415423
00049,67,-0.580513,-0.282981,-0.726748,0.234014,-4.251271,-3.799965,60.435161
00050,67,-0.620239,-0.229196,-0.709978,0.242289,-4.606471,-3.953820,60.454900
00051,67,-0.657649,-0.174816,-0.689322,0.248539,-4.961671,-4.107675,60.474638
00052,67,-0.692566,-0.120155,-0.664846,0.252773,-5.316872,-4.261530,60.494377
00053,67,-0.724826,-0.065528,-0.636634,0.255011,-5.672072,-4.415385,60.514115
00054,67,-0.754275,-0.011248,-0.604790,0.255287,-6.027272,-4.569240,60.533854
00055,67,-0.780772,0.042371,-0.569439,0.253650,-6.382472,-4.723095,60.553592
00056,67,-0.804189,0.095022,-0.530726,0.250160,-6.737672,-4.876950,60.573330
00057,67,-0.824413,0.146402,-0.488812,0.244893,-7.092872,-5.030805,60.593069
00058,67,-0.841343,0.196215,-0.443879,0.237935,-7.448072,-5.184660,60.612807
00059,67,-0.854895,0.244176,-0.396126,0.229384,-7.803272,-5.338515,60.632546
00060,67,-0.864999,0.290010,-0.345768,0.219352,-8.158472,-5.492370,60.652284
00061,67,-0.871602,0.333456,-0.293036,0.207959,-8.513672,-5.646225,60.672023
00062,67,-0.874665,0.374266,-0.238177,0.195338,-8.868872,-5.800080,60.691761
00063,67,-0.874169,0.412209,-0.181450,0.181628,-9.224072,-5.953935,60.711500
00064,67,-0.870107,0.447071,-0.123128,0.166978,-9.579272,-6.107790,60.731238
00065,67,-0.862490,0.478658,-0.063494,0.151545,-9.934472,-6.261645,60.750976
00066,67,-0.851347,0.506796,-0.002843,0.135490,-10.289672,-6.415500,60.770715
00067,67,-0.836722,0.531333,0.058524,0.118982,-10.644872,-6.569355,60.790453
00068,67,-0.818674,0.552139,0.120298,0.102192,-11.000073,-6.723210,60.810192
00069,67,-0.797281,0.569109,0.182164,0.085293,-11.355273,-6.877065,60.829930
00070,67,-0.772633,0.582161,0.243804,0.068460,-11.710473,-7.030920,60.849669
00071,67,-0.744837,0.591240,0.304898,0.051868,-12.065673,-7.184775,60.869407
00072,67,-0.714016,0.596314,0.365125,0.035691,-12.420873,-7.338630,60.889146
00073,67,-0.680304,0.597381,0.424167,0.020100,-12.776073,-7.492485,60.908884
00074,67,-0.643850,0.594462,0.481709,0.005260,-13.131273,-7.646340,60.928623
00075,67,-0.604817,0.587606,0.537439,-0.008668,-13.486473,-7.800195,60.948361
00076,67,-0.563376,0.576886,0.591054,-0.021529,-13.841673,-7.954050,60.968099
00077,67,-0.519714,0.562403,0.642260,-0.033180,-14.196873,-8.107905,60.987838
00078,67,-0.474025,0.544282,0.690773,-0.043483,-14.552073,-8.261760,61.007576
00079,67,-0.426512,0.522670,0.736319,-0.052314,-14.907273,-8.415615,61.027315
00080,67,-0.377386,0.497742,0.778643,-0.059560,-15.262473,-8.569470,61.047053
00081,67,-0.326868,0.469691,0.817500,-0.065121,-15.617673,-8.723325,61.066792
00082,67,-0.275182,0.438732,0.852667,-0.068911,-15.972873,-8.877180,61.086530
00083,67,-0.222556,0.405100,0.883935,-0.070859,-16.328074,-9.031035,61.106269
00084,67,-0.169224,0.369047,0.911120,-0.070909,-16.683274,-9.184890,61.126007
00085,67,-0.115422,0.330841,0.934054,-0.069022,-17.038474,-9.338745,61.145745
00086,67,-0.061386,0.290764,0.952596,-0.065176,-17.393674,-9.492600,61.165484
00087,67,-0.007352,0.249111,0.966626,-0.059365,-17.748874,-9.646455,61.185222
00088,67,0.046445,0.206184,0.976047,-0.051601,-18.104074,-9.800310,61.204961
00089,67,0.099770,0.162297,0.980790,-0.041914,-18.459274,-9.954166,61.224699
00090,67,0.152396,0.117765,0.980808,-0.030349,-18.814474,-10.108021,61.244438
00091,67,0.204098,0.072909,0.976084,-0.016971,-19.169674,-10.261876,61.264176
00092,67,0.254656,0.028051,0.966623,-0.001859,-19.524874,-10.415731,61.283915
00093,67,0.303860,-0.016490,0.952457,0.014889,-19.880074,-10.569586,61.303653
00094,67,0.351504,-0.060399,0.933647,0.033163,-20.235274,-10.723441,61.323392
00095,67,0.397395,-0.103364,0.910275,0.052835,-20.590474,-10.877296,61.343130
00096,67,0.441347,-0.145086,0.882452,0.073765,-20.945674,-11.031151,61.362868
00097,67,0.483185,-0.185271,0.850311,0.095800,-21.300874,-11.185006,61.382607
00098,67,0.522746,-0.223642,0.814010,0.118776,-21.656074,-11.338861,61.402345
00099,67,0.559878,-0.259934,0.773731,0.142517,-22.011275,-11.492716,61.422084
