00000,17,-0.580413,-0.693138,-0.216760,0.368369,1.863636,2.341345,6.530909
00001,17,-0.547506,-0.693765,-0.233569,0.405429,1.863776,2.341522,6.530412
00002,17,-0.512846,-0.692695,-0.251144,0.440556,1.863916,2.341698,6.529916
00003,17,-0.476639,-0.689816,-0.269481,0.473654,1.864056,2.341875,6.529419
00004,17,-0.439102,-0.685021,-0.288562,0.504646,1.864196,2.342051,6.528922
00005,17,-0.400456,-0.678210,-0.308350,0.533466,1.864336,2.342228,6.528426
00006,17,-0.360931,-0.669292,-0.328794,0.560064,1.864476,2.342404,6.527929
00007,17,-0.320758,-0.658185,-0.349824,0.584406,1.864616,2.342580,6.527433
00008,17,-0.280173,-0.644817,-0.371357,0.606471,1.864756,2.342757,6.526936
00009,17,-0.239409,-0.629132,-0.393291,0.626257,1.864896,2.342933,6.526440
00010,17,-0.198696,-0.611086,-0.415512,0.643773,1.865036,2.343110,6.525943
00011,17,-0.158262,-0.590650,-0.437890,0.659043,1.865176,2.343286,6.525447
00012,17,-0.118324,-0.567811,-0.460285,0.672106,1.865316,2.343463,6.524950
00013,17,-0.079092,-0.542575,-0.482544,0.683014,1.865456,2.343639,6.524454
00014,17,-0.040765,-0.514962,-0.504503,0.691829,1.865596,2.343815,6.523957
00015,17,-0.003527,-0.485013,-0.525995,0.698626,1.865736,2.343992,6.523461
00016,17,0.032451,-0.452786,-0.546842,0.703488,1.865876,2.344168,6.522964
00017,17,0.067015,-0.418354,-0.566864,0.706508,1.866016,2.344345,6.522467
00018,17,0.100029,-0.381812,-0.585881,0.707784,1.866156,2.344521,6.521971
00019,17,0.131376,-0.343269,-0.603708,0.707420,1.866296,2.344697,6.521474
00020,17,0.160957,-0.302850,-0.620168,0.705525,1.866436,2.344874,6.520978
00021,17,0.188695,-0.260697,-0.635084,0.702210,1.866576,2.345050,6.520481
00022,17,0.214533,-0.216965,-0.648287,0.697585,1.866716,2.345227,6.519985
00023,17,0.238431,-0.171823,-0.659615,0.691762,1.866856,2.345403,6.519488
00024,17,0.260374,-0.125448,-0.668917,0.684848,1.866996,2.345580,6.518992
00025,17,0.280364,-0.078031,-0.676052,0.676949,1.867136,2.345756,6.518495
00026,17,0.298420,-0.029770,-0.680893,0.668164,1.867276,2.345932,6.517999
00027,17,0.314581,0.019130,-0.683326,0.658588,1.867416,2.346109,6.517502
00028,17,0.328903,0.068460,-0.683253,0.648306,1.867556,2.346285,6.517006
00029,17,0.341455,0.118006,-0.680593,0.637398,1.867696,2.346462,6.516509
00030,17,0.352322,0.167552,-0.675280,0.625933,1.867836,2.346638,6.516013
00031,17,0.361599,0.216882,-0.667268,0.613973,1.867976,2.346814,6.515516
00032,17,0.369392,0.265780,-0.656527,0.601567,1.868116,2.346991,6.515019
00033,17,0.375818,0.314034,-0.643047,0.588756,1.868256,2.347167,6.514523
00034,17,0.380998,0.361435,-0.626837,0.575570,1.868396,2.347344,6.514026
00035,17,0.385059,0.407779,-0.607922,0.562029,1.868536,2.347520,6.513530
00036,17,0.388133,0.452869,-0.586347,0.548142,1.868675,2.347697,6.513033
00037,17,0.390351,0.496514,-0.562176,0.533909,1.868815,2.347873,6.512537
00038,17,0.391845,0.538533,-0.535488,0.519319,1.868955,2.348049,6.512040
00039,17,0.392747,0.578753,-0.506381,0.504354,1.869095,2.348226,6.511544
00040,17,0.393183,0.617012,-0.474969,0.488986,1.869235,2.348402,6.511047
00041,17,0.393275,0.653160,-0.441382,0.473180,1.869375,2.348579,6.510551
00042,17,0.393140,0.687056,-0.405764,0.456892,1.869515,2.348755,6.510054
00043,17,0.392884,0.718574,-0.368274,0.440076,1.869655,2.348932,6.509558
00044,17,0.392608,0.747600,-0.329084,0.422678,1.869795,2.349108,6.509061
00045,17,0.392400,0.774033,-0.288377,0.404640,1.869935,2.349284,6.508564
00046,17,0.392339,0.797785,-0.246347,0.385904,1.870075,2.349461,6.508068
00047,17,0.392489,0.818785,-0.203200,0.366406,1.870215,2.349637,6.507571
00048,17,0.392905,0.836972,-0.159147,0.346085,1.870355,2.349814,6.507075
00049,17,0.393626,0.852304,-0.114408,0.324880,1.870495,2.349990,6.506578
00050,17,0.394677,0.864750,-0.069209,0.302732,1.870635,2.350166,6.506082
00051,17,0.396070,0.874297,-0.023778,0.279584,1.870775,2.350343,6.505585
00052,17,0.397802,0.880944,0.021651,0.255385,1.870915,2.350519,6.505089
00053,17,0.399855,0.884706,0.066846,0.230091,1.871055,2.350696,6.504592
00054,17,0.402197,0.885613,0.111574,0.203662,1.871195,2.350872,6.504096
00055,17,0.404780,0.883708,0.155603,0.176069,1.871335,2.351049,6.503599
00056,17,0.407546,0.879049,0.198708,0.147292,1.871475,2.351225,6.503103
00057,17,0.410419,0.871707,0.240666,0.117320,1.871615,2.351401,6.502606
00058,17,0.413314,0.861765,0.281264,0.086155,1.871755,2.351578,6.502110
00059,17,0.416133,0.849322,0.320297,0.053812,1.871895,2.351754,6.501613
00060,17,0.418767,0.834484,0.357571,0.020318,1.872035,2.351931,6.501116
00061,17,0.421100,0.817372,0.392904,-0.014286,1.872175,2.352107,6.500620
00062,17,0.423006,0.798113,0.426129,-0.049945,1.872315,2.352284,6.500123
00063,17,0.424354,0.776846,0.457094,-0.086588,1.872455,2.352460,6.499627
00064,17,0.425008,0.753717,0.485665,-0.124131,1.872595,2.352636,6.499130
00065,17,0.424829,0.728877,0.511723,-0.162475,1.872735,2.352813,6.498634
00066,17,0.423677,0.702484,0.535173,-0.201505,1.872875,2.352989,6.498137
00067,17,0.421413,0.674698,0.555938,-0.241095,1.873015,2.353166,6.497641
00068,17,0.417903,0.645683,0.573961,-0.281103,1.873155,2.353342,6.497144
00069,17,0.413016,0.615604,0.589208,-0.321377,1.873295,2.353518,6.496648
00070,17,0.406628,0.584623,0.601668,-0.361754,1.873435,2.353695,6.496151
00071,17,0.398624,0.552902,0.611348,-0.402059,1.873575,2.353871,6.495655
00072,17,0.388901,0.520598,0.618281,-0.442110,1.873715,2.354048,6.495158
00073,17,0.377367,0.487865,0.622518,-0.481718,1.873855,2.354224,6.494661
00074,17,0.363944,0.454848,0.624131,-0.520689,1.873995,2.354401,6.494165
00075,17,0.348571,0.421686,0.623211,-0.558826,1.874135,2.354577,6.493668
00076,17,0.331200,0.388507,0.619867,-0.595931,1.874275,2.354753,6.493172
00077,17,0.311804,0.355432,0.614224,-0.631803,1.874415,2.354930,6.492675
00078,17,0.290372,0.322569,0.606421,-0.666248,1.874555,2.355106,6.492179
00079,17,0.266914,0.290015,0.596611,-0.699073,1.874695,2.355283,6.491682
00080,17,0.241457,0.257855,0.584957,-0.730092,1.874835,2.355459,6.491186
00081,17,0.214047,0.226161,0.571629,-0.759128,1.874975,2.355635,6.490689
00082,17,0.184751,0.194993,0.556806,-0.786010,1.875115,2.355812,6.490193
00083,17,0.153651,0.164399,0.540670,-0.810580,1.875255,2.355988,6.489696
00084,17,0.120851,0.134413,0.523403,-0.832693,1.875395,2.356165,6.489200
00085,17,0.086468,0.105058,0.505190,-0.852214,1.875535,2.356341,6.488703
00086,17,0.050638,0.076344,0.486211,-0.869026,1.875675,2.356518,6.488207
00087,17,0.013511,0.048273,0.466643,-0.883024,1.875815,2.356694,6.487710
00088,17,-0.024750,0.020834,0.446656,-0.894121,1.875955,2.356870,6.487213
00089,17,-0.063969,-0.005992,0.426413,-0.902244,1.876095,2.357047,6.486717
00090,17,-0.103960,-0.032232,0.406066,-0.907339,1.876235,2.357223,6.486220
00091,17,-0.144526,-0.057921,0.385758,-0.909367,1.876375,2.357400,6.485724
00092,17,-0.185464,-0.083097,0.365618,-0.908307,1.876515,2.357576,6.485227
00093,17,-0.226563,-0.107807,0.345763,-0.904154,1.876655,2.357753,6.484731
00094,17,-0.267610,-0.132098,0.326296,-0.896920,1.876795,2.357929,6.484234
00095,17,-0.308387,-0.156021,0.307304,-0.886633,1.876935,2.358105,6.483738
00096,17,-0.348676,-0.179627,0.288859,-0.873338,1.877075,2.358282,6.483241
00097,17,-0.388257,-0.202967,0.271021,-0.857093,1.877215,2.358458,6.482745
00098,17,-0.426913,-0.226090,0.253829,-0.837973,1.877354,2.358635,6.482248
00099,17,-0.464433,-0.249043,0.237310,-0.816066,1.877494,2.358811,6.481752
