00000,5,-0.276452,-0.700320,0.138104,-0.643468,3.703768,5.032522,87.111723
00001,5,-0.239922,-0.631426,0.026400,-0.736912,3.383612,5.199215,87.297693
00002,5,-0.186863,-0.538980,-0.063706,-0.818854,3.063456,5.365907,87.483662
00003,5,-0.120246,-0.428830,-0.129361,-0.885951,2.743300,5.532599,87.669631
00004,5,-0.042603,-0.306768,-0.169008,-0.935688,2.423144,5.699292,87.855601
00005,5,0.043831,-0.178469,-0.181714,-0.966025,2.102989,5.865984,88.041570
00006,5,0.136675,-0.049738,-0.166824,-0.975199,1.782833,6.032676,88.227539
00007,5,0.232845,0.073186,-0.124046,-0.961788,1.462677,6.199369,88.413509
00008,5,0.328060,0.183503,-0.053955,-0.925089,1.142521,6.366061,88.599478
00009,5,0.416688,0.274157,0.041236,-0.865740,0.822366,6.532753,88.785447
00010,5,0.492188,0.338687,0.157011,-0.786376,0.502210,6.699446,88.971417
00011,5,0.548190,0.372453,0.286465,-0.691882,0.182054,6.866138,89.157386
00012,5,0.579851,0.373671,0.421069,-0.588931,-0.138102,7.032830,89.343355
00013,5,0.584858,0.343670,0.552050,-0.484840,-0.458258,7.199523,89.529324
00014,5,0.563608,0.286207,0.671725,-0.386284,-0.778413,7.366215,89.715294
00015,5,0.518635,0.206257,0.774207,-0.298459,-1.098569,7.532907,89.901263
00016,5,0.453740,0.108908,0.855370,-0.224942,-1.418725,7.699600,90.087232
00017,5,0.373262,-0.001232,0.912375,-0.168060,-1.738881,7.866292,90.273202
00018,5,0.281698,-0.120059,0.943120,-0.129436,-2.059036,8.032984,90.459171
00019,5,0.183647,-0.243585,0.945909,-0.110427,-2.379192,8.199677,90.645140
00020,5,0.083937,-0.367347,0.919457,-0.112279,-2.699348,8.366369,90.831110
00021,5,-0.012228,-0.485855,0.863316,-0.135932,-3.019504,8.533061,91.017079
00022,5,-0.099303,-0.592396,0.778627,-0.181502,-3.339660,8.699754,91.203048
00023,5,-0.171783,-0.679464,0.668955,-0.247620,-3.659815,8.866446,91.389018
00024,5,-0.224950,-0.739922,0.540717,-0.330959,-3.979971,9.033138,91.574987
00025,5,-0.255733,-0.768545,0.402729,-0.426316,-4.300127,9.199831,91.760956
00026,5,-0.263232,-0.763211,0.264818,-0.527339,-4.620283,9.366523,91.946926
00027,5,-0.248589,-0.725132,0.136095,-0.627584,-4.940438,9.533215,92.132895
00028,5,-0.214273,-0.658114,0.023691,-0.721393,-5.260594,9.699908,92.318864
00029,5,-0.163218,-0.567388,-0.067605,-0.804275,-5.580750,9.866600,92.504834
00030,5,-0.098180,-0.458631,-0.134934,-0.872816,-5.900906,10.033292,92.690803
00031,5,-0.021521,-0.337484,-0.176644,-0.924357,-6.221062,10.199985,92.876772
00032,5,0.064611,-0.209523,-0.191641,-0.956659,-6.541217,10.366677,93.062742
00033,5,0.157835,-0.080519,-0.179084,-0.967745,-6.861373,10.533369,93.248711
00034,5,0.254961,0.043245,-0.138501,-0.956002,-7.181529,10.700062,93.434680
00035,5,0.351522,0.154876,-0.070337,-0.920595,-7.501685,10.866754,93.620650
00036,5,0.441656,0.247205,0.023261,-0.862140,-7.821840,11.033446,93.806619
00037,5,0.518629,0.313694,0.137788,-0.783347,-8.141996,11.200139,93.992588
00038,5,0.575980,0.349670,0.266345,-0.689229,-8.462152,11.366831,94.178558
00039,5,0.608894,0.353330,0.400455,-0.586549,-8.782308,11.533523,94.364527
00040,5,0.615145,0.325934,0.531449,-0.482621,-9.102464,11.700216,94.550496
00041,5,0.595194,0.271079,0.651750,-0.384032,-9.422619,11.866908,94.736466
00042,5,0.551563,0.193508,0.755508,-0.295868,-9.742775,12.033600,94.922435
00043,5,0.487970,0.098060,0.838538,-0.221631,-10.062931,12.200293,95.108404
00044,5,0.408636,-0.010861,0.897841,-0.163636,-10.383087,12.366985,95.294374
00045,5,0.317942,-0.129274,0.931092,-0.123559,-10.703242,12.533677,95.480343
00046,5,0.220397,-0.253207,0.936338,-0.102858,-11.023398,12.700370,95.666312
00047,5,0.120784,-0.378101,0.912063,-0.102906,-11.343554,12.867062,95.852282
00048,5,0.024305,-0.498273,0.857651,-0.124765,-11.663710,13.033754,96.038251
00049,5,-0.063471,-0.606761,0.774188,-0.168647,-11.983866,13.200447,96.224220
00050,5,-0.137010,-0.695837,0.665307,-0.233244,-12.304021,13.367139,96.410189
00051,5,-0.191581,-0.758239,0.537560,-0.315274,-12.624177,13.533832,96.596159
00052,5,-0.224103,-0.788742,0.399864,-0.409597,-12.944333,13.700524,96.782128
00053,5,-0.233636,-0.785292,0.262049,-0.509959,-13.264489,13.867216,96.968097
00054,5,-0.221204,-0.749141,0.133121,-0.610027,-13.584644,14.033909,97.154067
00055,5,-0.189095,-0.684039,0.020078,-0.704221,-13.904800,14.200601,97.340036
00056,5,-0.140021,-0.595079,-0.072371,-0.788058,-14.224956,14.367293,97.526005
00057,5,-0.076527,-0.487766,-0.141362,-0.858046,-14.545112,14.533986,97.711975
00058,5,-0.000820,-0.367581,-0.185141,-0.911374,-14.865268,14.700678,97.897944
00059,5,0.085035,-0.239997,-0.202453,-0.945611,-15.185423,14.867370,98.083913
00060,5,0.178643,-0.110752,-0.192264,-0.958568,-15.505579,15.034063,98.269883
00061,5,0.276704,0.013831,-0.153920,-0.948446,-15.825735,15.200755,98.455852
00062,5,0.374556,0.126761,-0.087733,-0.914297,-16.145891,15.367447,98.641821
00063,5,0.466115,0.220763,0.004217,-0.856727,-16.466046,15.534140,98.827791
00064,5,0.544466,0.289219,0.117442,-0.778533,-16.786202,15.700832,99.013760
00065,5,0.603083,0.327424,0.245057,-0.684857,-17.106358,15.867524,99.199729
00066,5,0.637197,0.333549,0.378644,-0.582538,-17.426514,16.034217,99.385699
00067,5,0.644678,0.308775,0.509639,-0.478867,-17.746670,16.200909,99.571668
00068,5,0.626043,0.256533,0.630564,-0.380326,-18.066825,16.367601,99.757637
00069,5,0.583794,0.181330,0.735600,-0.291881,-18.386981,16.534294,99.943607
00070,5,0.521555,0.087766,0.820491,-0.216955,-18.707137,16.700986,100.129576
00071,5,0.443420,-0.019955,0.882077,-0.157853,-19.027293,16.867678,100.315545
00072,5,0.353645,-0.137964,0.917807,-0.116308,-19.347448,17.034371,100.501515
00073,5,0.256648,-0.262300,0.925480,-0.093883,-19.667604,17.201063,100.687484
00074,5,0.157162,-0.388300,0.903350,-0.092082,-19.987760,17.367755,100.873453
00075,5,0.060381,-0.510083,0.850648,-0.112094,-20.307916,17.534448,101.059423
00076,5,-0.028098,-0.620445,0.768419,-0.154235,-20.628072,17.701140,101.245392
00077,5,-0.102713,-0.711443,0.660373,-0.217264,-20.948227,17.867832,101.431361
00078,5,-0.158716,-0.775716,0.533194,-0.297953,-21.268383,18.034525,101.617331
00079,5,-0.193007,-0.808056,0.395893,-0.391228,-21.588539,18.201217,101.803300
00080,5,-0.204593,-0.806485,0.258274,-0.490933,-21.908695,18.367909,101.989269
00081,5,-0.194379,-0.772284,0.129225,-0.590840,-22.228850,18.534602,102.175239
00082,5,-0.164463,-0.709140,0.015601,-0.685438,-22.549006,18.701294,102.361208
00083,5,-0.117340,-0.621996,-0.077971,-0.770240,-22.869162,18.867986,102.547177
00084,5,-0.055357,-0.516176,-0.148614,-0.841671,-23.189318,19.034679,102.733147
00085,5,0.019432,-0.396998,-0.194474,-0.896768,-23.509474,19.201371,102.919116
00086,5,0.105029,-0.269826,-0.214126,-0.932904,-23.829629,19.368063,103.105085
00087,5,0.199019,-0.140368,-0.206340,-0.947686,-24.149785,19.534756,103.291054
00088,5,0.297985,-0.014987,-0.170280,-0.939139,-24.469941,19.701448,103.477024
00089,5,0.397067,0.099231,-0.106119,-0.906216,-24.790097,19.868140,103.662993
00090,5,0.489963,0.194902,-0.015866,-0.849527,-25.110252,20.034833,103.848962
00091,5,0.569597,0.265332,0.096010,-0.771969,-25.430408,20.201525,104.034932
00092,5,0.629400,0.305781,0.222644,-0.678809,-25.750564,20.368217,104.220901
00093,5,0.664667,0.314388,0.355683,-0.576945,-26.070720,20.534910,104.406870
00094,5,0.673368,0.292246,0.486668,-0.473623,-26.390876,20.701602,104.592840
00095,5,0.656073,0.242614,0.608214,-0.375207,-26.711031,20.868294,104.778809
00096,5,0.615248,0.169768,0.714524,-0.286533,-27.031187,21.034987,104.964778
00097,5,0.554416,0.078068,0.801267,-0.210944,-27.351343,21.201679,105.150748
00098,5,0.477533,-0.028470,0.865117,-0.150737,-27.671499,21.368371,105.336717
00099,5,0.388726,-0.146084,0.903299,-0.107704,-27.991654,21.535064,105.522686
00100,5,0.292314,-0.270814,0.913364,-0.083520,-28.311810,21.701756,105.708656
00101,5,0.192977,-0.397887,0.893349,-0.079823,-28.631966,21.868449,105.894625
00102,5,0.095905,-0.521223,0.842338,-0.097938,-28.952122,22.035141,106.080594
00103,5,0.006717,-0.633377,0.761355,-0.138289,-29.272278,22.201833,106.266564
