00000,14,0.855094,-0.185211,0.267916,0.403400,-2.539997,1.556568,7.613521
00001,14,0.853659,-0.133514,0.277308,0.420167,-2.532960,1.570283,7.617831
00002,14,0.849525,-0.081474,0.285808,0.435870,-2.525923,1.583999,7.622142
00003,14,0.842698,-0.029256,0.293410,0.450460,-2.518886,1.597714,7.626452
00004,14,0.833194,0.022978,0.300111,0.463889,-2.511850,1.611429,7.630763
00005,14,0.821036,0.075066,0.305908,0.476114,-2.504813,1.625145,7.635073
00006,14,0.806258,0.126846,0.310805,0.487091,-2.497776,1.638860,7.639384
00007,14,0.788902,0.178158,0.314806,0.496780,-2.490739,1.652575,7.643694
00008,14,0.769017,0.228843,0.317918,0.505145,-2.483702,1.666291,7.648005
00009,14,0.746662,0.278746,0.320150,0.512152,-2.476665,1.680006,7.652315
00010,14,0.721906,0.327714,0.321513,0.517769,-2.469628,1.693722,7.656625
00011,14,0.694822,0.375597,0.322022,0.521969,-2.462591,1.707437,7.660936
00012,14,0.665494,0.422250,0.321692,0.524726,-2.455554,1.721152,7.665246
00013,14,0.634013,0.467531,0.320540,0.526019,-2.448518,1.734868,7.669557
00014,14,0.600478,0.511302,0.318587,0.525831,-2.441481,1.748583,7.673867
00015,14,0.564992,0.553434,0.315853,0.524148,-2.434444,1.762298,7.678178
00016,14,0.527670,0.593798,0.312360,0.520960,-2.427407,1.776014,7.682488
00017,14,0.488628,0.632276,0.308133,0.516259,-2.420370,1.789729,7.686799
00018,14,0.447992,0.668753,0.303195,0.510044,-2.413333,1.803444,7.691109
00019,14,0.405891,0.703122,0.297573,0.502317,-2.406296,1.817160,7.695420
00020,14,0.362461,0.735282,0.291293,0.493083,-2.399259,1.830875,7.699730
00021,14,0.317841,0.765139,0.284384,0.482353,-2.392222,1.844591,7.704040
00022,14,0.272176,0.792609,0.276873,0.470140,-2.385186,1.858306,7.708351
00023,14,0.225614,0.817613,0.268788,0.456464,-2.378149,1.872021,7.712661
00024,14,0.178307,0.840081,0.260158,0.441347,-2.371112,1.885737,7.716972
00025,14,0.130408,0.859951,0.251014,0.424817,-2.364075,1.899452,7.721282
00026,14,0.082075,0.877169,0.241383,0.406906,-2.357038,1.913167,7.725593
00027,14,0.033465,0.891690,0.231295,0.387649,-2.350001,1.926883,7.729903
00028,14,-0.015262,0.903477,0.220779,0.367087,-2.342964,1.940598,7.734214
00029,14,-0.063944,0.912502,0.209865,0.345265,-2.335927,1.954313,7.738524
00030,14,-0.112423,0.918745,0.198580,0.322233,-2.328890,1.968029,7.742835
00031,14,-0.160537,0.922197,0.186953,0.298043,-2.321853,1.981744,7.747145
00032,14,-0.208128,0.922854,0.175012,0.272752,-2.314817,1.995460,7.751455
00033,14,-0.255036,0.920724,0.162783,0.246423,-2.307780,2.009175,7.755766
00034,14,-0.301108,0.915823,0.150294,0.219121,-2.300743,2.022890,7.760076
00035,14,-0.346189,0.908173,0.137571,0.190915,-2.293706,2.036606,7.764387
00036,14,-0.390129,0.897809,0.124638,0.161878,-2.286669,2.050321,7.768697
00037,14,-0.432781,0.884769,0.111520,0.132087,-2.279632,2.064036,7.773008
00038,14,-0.474003,0.869104,0.098242,0.101621,-2.272595,2.077752,7.777318
00039,14,-0.513658,0.850871,0.084827,0.070565,-2.265558,2.091467,7.781629
00040,14,-0.551611,0.830133,0.071295,0.039003,-2.258521,2.105182,7.785939
00041,14,-0.587737,0.806963,0.057670,0.007026,-2.251485,2.118898,7.790250
00042,14,-0.621913,0.781442,0.043972,-0.025275,-2.244448,2.132613,7.794560
00043,14,-0.654026,0.753654,0.030221,-0.057807,-2.237411,2.146328,7.798870
00044,14,-0.683967,0.723694,0.016436,-0.090472,-2.230374,2.160044,7.803181
00045,14,-0.711635,0.691662,0.002636,-0.123173,-2.223337,2.173759,7.807491
00046,14,-0.736939,0.657662,-0.011161,-0.155811,-2.216300,2.187475,7.811802
00047,14,-0.759792,0.621806,-0.024939,-0.188284,-2.209263,2.201190,7.816112
00048,14,-0.780118,0.584212,-0.038680,-0.220490,-2.202226,2.214905,7.820423
00049,14,-0.797850,0.544999,-0.052367,-0.252327,-2.195189,2.228621,7.824733
00050,14,-0.812928,0.504295,-0.065986,-0.283691,-2.188153,2.242336,7.829044
00051,14,-0.825301,0.462229,-0.079521,-0.314480,-2.181116,2.256051,7.833354
00052,14,-0.834930,0.418936,-0.092957,-0.344590,-2.174079,2.269767,7.837664
00053,14,-0.841783,0.374552,-0.106280,-0.373920,-2.167042,2.283482,7.841975
00054,14,-0.845839,0.329216,-0.119474,-0.402367,-2.160005,2.297197,7.846285
00055,14,-0.847084,0.283072,-0.132525,-0.429832,-2.152968,2.310913,7.850596
00056,14,-0.845518,0.236262,-0.145419,-0.456215,-2.145931,2.324628,7.854906
00057,14,-0.841148,0.188933,-0.158142,-0.481421,-2.138894,2.338344,7.859217
00058,14,-0.833990,0.141229,-0.170679,-0.505355,-2.131857,2.352059,7.863527
00059,14,-0.824073,0.093298,-0.183015,-0.527925,-2.124820,2.365774,7.867838
00060,14,-0.811432,0.045286,-0.195135,-0.549043,-2.117784,2.379490,7.872148
00061,14,-0.796116,-0.002661,-0.207025,-0.568624,-2.110747,2.393205,7.876459
00062,14,-0.778178,-0.050398,-0.218669,-0.586586,-2.103710,2.406920,7.880769
00063,14,-0.757685,-0.097781,-0.230050,-0.602851,-2.096673,2.420636,7.885079
00064,14,-0.734710,-0.144670,-0.241152,-0.617347,-2.089636,2.434351,7.889390
00065,14,-0.709336,-0.190924,-0.251959,-0.630005,-2.082599,2.448066,7.893700
00066,14,-0.681656,-0.236408,-0.262452,-0.640762,-2.075562,2.461782,7.898011
00067,14,-0.651767,-0.280987,-0.272614,-0.649559,-2.068525,2.475497,7.902321
00068,14,-0.619778,-0.324533,-0.282425,-0.656345,-2.061488,2.489213,7.906632
00069,14,-0.585804,-0.366919,-0.291866,-0.661073,-2.054452,2.502928,7.910942
00070,14,-0.549966,-0.408025,-0.300917,-0.663703,-2.047415,2.516643,7.915253
00071,14,-0.512393,-0.447734,-0.309558,-0.664200,-2.040378,2.530359,7.919563
00072,14,-0.473220,-0.485935,-0.317766,-0.662537,-2.033341,2.544074,7.923874
00073,14,-0.432587,-0.522521,-0.325520,-0.658693,-2.026304,2.557789,7.928184
00074,14,-0.390640,-0.557393,-0.332796,-0.652656,-2.019267,2.571505,7.932494
00075,14,-0.347528,-0.590456,-0.339573,-0.644419,-2.012230,2.585220,7.936805
00076,14,-0.303406,-0.621623,-0.345825,-0.633983,-2.005193,2.598935,7.941115
00077,14,-0.258432,-0.650812,-0.351529,-0.621357,-1.998156,2.612651,7.945426
00078,14,-0.212766,-0.677949,-0.356660,-0.606555,-1.991120,2.626366,7.949736
00079,14,-0.166572,-0.702966,-0.361192,-0.589604,-1.984083,2.640082,7.954047
00080,14,-0.120013,-0.725803,-0.365102,-0.570532,-1.977046,2.653797,7.958357
00081,14,-0.073255,-0.746407,-0.368363,-0.549380,-1.970009,2.667512,7.962668
00082,14,-0.026466,-0.764732,-0.370950,-0.526194,-1.962972,2.681228,7.966978
00083,14,0.020190,-0.780739,-0.372839,-0.501028,-1.955935,2.694943,7.971289
00084,14,0.066547,-0.794399,-0.374003,-0.473945,-1.948898,2.708658,7.975599
00085,14,0.112442,-0.805687,-0.374418,-0.445012,-1.941861,2.722374,7.979909
00086,14,0.157711,-0.814589,-0.374061,-0.414307,-1.934824,2.736089,7.984220
00087,14,0.202197,-0.821095,-0.372908,-0.381914,-1.927788,2.749804,7.988530
00088,14,0.245743,-0.825207,-0.370936,-0.347922,-1.920751,2.763520,7.992841
00089,14,0.288198,-0.826931,-0.368124,-0.312429,-1.913714,2.777235,7.997151
00090,14,0.329414,-0.826280,-0.364451,-0.275539,-1.906677,2.790950,8.001462
00091,14,0.369249,-0.823278,-0.359899,-0.237361,-1.899640,2.804666,8.005772
00092,14,0.407565,-0.817953,-0.354449,-0.198012,-1.892603,2.818381,8.010083
00093,14,0.444231,-0.810341,-0.348087,-0.157612,-1.885566,2.832097,8.014393
00094,14,0.479124,-0.800484,-0.340797,-0.116288,-1.878529,2.845812,8.018703
00095,14,0.512127,-0.788431,-0.332568,-0.074172,-1.871492,2.859527,8.023014
00096,14,0.543128,-0.774238,-0.323391,-0.031397,-1.864455,2.873243,8.027324
00097,14,0.572028,-0.757966,-0.313258,0.011895,-1.857419,2.886958,8.031635
00098,14,0.598731,-0.739683,-0.302164,0.055562,-1.850382,2.900673,8.035945
00099,14,0.623154,-0.719461,-0.290107,0.099459,-1.843345,2.914389,8.040256
