00000,19,-0.230100,0.168182,-0.719321,0.633519,0.025498,0.376960,1.093249
00001,19,-0.193894,0.187648,-0.735487,0.621492,0.025641,0.376991,1.092757
00002,19,-0.157163,0.206639,-0.750046,0.608302,0.025783,0.377021,1.092264
00003,19,-0.119985,0.225109,-0.762971,0.593973,0.025926,0.377051,1.091772
00004,19,-0.082438,0.243015,-0.774239,0.578534,0.026069,0.377081,1.091279
00005,19,-0.044601,0.260314,-0.783828,0.562015,0.026211,0.377112,1.090786
00006,19,-0.006553,0.276966,-0.791721,0.544449,0.026354,0.377142,1.090294
00007,19,0.031623,0.292930,-0.797905,0.525870,0.026497,0.377172,1.089801
00008,19,0.069848,0.308169,-0.802370,0.506315,0.026639,0.377202,1.089309
00009,19,0.108041,0.322645,-0.805111,0.485822,0.026782,0.377232,1.088816
00010,19,0.146120,0.336325,-0.806124,0.464433,0.026924,0.377263,1.088324
00011,19,0.184004,0.349175,-0.805412,0.442189,0.027067,0.377293,1.087831
00012,19,0.221614,0.361165,-0.802978,0.419134,0.027210,0.377323,1.087338
00013,19,0.258869,0.372264,-0.798832,0.395314,0.027352,0.377353,1.086846
00014,19,0.295689,0.382447,-0.792986,0.370777,0.027495,0.377384,1.086353
00015,19,0.331995,0.391688,-0.785456,0.345570,0.027637,0.377414,1.085861
00016,19,0.367712,0.399964,-0.776261,0.319744,0.027780,0.377444,1.085368
00017,19,0.402761,0.407254,-0.765424,0.293351,0.027923,0.377474,1.084876
00018,19,0.437067,0.413539,-0.752972,0.266441,0.028065,0.377505,1.084383
00019,19,0.470558,0.418805,-0.738934,0.239070,0.028208,0.377535,1.083890
00020,19,0.503161,0.423035,-0.723344,0.211290,0.028350,0.377565,1.083398
00021,19,0.534806,0.426220,-0.706238,0.183157,0.028493,0.377595,1.082905
00022,19,0.565425,0.428349,-0.687656,0.154727,0.028636,0.377626,1.082413
00023,19,0.594952,0.429415,-0.667641,0.126056,0.028778,0.377656,1.081920
00024,19,0.623323,0.429414,-0.646239,0.097201,0.028921,0.377686,1.081428
00025,19,0.650476,0.428343,-0.623497,0.068218,0.029063,0.377716,1.080935
00026,19,0.676353,0.426204,-0.599469,0.039166,0.029206,0.377747,1.080442
00027,19,0.700896,0.422997,-0.574208,0.010101,0.029349,0.377777,1.079950
00028,19,0.724054,0.418730,-0.547771,-0.018919,0.029491,0.377807,1.079457
00029,19,0.745774,0.413408,-0.520218,-0.047838,0.029634,0.377837,1.078965
00030,19,0.766010,0.407042,-0.491609,-0.076597,0.029776,0.377867,1.078472
00031,19,0.784715,0.399643,-0.462009,-0.105141,0.029919,0.377898,1.077980
00032,19,0.801850,0.391226,-0.431484,-0.133413,0.030062,0.377928,1.077487
00033,19,0.817376,0.381809,-0.400101,-0.161359,0.030204,0.377958,1.076994
00034,19,0.831258,0.371409,-0.367931,-0.188922,0.030347,0.377988,1.076502
00035,19,0.843465,0.360048,-0.335044,-0.216050,0.030489,0.378019,1.076009
00036,19,0.853968,0.347750,-0.301513,-0.242689,0.030632,0.378049,1.075517
00037,19,0.862744,0.334540,-0.267412,-0.268788,0.030775,0.378079,1.075024
00038,19,0.869771,0.320446,-0.232816,-0.294295,0.030917,0.378109,1.074532
00039,19,0.875033,0.305496,-0.197801,-0.319162,0.031060,0.378140,1.074039
00040,19,0.878515,0.289724,-0.162445,-0.343340,0.031202,0.378170,1.073546
00041,19,0.880210,0.273161,-0.126825,-0.366782,0.031345,0.378200,1.073054
00042,19,0.880109,0.255845,-0.091019,-0.389444,0.031488,0.378230,1.072561
00043,19,0.878212,0.237810,-0.055105,-0.411282,0.031630,0.378261,1.072069
00044,19,0.874520,0.219097,-0.019162,-0.432254,0.031773,0.378291,1.071576
00045,19,0.869038,0.199745,0.016730,-0.452321,0.031915,0.378321,1.071084
00046,19,0.861776,0.179796,0.052495,-0.471445,0.032058,0.378351,1.070591
00047,19,0.852745,0.159293,0.088053,-0.489589,0.032201,0.378382,1.070098
00048,19,0.841964,0.138281,0.123327,-0.506721,0.032343,0.378412,1.069606
00049,19,0.829451,0.116805,0.158241,-0.522808,0.032486,0.378442,1.069113
00050,19,0.815231,0.094911,0.192717,-0.537820,0.032628,0.378472,1.068621
00051,19,0.799331,0.072649,0.226682,-0.551731,0.032771,0.378502,1.068128
00052,19,0.781782,0.050066,0.260061,-0.564516,0.032914,0.378533,1.067636
00053,19,0.762619,0.027212,0.292781,-0.576151,0.033056,0.378563,1.067143
00054,19,0.741880,0.004137,0.324772,-0.586618,0.033199,0.378593,1.066650
00055,19,0.719605,-0.019108,0.355963,-0.595897,0.033341,0.378623,1.066158
00056,19,0.695839,-0.042472,0.386288,-0.603975,0.033484,0.378654,1.065665
00057,19,0.670630,-0.065903,0.415681,-0.610837,0.033627,0.378684,1.065173
00058,19,0.644027,-0.089349,0.444077,-0.616474,0.033769,0.378714,1.064680
00059,19,0.616086,-0.112758,0.471416,-0.620879,0.033912,0.378744,1.064188
00060,19,0.586861,-0.136079,0.497638,-0.624046,0.034054,0.378775,1.063695
00061,19,0.556412,-0.159258,0.522687,-0.625972,0.034197,0.378805,1.063202
00062,19,0.524800,-0.182245,0.546508,-0.626658,0.034340,0.378835,1.062710
00063,19,0.492091,-0.204986,0.569050,-0.626106,0.034482,0.378865,1.062217
00064,19,0.458349,-0.227433,0.590264,-0.624322,0.034625,0.378896,1.061725
00065,19,0.423644,-0.249533,0.610105,-0.621314,0.034768,0.378926,1.061232
00066,19,0.388046,-0.271236,0.628530,-0.617091,0.034910,0.378956,1.060740
00067,19,0.351627,-0.292494,0.645500,-0.611666,0.035053,0.378986,1.060247
00068,19,0.314463,-0.313258,0.660977,-0.605055,0.035195,0.379017,1.059754
00069,19,0.276628,-0.333480,0.674930,-0.597275,0.035338,0.379047,1.059262
00070,19,0.238200,-0.353114,0.687328,-0.588347,0.035481,0.379077,1.058769
00071,19,0.199257,-0.372114,0.698144,-0.578293,0.035623,0.379107,1.058277
00072,19,0.159880,-0.390437,0.707356,-0.567137,0.035766,0.379137,1.057784
00073,19,0.120148,-0.408039,0.714945,-0.554908,0.035908,0.379168,1.057292
00074,19,0.080143,-0.424880,0.720894,-0.541633,0.036051,0.379198,1.056799
00075,19,0.039946,-0.440919,0.725191,-0.527345,0.036194,0.379228,1.056306
00076,19,-0.000359,-0.456119,0.727828,-0.512076,0.036336,0.379258,1.055814
00077,19,-0.040691,-0.470442,0.728800,-0.495862,0.036479,0.379289,1.055321
00078,19,-0.080967,-0.483855,0.728104,-0.478741,0.036621,0.379319,1.054829
00079,19,-0.121104,-0.496325,0.725744,-0.460751,0.036764,0.379349,1.054336
00080,19,-0.161020,-0.507819,0.721725,-0.441933,0.036907,0.379379,1.053844
00081,19,-0.200633,-0.518311,0.716057,-0.422330,0.037049,0.379410,1.053351
00082,19,-0.239863,-0.527772,0.708753,-0.401986,0.037192,0.379440,1.052858
00083,19,-0.278628,-0.536178,0.699829,-0.380945,0.037334,0.379470,1.052366
00084,19,-0.316849,-0.543506,0.689306,-0.359256,0.037477,0.379500,1.051873
00085,19,-0.354448,-0.549737,0.677207,-0.336967,0.037620,0.379531,1.051381
00086,19,-0.391347,-0.554851,0.663560,-0.314125,0.037762,0.379561,1.050888
00087,19,-0.427473,-0.558835,0.648395,-0.290782,0.037905,0.379591,1.050396
00088,19,-0.462749,-0.561673,0.631747,-0.266989,0.038047,0.379621,1.049903
00089,19,-0.497104,-0.563355,0.613651,-0.242799,0.038190,0.379652,1.049410
00090,19,-0.530468,-0.563872,0.594149,-0.218262,0.038333,0.379682,1.048918
00091,19,-0.562772,-0.563219,0.573284,-0.193434,0.038475,0.379712,1.048425
00092,19,-0.593951,-0.561391,0.551103,-0.168368,0.038618,0.379742,1.047933
00093,19,-0.623940,-0.558388,0.527654,-0.143118,0.038760,0.379772,1.047440
00094,19,-0.652679,-0.554210,0.502989,-0.117739,0.038903,0.379803,1.046948
00095,19,-0.680108,-0.548862,0.477165,-0.092285,0.039046,0.379833,1.046455
00096,19,-0.706173,-0.542350,0.450236,-0.066811,0.039188,0.379863,1.045962
00097,19,-0.730819,-0.534682,0.422265,-0.041371,0.039331,0.379893,1.045470
00098,19,-0.753996,-0.525870,0.393312,-0.016020,0.039473,0.379924,1.044977
00099,19,-0.775658,-0.515926,0.363441,0.009189,0.039616,0.379954,1.044485
