00000,23,-0.389291,0.745049,-0.541075,0.024333,-17.240432,-2.337446,63.898345
00001,23,-0.368218,0.765224,-0.527962,0.010144,-17.289087,-2.278986,63.866701
00002,23,-0.347156,0.784434,-0.513931,-0.004519,-17.337743,-2.220526,63.835058
00003,23,-0.326145,0.802652,-0.498993,-0.019623,-17.386398,-2.162066,63.803415
00004,23,-0.305224,0.819853,-0.483161,-0.035131,-17.435054,-2.103606,63.771771
00005,23,-0.284430,0.836015,-0.466450,-0.051007,-17.483709,-2.045146,63.740128
00006,23,-0.263802,0.851117,-0.448878,-0.067214,-17.532365,-1.986686,63.708485
00007,23,-0.243378,0.865137,-0.430461,-0.083714,-17.581020,-1.928226,63.676841
00008,23,-0.223193,0.878060,-0.411221,-0.100467,-17.629675,-1.869766,63.645198
00009,23,-0.203284,0.889868,-0.391178,-0.117434,-17.678331,-1.811306,63.613555
00010,23,-0.183687,0.900547,-0.370356,-0.134574,-17.726986,-1.752846,63.581911
00011,23,-0.164436,0.910086,-0.348778,-0.151848,-17.775642,-1.694386,63.550268
00012,23,-0.145565,0.918474,-0.326471,-0.169213,-17.824297,-1.635926,63.518625
00013,23,-0.127106,0.925702,-0.303461,-0.186629,-17.872952,-1.577466,63.486981
00014,23,-0.109091,0.931765,-0.279777,-0.204054,-17.921608,-1.519005,63.455338
00015,23,-0.091551,0.936657,-0.255449,-0.221445,-17.970263,-1.460545,63.423695
00016,23,-0.074515,0.940376,-0.230507,-0.238762,-18.018919,-1.402085,63.392051
00017,23,-0.058011,0.942921,-0.204985,-0.255961,-18.067574,-1.343625,63.360408
00018,23,-0.042067,0.944294,-0.178915,-0.273000,-18.116230,-1.285165,63.328765
00019,23,-0.026708,0.944497,-0.152332,-0.289839,-18.164885,-1.226705,63.297121
00020,23,-0.011959,0.943537,-0.125271,-0.306435,-18.213540,-1.168245,63.265478
00021,23,0.002158,0.941420,-0.097769,-0.322747,-18.262196,-1.109785,63.233835
00022,23,0.015620,0.938155,-0.069863,-0.338735,-18.310851,-1.051325,63.202191
00023,23,0.028408,0.933753,-0.041591,-0.354357,-18.359507,-0.992865,63.170548
00024,23,0.040503,0.928227,-0.012992,-0.369575,-18.408162,-0.934405,63.138905
00025,23,0.051888,0.921592,0.015893,-0.384348,-18.456817,-0.875945,63.107261
00026,23,0.062548,0.913864,0.045026,-0.398639,-18.505473,-0.817485,63.075618
00027,23,0.072468,0.905061,0.074364,-0.412410,-18.554128,-0.759025,63.043975
00028,23,0.081636,0.895204,0.103867,-0.425624,-18.602784,-0.700565,63.012331
00029,23,0.090043,0.884315,0.133492,-0.438246,-18.651439,-0.642105,62.980688
00030,23,0.097677,0.872416,0.163198,-0.450240,-18.700095,-0.583644,62.949045
00031,23,0.104533,0.859532,0.192942,-0.461574,-18.748750,-0.525184,62.917401
00032,23,0.110605,0.845691,0.222682,-0.472214,-18.797405,-0.466724,62.885758
00033,23,0.115888,0.830920,0.252374,-0.482129,-18.846061,-0.408264,62.854114
00034,23,0.120381,0.815250,0.281976,-0.491290,-18.894716,-0.349804,62.822471
00035,23,0.124083,0.798710,0.311446,-0.499668,-18.943372,-0.291344,62.790828
00036,23,0.126996,0.781333,0.340740,-0.507235,-18.992027,-0.232884,62.759184
00037,23,0.129120,0.763153,0.369816,-0.513966,-19.040682,-0.174424,62.727541
00038,23,0.130463,0.744205,0.398631,-0.519838,-19.089338,-0.115964,62.695898
00039,23,0.131028,0.724525,0.427145,-0.524826,-19.137993,-0.057504,62.664254
00040,23,0.130825,0.704149,0.455315,-0.528911,-19.186649,0.000956,62.632611
00041,23,0.129863,0.683116,0.483101,-0.532073,-19.235304,0.059416,62.600968
00042,23,0.128152,0.661464,0.510462,-0.534295,-19.283960,0.117876,62.569324
00043,23,0.125705,0.639235,0.537357,-0.535560,-19.332615,0.176336,62.537681
00044,23,0.122537,0.616467,0.563749,-0.535854,-19.381270,0.234796,62.506038
00045,23,0.118662,0.593203,0.589598,-0.535166,-19.429926,0.293256,62.474394
00046,23,0.114097,0.569485,0.614867,-0.533485,-19.478581,0.351716,62.442751
00047,23,0.108862,0.545355,0.639520,-0.530802,-19.527237,0.410177,62.411108
00048,23,0.102976,0.520856,0.663520,-0.527111,-19.575892,0.468637,62.379464
00049,23,0.096460,0.496032,0.686833,-0.522406,-19.624547,0.527097,62.347821
00050,23,0.089337,0.470926,0.709425,-0.516686,-19.673203,0.585557,62.316178
00051,23,0.081630,0.445582,0.731264,-0.509947,-19.721858,0.644017,62.284534
00052,23,0.073364,0.420045,0.752318,-0.502193,-19.770514,0.702477,62.252891
00053,23,0.064565,0.394358,0.772558,-0.493424,-19.819169,0.760937,62.221248
00054,23,0.055261,0.368567,0.791954,-0.483647,-19.867825,0.819397,62.189604
00055,23,0.045479,0.342714,0.810479,-0.472866,-19.916480,0.877857,62.157961
00056,23,0.035249,0.316845,0.828107,-0.461092,-19.965135,0.936317,62.126318
00057,23,0.024600,0.291002,0.844813,-0.448334,-20.013791,0.994777,62.094674
00058,23,0.013565,0.265229,0.860575,-0.434604,-20.062446,1.053237,62.063031
00059,23,0.002173,0.239570,0.875370,-0.419916,-20.111102,1.111697,62.031388
00060,23,-0.009542,0.214067,0.889178,-0.404286,-20.159757,1.170157,61.999744
00061,23,-0.021548,0.188761,0.901981,-0.387731,-20.208413,1.228617,61.968101
00062,23,-0.033810,0.163695,0.913762,-0.370271,-20.257068,1.287077,61.936458
00063,23,-0.046294,0.138909,0.924505,-0.351926,-20.305723,1.345538,61.904814
00064,23,-0.058967,0.114443,0.934197,-0.332720,-20.354379,1.403998,61.873171
00065,23,-0.071792,0.090336,0.942825,-0.312675,-20.403034,1.462458,61.841528
00066,23,-0.084736,0.066626,0.950380,-0.291819,-20.451690,1.520918,61.809884
00067,23,-0.097761,0.043352,0.956853,-0.270179,-20.500345,1.579378,61.778241
00068,23,-0.110832,0.020549,0.962236,-0.247783,-20.549000,1.637838,61.746598
00069,23,-0.123914,-0.001748,0.966525,-0.224661,-20.597656,1.696298,61.714954
00070,23,-0.136970,-0.023504,0.969715,-0.200846,-20.646311,1.754758,61.683311
00071,23,-0.149964,-0.044687,0.971806,-0.176370,-20.694967,1.813218,61.651668
00072,23,-0.162861,-0.065264,0.972798,-0.151267,-20.743622,1.871678,61.620024
00073,23,-0.175625,-0.085205,0.972691,-0.125574,-20.792278,1.930138,61.588381
00074,23,-0.188221,-0.104481,0.971489,-0.099326,-20.840933,1.988598,61.556738
00075,23,-0.200613,-0.123065,0.969198,-0.072561,-20.889588,2.047058,61.525094
00076,23,-0.212766,-0.140930,0.965824,-0.045318,-20.938244,2.105518,61.493451
00077,23,-0.224647,-0.158051,0.961375,-0.017638,-20.986899,2.163978,61.461808
00078,23,-0.236221,-0.174405,0.955863,0.010441,-21.035555,2.222438,61.430164
00079,23,-0.247454,-0.189969,0.949298,0.038876,-21.084210,2.280898,61.398521
00080,23,-0.258315,-0.204725,0.941694,0.067625,-21.132865,2.339359,61.366878
00081,23,-0.268770,-0.218653,0.933066,0.096645,-21.181521,2.397819,61.335234
00082,23,-0.278789,-0.231736,0.923431,0.125893,-21.230176,2.456279,61.303591
00083,23,-0.288341,-0.243959,0.912807,0.155326,-21.278832,2.514739,61.271948
00084,23,-0.297396,-0.255308,0.901214,0.184898,-21.327487,2.573199,61.240304
00085,23,-0.305925,-0.265772,0.888672,0.214564,-21.376143,2.631659,61.208661
00086,23,-0.313901,-0.275339,0.875204,0.244281,-21.424798,2.690119,61.177017
00087,23,-0.321296,-0.284003,0.860834,0.274001,-21.473453,2.748579,61.145374
00088,23,-0.328084,-0.291754,0.845587,0.303681,-21.522109,2.807039,61.113731
00089,23,-0.334241,-0.298590,0.829491,0.333274,-21.570764,2.865499,61.082087
00090,23,-0.339743,-0.304506,0.812572,0.362735,-21.619420,2.923959,61.050444
00091,23,-0.344568,-0.309501,0.794861,0.392019,-21.668075,2.982419,61.018801
00092,23,-0.348694,-0.313575,0.776386,0.421079,-21.716730,3.040879,60.987157
00093,23,-0.352100,-0.316730,0.757181,0.449872,-21.765386,3.099339,60.955514
00094,23,-0.354770,-0.318970,0.737276,0.478352,-21.814041,3.157799,60.923871
00095,23,-0.356684,-0.320300,0.716706,0.506475,-21.862697,3.216259,60.892227
00096,23,-0.357828,-0.320727,0.695505,0.534196,-21.911352,3.274720,60.860584
00097,23,-0.358186,-0.320261,0.673708,0.561474,-21.960008,3.333180,60.828941
00098,23,-0.357746,-0.318912,0.651352,0.588264,-22.008663,3.391640,60.797297
00099,23,-0.356495,-0.316692,0.628472,0.614524,-22.057318,3.450100,60.765654
