00000,14,-0.535103,0.198588,-0.816133,-0.090299,-0.189654,3.565229,10.687303
00001,14,-0.499548,0.189558,-0.839288,-0.100576,-0.177948,3.570143,10.704929
00002,14,-0.463019,0.180133,-0.860756,-0.110742,-0.166243,3.575056,10.722555
00003,14,-0.425587,0.170339,-0.880496,-0.120776,-0.154538,3.579970,10.740181
00004,14,-0.387326,0.160199,-0.898467,-0.130658,-0.142833,3.584884,10.757807
00005,14,-0.348309,0.149739,-0.914634,-0.140370,-0.131128,3.589798,10.775433
00006,14,-0.308614,0.138983,-0.928964,-0.149890,-0.119423,3.594712,10.793059
00007,14,-0.268317,0.127960,-0.941428,-0.159200,-0.107718,3.599626,10.810685
00008,14,-0.227499,0.116694,-0.952002,-0.168280,-0.096013,3.604539,10.828311
00009,14,-0.186238,0.105212,-0.960665,-0.177110,-0.084308,3.609453,10.845937
00010,14,-0.144614,0.093544,-0.967400,-0.185671,-0.072603,3.614367,10.863564
00011,14,-0.102710,0.081715,-0.972193,-0.193945,-0.060897,3.619281,10.881190
00012,14,-0.060608,0.069753,-0.975034,-0.201913,-0.049192,3.624195,10.898816
00013,14,-0.018389,0.057687,-0.975920,-0.209557,-0.037487,3.629109,10.916442
00014,14,0.023865,0.045544,-0.974848,-0.216860,-0.025782,3.634023,10.934068
00015,14,0.066069,0.033353,-0.971820,-0.223803,-0.014077,3.638936,10.951694
00016,14,0.108143,0.021140,-0.966844,-0.230371,-0.002372,3.643850,10.969320
00017,14,0.150003,0.008935,-0.959930,-0.236547,0.009333,3.648764,10.986946
00018,14,0.191568,-0.003237,-0.951091,-0.242315,0.021038,3.653678,11.004572
00019,14,0.232756,-0.015348,-0.940347,-0.247662,0.032743,3.658592,11.022198
00020,14,0.273488,-0.027370,-0.927719,-0.252572,0.044448,3.663506,11.039824
00021,14,0.313682,-0.039278,-0.913233,-0.257031,0.056154,3.668420,11.057451
00022,14,0.353262,-0.051046,-0.896919,-0.261029,0.067859,3.673333,11.075077
00023,14,0.392148,-0.062648,-0.878810,-0.264551,0.079564,3.678247,11.092703
00024,14,0.430266,-0.074059,-0.858943,-0.267588,0.091269,3.683161,11.110329
00025,14,0.467540,-0.085256,-0.837358,-0.270129,0.102974,3.688075,11.127955
00026,14,0.503897,-0.096214,-0.814099,-0.272165,0.114679,3.692989,11.145581
00027,14,0.539266,-0.106912,-0.789213,-0.273688,0.126384,3.697903,11.163207
00028,14,0.573578,-0.117327,-0.762750,-0.274689,0.138089,3.702817,11.180833
00029,14,0.606766,-0.127438,-0.734765,-0.275164,0.149794,3.707730,11.198459
00030,14,0.638763,-0.137224,-0.705314,-0.275106,0.161500,3.712644,11.216085
00031,14,0.669508,-0.146667,-0.674456,-0.274512,0.173205,3.717558,11.233712
00032,14,0.698940,-0.155748,-0.642253,-0.273377,0.184910,3.722472,11.251338
00033,14,0.727001,-0.164450,-0.608772,-0.271702,0.196615,3.727386,11.268964
00034,14,0.753637,-0.172756,-0.574078,-0.269483,0.208320,3.732300,11.286590
00035,14,0.778793,-0.180650,-0.538243,-0.266723,0.220025,3.737213,11.304216
00036,14,0.802421,-0.188119,-0.501339,-0.263421,0.231730,3.742127,11.321842
00037,14,0.824475,-0.195149,-0.463439,-0.259581,0.243435,3.747041,11.339468
00038,14,0.844910,-0.201728,-0.424620,-0.255207,0.255140,3.751955,11.357094
00039,14,0.863686,-0.207845,-0.384960,-0.250303,0.266845,3.756869,11.374720
00040,14,0.880767,-0.213490,-0.344540,-0.244876,0.278551,3.761783,11.392346
00041,14,0.896117,-0.218654,-0.303439,-0.238934,0.290256,3.766697,11.409973
00042,14,0.909707,-0.223331,-0.261741,-0.232484,0.301961,3.771610,11.427599
00043,14,0.921509,-0.227512,-0.219530,-0.225536,0.313666,3.776524,11.445225
00044,14,0.931499,-0.231194,-0.176889,-0.218102,0.325371,3.781438,11.462851
00045,14,0.939659,-0.234371,-0.133905,-0.210193,0.337076,3.786352,11.480477
00046,14,0.945970,-0.237042,-0.090664,-0.201822,0.348781,3.791266,11.498103
00047,14,0.950420,-0.239203,-0.047252,-0.193005,0.360486,3.796180,11.515729
00048,14,0.953000,-0.240855,-0.003756,-0.183756,0.372191,3.801094,11.533355
00049,14,0.953703,-0.241997,0.039736,-0.174093,0.383896,3.806007,11.550981
00050,14,0.952529,-0.242631,0.083139,-0.164031,0.395602,3.810921,11.568607
00051,14,0.949478,-0.242760,0.126365,-0.153592,0.407307,3.815835,11.586234
00052,14,0.944556,-0.242388,0.169327,-0.142793,0.419012,3.820749,11.603860
00053,14,0.937772,-0.241518,0.211941,-0.131655,0.430717,3.825663,11.621486
00054,14,0.929139,-0.240157,0.254121,-0.120200,0.442422,3.830577,11.639112
00055,14,0.918672,-0.238311,0.295783,-0.108451,0.454127,3.835490,11.656738
00056,14,0.906392,-0.235988,0.336845,-0.096430,0.465832,3.840404,11.674364
00057,14,0.892321,-0.233197,0.377224,-0.084162,0.477537,3.845318,11.691990
00058,14,0.876488,-0.229947,0.416840,-0.071671,0.489242,3.850232,11.709616
00059,14,0.858922,-0.226248,0.455615,-0.058983,0.500947,3.855146,11.727242
00060,14,0.839657,-0.222112,0.493472,-0.046123,0.512653,3.860060,11.744868
00061,14,0.818731,-0.217550,0.530335,-0.033119,0.524358,3.864974,11.762494
00062,14,0.796183,-0.212575,0.566131,-0.019998,0.536063,3.869887,11.780121
00063,14,0.772057,-0.207201,0.600791,-0.006786,0.547768,3.874801,11.797747
00064,14,0.746401,-0.201441,0.634244,0.006487,0.559473,3.879715,11.815373
00065,14,0.719263,-0.195311,0.666425,0.019794,0.571178,3.884629,11.832999
00066,14,0.690697,-0.188826,0.697270,0.033106,0.582883,3.889543,11.850625
00067,14,0.660759,-0.182000,0.726719,0.046393,0.594588,3.894457,11.868251
00068,14,0.629506,-0.174852,0.754714,0.059628,0.606293,3.899371,11.885877
00069,14,0.597000,-0.167398,0.781199,0.072781,0.617998,3.904284,11.903503
00070,14,0.563303,-0.159654,0.806123,0.085823,0.629704,3.909198,11.921129
00071,14,0.528482,-0.151639,0.829437,0.098725,0.641409,3.914112,11.938755
00072,14,0.492605,-0.143370,0.851094,0.111458,0.653114,3.919026,11.956382
00073,14,0.455743,-0.134866,0.871054,0.123994,0.664819,3.923940,11.974008
00074,14,0.417966,-0.126146,0.889277,0.136304,0.676524,3.928854,11.991634
00075,14,0.379350,-0.117227,0.905727,0.148360,0.688229,3.933768,12.009260
00076,14,0.339970,-0.108129,0.920373,0.160134,0.699934,3.938681,12.026886
00077,14,0.299903,-0.098871,0.933186,0.171601,0.711639,3.943595,12.044512
00078,14,0.259228,-0.089471,0.944142,0.182732,0.723344,3.948509,12.062138
00079,14,0.218026,-0.079949,0.953221,0.193502,0.735049,3.953423,12.079764
00080,14,0.176376,-0.070324,0.960404,0.203886,0.746755,3.958337,12.097390
00081,14,0.134363,-0.060615,0.965679,0.213860,0.758460,3.963251,12.115016
00082,14,0.092067,-0.050840,0.969037,0.223398,0.770165,3.968164,12.132643
00083,14,0.049572,-0.041019,0.970470,0.232480,0.781870,3.973078,12.150269
00084,14,0.006964,-0.031171,0.969979,0.241083,0.793575,3.977992,12.167895
00085,14,-0.035675,-0.021312,0.967564,0.249185,0.805280,3.982906,12.185521
00086,14,-0.078260,-0.011463,0.963231,0.256768,0.816985,3.987820,12.203147
00087,14,-0.120707,-0.001641,0.956990,0.263813,0.828690,3.992734,12.220773
00088,14,-0.162931,0.008137,0.948854,0.270301,0.840395,3.997648,12.238399
00089,14,-0.204849,0.017853,0.938841,0.276217,0.852101,4.002561,12.256025
00090,14,-0.246378,0.027491,0.926970,0.281545,0.863806,4.007475,12.273651
00091,14,-0.287434,0.037032,0.913268,0.286273,0.875511,4.012389,12.291277
00092,14,-0.327938,0.046462,0.897760,0.290386,0.887216,4.017303,12.308903
00093,14,-0.367806,0.055764,0.880481,0.293875,0.898921,4.022217,12.326530
00094,14,-0.406962,0.064923,0.861463,0.296729,0.910626,4.027131,12.344156
00095,14,-0.445325,0.073923,0.840747,0.298941,0.922331,4.032045,12.361782
00096,14,-0.482821,0.082752,0.818373,0.300503,0.934036,4.036958,12.379408
00097,14,-0.519373,0.091393,0.794387,0.301410,0.945741,4.041872,12.397034
00098,14,-0.554908,0.099835,0.768838,0.301659,0.957446,4.046786,12.414660
00099,14,-0.589356,0.108063,0.741776,0.301247,0.969152,4.051700,12.432286
