00000,67,-0.917499,0.091375,0.100035,0.373951,-2.354209,-4.046241,22.880993
00001,67,-0.921056,0.085595,0.107738,0.364311,-2.397827,-4.017173,22.836688
00002,67,-0.924435,0.079744,0.115386,0.354607,-2.441445,-3.988106,22.792383
00003,67,-0.927637,0.073823,0.122978,0.344842,-2.485063,-3.959039,22.748078
00004,67,-0.930660,0.067833,0.130512,0.335018,-2.528681,-3.929971,22.703773
00005,67,-0.933503,0.061775,0.137988,0.325138,-2.572300,-3.900904,22.659467
00006,67,-0.936166,0.055649,0.145404,0.315204,-2.615918,-3.871837,22.615162
00007,67,-0.938648,0.049459,0.152758,0.305218,-2.659536,-3.842769,22.570857
00008,67,-0.940948,0.043204,0.160050,0.295184,-2.703154,-3.813702,22.526552
00009,67,-0.943066,0.036885,0.167279,0.285104,-2.746772,-3.784635,22.482247
00010,67,-0.945000,0.030505,0.174443,0.274981,-2.790390,-3.755567,22.437942
00011,67,-0.946750,0.024064,0.181542,0.264817,-2.834008,-3.726500,22.393637
00012,67,-0.948316,0.017563,0.188573,0.254614,-2.877627,-3.697433,22.349331
00013,67,-0.949697,0.011005,0.195537,0.244376,-2.921245,-3.668365,22.305026
00014,67,-0.950893,0.004389,0.202432,0.234105,-2.964863,-3.639298,22.260721
00015,67,-0.951903,-0.002281,0.209257,0.223803,-3.008481,-3.610231,22.216416
00016,67,-0.952726,-0.009006,0.216011,0.213473,-3.052099,-3.581163,22.172111
00017,67,-0.953363,-0.015784,0.222693,0.203119,-3.095717,-3.552096,22.127806
00018,67,-0.953813,-0.022613,0.229302,0.192742,-3.139335,-3.523029,22.083501
00019,67,-0.954076,-0.029491,0.235837,0.182345,-3.182953,-3.493961,22.039195
00020,67,-0.954152,-0.036419,0.242298,0.171931,-3.226572,-3.464894,21.994890
00021,67,-0.954040,-0.043393,0.248682,0.161502,-3.270190,-3.435827,21.950585
00022,67,-0.953740,-0.050412,0.254990,0.151061,-3.313808,-3.406759,21.906280
00023,67,-0.953252,-0.057476,0.261220,0.140611,-3.357426,-3.377692,21.861975
00024,67,-0.952576,-0.064582,0.267371,0.130154,-3.401044,-3.348625,21.817670
00025,67,-0.951713,-0.071730,0.273443,0.119693,-3.444662,-3.319557,21.773365
00026,67,-0.950661,-0.078917,0.279435,0.109230,-3.488280,-3.290490,21.729059
00027,67,-0.949422,-0.086142,0.285346,0.098769,-3.531899,-3.261423,21.684754
00028,67,-0.947995,-0.093403,0.291175,0.088311,-3.575517,-3.232355,21.640449
00029,67,-0.946380,-0.100699,0.296922,0.077860,-3.619135,-3.203288,21.596144
00030,67,-0.944578,-0.108029,0.302585,0.067417,-3.662753,-3.174221,21.551839
00031,67,-0.942588,-0.115390,0.308164,0.056986,-3.706371,-3.145153,21.507534
00032,67,-0.940412,-0.122781,0.313659,0.046570,-3.749989,-3.116086,21.463229
00033,67,-0.938049,-0.130201,0.319068,0.036170,-3.793607,-3.087019,21.418923
00034,67,-0.935499,-0.137648,0.324390,0.025789,-3.837226,-3.057951,21.374618
00035,67,-0.932764,-0.145120,0.329626,0.015430,-3.880844,-3.028884,21.330313
00036,67,-0.929843,-0.152616,0.334775,0.005095,-3.924462,-2.999817,21.286008
00037,67,-0.926737,-0.160133,0.339835,-0.005212,-3.968080,-2.970749,21.241703
00038,67,-0.923447,-0.167671,0.344807,-0.015490,-4.011698,-2.941682,21.197398
00039,67,-0.919973,-0.175227,0.349690,-0.025736,-4.055316,-2.912615,21.153093
00040,67,-0.916315,-0.182801,0.354483,-0.035948,-4.098934,-2.883547,21.108787
00041,67,-0.912475,-0.190389,0.359185,-0.046122,-4.142552,-2.854480,21.064482
00042,67,-0.908453,-0.197991,0.363797,-0.056257,-4.186171,-2.825413,21.020177
00043,67,-0.904249,-0.205605,0.368317,-0.066350,-4.229789,-2.796345,20.975872
00044,67,-0.899865,-0.213229,0.372746,-0.076399,-4.273407,-2.767278,20.931567
00045,67,-0.895301,-0.220861,0.377083,-0.086401,-4.317025,-2.738211,20.887262
00046,67,-0.890558,-0.228500,0.381327,-0.096353,-4.360643,-2.709143,20.842957
00047,67,-0.885637,-0.236144,0.385477,-0.106254,-4.404261,-2.680076,20.798651
00048,67,-0.880539,-0.243791,0.389535,-0.116100,-4.447879,-2.651009,20.754346
00049,67,-0.875265,-0.251439,0.393499,-0.125890,-4.491498,-2.621942,20.710041
00050,67,-0.869816,-0.259087,0.397368,-0.135622,-4.535116,-2.592874,20.665736
00051,67,-0.864192,-0.266733,0.401143,-0.145292,-4.578734,-2.563807,20.621431
00052,67,-0.858395,-0.274375,0.404823,-0.154898,-4.622352,-2.534740,20.577126
00053,67,-0.852427,-0.282012,0.408409,-0.164439,-4.665970,-2.505672,20.532821
00054,67,-0.846287,-0.289641,0.411899,-0.173912,-4.709588,-2.476605,20.488515
00055,67,-0.839978,-0.297261,0.415293,-0.183314,-4.753206,-2.447538,20.444210
00056,67,-0.833501,-0.304870,0.418592,-0.192644,-4.796825,-2.418470,20.399905
00057,67,-0.826856,-0.312467,0.421795,-0.201899,-4.840443,-2.389403,20.355600
00058,67,-0.820045,-0.320049,0.424901,-0.211076,-4.884061,-2.360336,20.311295
00059,67,-0.813070,-0.327615,0.427912,-0.220175,-4.927679,-2.331268,20.266990
00060,67,-0.805932,-0.335163,0.430825,-0.229192,-4.971297,-2.302201,20.222685
00061,67,-0.798632,-0.342691,0.433643,-0.238126,-5.014915,-2.273134,20.178379
00062,67,-0.791171,-0.350198,0.436364,-0.246974,-5.058533,-2.244066,20.134074
00063,67,-0.783552,-0.357682,0.438988,-0.255735,-5.102151,-2.214999,20.089769
00064,67,-0.775775,-0.365140,0.441515,-0.264406,-5.145770,-2.185932,20.045464
00065,67,-0.767842,-0.372572,0.443945,-0.272985,-5.189388,-2.156864,20.001159
00066,67,-0.759756,-0.379975,0.446279,-0.281470,-5.233006,-2.127797,19.956854
00067,67,-0.751516,-0.387348,0.448516,-0.289860,-5.276624,-2.098730,19.912549
00068,67,-0.743125,-0.394689,0.450656,-0.298151,-5.320242,-2.069662,19.868243
00069,67,-0.734586,-0.401996,0.452699,-0.306343,-5.363860,-2.040595,19.823938
00070,67,-0.725898,-0.409268,0.454646,-0.314434,-5.407478,-2.011528,19.779633
00071,67,-0.717065,-0.416502,0.456496,-0.322421,-5.451097,-1.982460,19.735328
00072,67,-0.708087,-0.423698,0.458250,-0.330303,-5.494715,-1.953393,19.691023
00073,67,-0.698967,-0.430852,0.459907,-0.338078,-5.538333,-1.924326,19.646718
00074,67,-0.689707,-0.437965,0.461468,-0.345744,-5.581951,-1.895258,19.602413
00075,67,-0.680308,-0.445033,0.462933,-0.353299,-5.625569,-1.866191,19.558107
00076,67,-0.670772,-0.452055,0.464302,-0.360742,-5.669187,-1.837124,19.513802
00077,67,-0.661101,-0.459030,0.465576,-0.368071,-5.712805,-1.808056,19.469497
00078,67,-0.651298,-0.465955,0.466754,-0.375284,-5.756424,-1.778989,19.425192
00079,67,-0.641363,-0.472830,0.467836,-0.382379,-5.800042,-1.749922,19.380887
00080,67,-0.631300,-0.479652,0.468824,-0.389356,-5.843660,-1.720854,19.336582
00081,67,-0.621110,-0.486419,0.469717,-0.396212,-5.887278,-1.691787,19.292277
00082,67,-0.610795,-0.493131,0.470516,-0.402946,-5.930896,-1.662720,19.247971
00083,67,-0.600357,-0.499785,0.471221,-0.409556,-5.974514,-1.633652,19.203666
00084,67,-0.589799,-0.506381,0.471832,-0.416042,-6.018132,-1.604585,19.159361
00085,67,-0.579122,-0.512915,0.472350,-0.422400,-6.061751,-1.575518,19.115056
00086,67,-0.568329,-0.519387,0.472774,-0.428631,-6.105369,-1.546450,19.070751
00087,67,-0.557422,-0.525795,0.473106,-0.434732,-6.148987,-1.517383,19.026446
00088,67,-0.546403,-0.532137,0.473346,-0.440702,-6.192605,-1.488316,18.982141
00089,67,-0.535274,-0.538412,0.473494,-0.446540,-6.236223,-1.459248,18.937835
00090,67,-0.524038,-0.544618,0.473550,-0.452245,-6.279841,-1.430181,18.893530
00091,67,-0.512696,-0.550754,0.473516,-0.457815,-6.323459,-1.401114,18.849225
00092,67,-0.501252,-0.556819,0.473391,-0.463250,-6.367077,-1.372046,18.804920
00093,67,-0.489707,-0.562809,0.473176,-0.468547,-6.410696,-1.342979,18.760615
00094,67,-0.478065,-0.568726,0.472872,-0.473706,-6.454314,-1.313912,18.716310
00095,67,-0.466326,-0.574565,0.472479,-0.478726,-6.497932,-1.284844,18.672005
00096,67,-0.454494,-0.580327,0.471997,-0.483605,-6.541550,-1.255777,18.627699
00097,67,-0.442571,-0.586010,0.471428,-0.488343,-6.585168,-1.226710,18.583394
00098,67,-0.430559,-0.591612,0.470771,-0.492939,-6.628786,-1.197642,18.539089
00099,67,-0.418461,-0.597132,0.470028,-0.497391,-6.672404,-1.168575,18.494784
