00000,20,0.884737,0.432585,-0.063672,0.161424,23.872275,9.022755,129.221212
00001,20,0.891606,0.412089,-0.085969,0.166828,24.019980,8.886047,128.990637
00002,20,0.897580,0.391314,-0.108396,0.171678,24.167685,8.749339,128.760062
00003,20,0.902655,0.370282,-0.130923,0.175966,24.315389,8.612631,128.529488
00004,20,0.906826,0.349016,-0.153519,0.179684,24.463094,8.475923,128.298913
00005,20,0.910090,0.327538,-0.176154,0.182823,24.610799,8.339216,128.068339
00006,20,0.912445,0.305871,-0.198800,0.185379,24.758504,8.202508,127.837764
00007,20,0.913890,0.284039,-0.221425,0.187344,24.906209,8.065800,127.607189
00008,20,0.914425,0.262065,-0.244000,0.188713,25.053914,7.929092,127.376615
00009,20,0.914052,0.239973,-0.266494,0.189482,25.201619,7.792385,127.146040
00010,20,0.912772,0.217786,-0.288877,0.189647,25.349324,7.655677,126.915465
00011,20,0.910590,0.195528,-0.311120,0.189205,25.497028,7.518969,126.684891
00012,20,0.907511,0.173222,-0.333192,0.188154,25.644733,7.382261,126.454316
00013,20,0.903538,0.150894,-0.355063,0.186492,25.792438,7.245553,126.223742
00014,20,0.898681,0.128567,-0.376705,0.184218,25.940143,7.108846,125.993167
00015,20,0.892946,0.106265,-0.398086,0.181334,26.087848,6.972138,125.762592
00016,20,0.886343,0.084011,-0.419179,0.177839,26.235553,6.835430,125.532018
00017,20,0.878881,0.061830,-0.439955,0.173736,26.383258,6.698722,125.301443
00018,20,0.870573,0.039745,-0.460384,0.169026,26.530962,6.562014,125.070869
00019,20,0.861429,0.017780,-0.480439,0.163714,26.678667,6.425307,124.840294
00020,20,0.851464,-0.004041,-0.500091,0.157802,26.826372,6.288599,124.609719
00021,20,0.840691,-0.025696,-0.519314,0.151297,26.974077,6.151891,124.379145
00022,20,0.829127,-0.047161,-0.538080,0.144204,27.121782,6.015183,124.148570
00023,20,0.816786,-0.068414,-0.556362,0.136529,27.269487,5.878476,123.917995
00024,20,0.803688,-0.089433,-0.574136,0.128279,27.417192,5.741768,123.687421
00025,20,0.789849,-0.110194,-0.591375,0.119463,27.564896,5.605060,123.456846
00026,20,0.775289,-0.130676,-0.608056,0.110089,27.712601,5.468352,123.226272
00027,20,0.760028,-0.150859,-0.624152,0.100167,27.860306,5.331644,122.995697
00028,20,0.744087,-0.170719,-0.639643,0.089707,28.008011,5.194937,122.765122
00029,20,0.727487,-0.190238,-0.654503,0.078720,28.155716,5.058229,122.534548
00030,20,0.710253,-0.209395,-0.668712,0.067219,28.303421,4.921521,122.303973
00031,20,0.692406,-0.228170,-0.682249,0.055215,28.451126,4.784813,122.073399
00032,20,0.673971,-0.246545,-0.695092,0.042722,28.598831,4.648106,121.842824
00033,20,0.654974,-0.264499,-0.707223,0.029754,28.746535,4.511398,121.612249
00034,20,0.635439,-0.282016,-0.718622,0.016325,28.894240,4.374690,121.381675
00035,20,0.615393,-0.299078,-0.729272,0.002452,29.041945,4.237982,121.151100
00036,20,0.594864,-0.315667,-0.739155,-0.011851,29.189650,4.101274,120.920525
00037,20,0.573878,-0.331768,-0.748257,-0.026567,29.337355,3.964567,120.689951
00038,20,0.552464,-0.347365,-0.756561,-0.041678,29.485060,3.827859,120.459376
00039,20,0.530651,-0.362443,-0.764053,-0.057166,29.632765,3.691151,120.228802
00040,20,0.508467,-0.376987,-0.770721,-0.073014,29.780469,3.554443,119.998227
00041,20,0.485942,-0.390985,-0.776552,-0.089201,29.928174,3.417735,119.767652
00042,20,0.463107,-0.404423,-0.781536,-0.105710,30.075879,3.281028,119.537078
00043,20,0.439992,-0.417289,-0.785663,-0.122520,30.223584,3.144320,119.306503
00044,20,0.416627,-0.429571,-0.788923,-0.139610,30.371289,3.007612,119.075929
00045,20,0.393043,-0.441260,-0.791309,-0.156959,30.518994,2.870904,118.845354
00046,20,0.369272,-0.452345,-0.792815,-0.174547,30.666699,2.734197,118.614779
00047,20,0.345345,-0.462817,-0.793434,-0.192352,30.814403,2.597489,118.384205
00048,20,0.321294,-0.472669,-0.793162,-0.210351,30.962108,2.460781,118.153630
00049,20,0.297150,-0.481892,-0.791997,-0.228523,31.109813,2.324073,117.923055
00050,20,0.272944,-0.490480,-0.789936,-0.246844,31.257518,2.187365,117.692481
00051,20,0.248710,-0.498427,-0.786977,-0.265292,31.405223,2.050658,117.461906
00052,20,0.224478,-0.505729,-0.783122,-0.283844,31.552928,1.913950,117.231332
00053,20,0.200281,-0.512381,-0.778371,-0.302475,31.700633,1.777242,117.000757
00054,20,0.176149,-0.518380,-0.772727,-0.321164,31.848338,1.640534,116.770182
00055,20,0.152115,-0.523724,-0.766194,-0.339885,31.996042,1.503826,116.539608
00056,20,0.128208,-0.528411,-0.758775,-0.358615,32.143747,1.367119,116.309033
00057,20,0.104462,-0.532440,-0.750478,-0.377331,32.291452,1.230411,116.078459
00058,20,0.080905,-0.535811,-0.741309,-0.396008,32.439157,1.093703,115.847884
00059,20,0.057569,-0.538526,-0.731276,-0.414622,32.586862,0.956995,115.617309
00060,20,0.034483,-0.540586,-0.720388,-0.433150,32.734567,0.820288,115.386735
00061,20,0.011678,-0.541993,-0.708656,-0.451567,32.882272,0.683580,115.156160
00062,20,-0.010818,-0.542752,-0.696092,-0.469851,33.029976,0.546872,114.925585
00063,20,-0.032976,-0.542866,-0.682707,-0.487976,33.177681,0.410164,114.695011
00064,20,-0.054768,-0.542340,-0.668515,-0.505921,33.325386,0.273456,114.464436
00065,20,-0.076166,-0.541181,-0.653530,-0.523660,33.473091,0.136749,114.233862
00066,20,-0.097143,-0.539394,-0.637769,-0.541172,33.620796,0.000041,114.003287
00067,20,-0.117673,-0.536988,-0.621248,-0.558434,33.768501,-0.136667,113.772712
00068,20,-0.137730,-0.533970,-0.603983,-0.575423,33.916206,-0.273375,113.542138
00069,20,-0.157288,-0.530348,-0.585995,-0.592116,34.063910,-0.410082,113.311563
00070,20,-0.176324,-0.526134,-0.567301,-0.608492,34.211615,-0.546790,113.080989
00071,20,-0.194813,-0.521337,-0.547922,-0.624529,34.359320,-0.683498,112.850414
00072,20,-0.212734,-0.515967,-0.527880,-0.640207,34.507025,-0.820206,112.619839
00073,20,-0.230063,-0.510038,-0.507196,-0.655504,34.654730,-0.956914,112.389265
00074,20,-0.246779,-0.503560,-0.485893,-0.670400,34.802435,-1.093621,112.158690
00075,20,-0.262863,-0.496547,-0.463994,-0.684875,34.950140,-1.230329,111.928115
00076,20,-0.278294,-0.489013,-0.441524,-0.698910,35.097845,-1.367037,111.697541
00077,20,-0.293053,-0.480971,-0.418507,-0.712487,35.245549,-1.503745,111.466966
00078,20,-0.307124,-0.472437,-0.394970,-0.725587,35.393254,-1.640453,111.236392
00079,20,-0.320490,-0.463426,-0.370938,-0.738192,35.540959,-1.777160,111.005817
00080,20,-0.333133,-0.453953,-0.346438,-0.750286,35.688664,-1.913868,110.775242
00081,20,-0.345040,-0.444035,-0.321498,-0.761852,35.836369,-2.050576,110.544668
00082,20,-0.356197,-0.433689,-0.296145,-0.772875,35.984074,-2.187284,110.314093
00083,20,-0.366590,-0.422932,-0.270409,-0.783339,36.131779,-2.323991,110.083519
00084,20,-0.376208,-0.411782,-0.244317,-0.793229,36.279483,-2.460699,109.852944
00085,20,-0.385039,-0.400257,-0.217900,-0.802533,36.427188,-2.597407,109.622369
00086,20,-0.393074,-0.388376,-0.191186,-0.811237,36.574893,-2.734115,109.391795
00087,20,-0.400304,-0.376157,-0.164207,-0.819328,36.722598,-2.870823,109.161220
00088,20,-0.406720,-0.363620,-0.136992,-0.826796,36.870303,-3.007530,108.930645
00089,20,-0.412317,-0.350785,-0.109572,-0.833630,37.018008,-3.144238,108.700071
00090,20,-0.417088,-0.337672,-0.081978,-0.839819,37.165713,-3.280946,108.469496
00091,20,-0.421028,-0.324300,-0.054241,-0.845354,37.313417,-3.417654,108.238922
00092,20,-0.424134,-0.310691,-0.026392,-0.850226,37.461122,-3.554361,108.008347
00093,20,-0.426403,-0.296864,0.001537,-0.854429,37.608827,-3.691069,107.777772
00094,20,-0.427834,-0.282842,0.029515,-0.857956,37.756532,-3.827777,107.547198
00095,20,-0.428425,-0.268644,0.057511,-0.860799,37.904237,-3.964485,107.316623
00096,20,-0.428178,-0.254293,0.085493,-0.862954,38.051942,-4.101193,107.086049
00097,20,-0.427093,-0.239810,0.113429,-0.864417,38.199647,-4.237900,106.855474
00098,20,-0.425174,-0.225215,0.141288,-0.865184,38.347352,-4.374608,106.624899
00099,20,-0.422423,-0.210532,0.169039,-0.865252,38.495056,-4.511316,106.394325
