00000,10,0.570468,0.276629,0.453795,-0.626190,-1.945019,-13.931664,335.039898
00001,10,0.571514,0.281536,0.449140,-0.626405,-1.272672,-12.156801,336.182754
00002,10,0.572546,0.286407,0.444445,-0.626603,-0.600324,-10.381937,337.325609
00003,10,0.573566,0.291242,0.439708,-0.626783,0.072023,-8.607074,338.468465
00004,10,0.574573,0.296041,0.434932,-0.626944,0.744371,-6.832210,339.611320
00005,10,0.575568,0.300803,0.430117,-0.627087,1.416719,-5.057347,340.754176
00006,10,0.576551,0.305529,0.425262,-0.627211,2.089066,-3.282483,341.897032
00007,10,0.577522,0.310217,0.420368,-0.627315,2.761414,-1.507620,343.039887
00008,10,0.578482,0.314868,0.415435,-0.627400,3.433761,0.267244,344.182743
00009,10,0.579431,0.319481,0.410465,-0.627463,4.106109,2.042107,345.325599
00010,10,0.580369,0.324056,0.405458,-0.627506,4.778456,3.816971,346.468454
00011,10,0.581297,0.328592,0.400413,-0.627527,5.450804,5.591834,347.611310
00012,10,0.582214,0.333090,0.395332,-0.627527,6.123151,7.366697,348.754166
00013,10,0.583122,0.337548,0.390215,-0.627504,6.795499,9.141561,349.897021
00014,10,0.584021,0.341968,0.385063,-0.627459,7.467847,10.916424,351.039877
00015,10,0.584911,0.346348,0.379875,-0.627390,8.140194,12.691288,352.182733
00016,10,0.585791,0.350688,0.374653,-0.627297,8.812542,14.466151,353.325588
00017,10,0.586663,0.354988,0.369396,-0.627181,9.484889,16.241015,354.468444
00018,10,0.587527,0.359248,0.364107,-0.627040,10.157237,18.015878,355.611299
00019,10,0.588383,0.363467,0.358784,-0.626874,10.829584,19.790742,356.754155
00020,10,0.589231,0.367646,0.353429,-0.626682,11.501932,21.565605,357.897011
00021,10,0.590072,0.371784,0.348042,-0.626465,12.174280,23.340469,359.039866
00022,10,0.590906,0.375881,0.342623,-0.626221,12.846627,25.115332,360.182722
00023,10,0.591733,0.379936,0.337174,-0.625951,13.518975,26.890196,361.325578
00024,10,0.592553,0.383951,0.331694,-0.625653,14.191322,28.665059,362.468433
00025,10,0.593367,0.387924,0.326185,-0.625328,14.863670,30.439923,363.611289
00026,10,0.594174,0.391855,0.320647,-0.624974,15.536017,32.214786,364.754145
00027,10,0.594976,0.395744,0.315080,-0.624592,16.208365,33.989650,365.897000
00028,10,0.595772,0.399591,0.309485,-0.624181,16.880712,35.764513,367.039856
00029,10,0.596562,0.403397,0.303863,-0.623740,17.553060,37.539376,368.182712
00030,10,0.597348,0.407160,0.298214,-0.623270,18.225408,39.314240,369.325567
00031,10,0.598128,0.410881,0.292539,-0.622769,18.897755,41.089103,370.468423
00032,10,0.598903,0.414559,0.286839,-0.622237,19.570103,42.863967,371.611278
00033,10,0.599674,0.418195,0.281113,-0.621674,20.242450,44.638830,372.754134
00034,10,0.600440,0.421789,0.275364,-0.621080,20.914798,46.413694,373.896990
00035,10,0.601203,0.425340,0.269590,-0.620453,21.587145,48.188557,375.039845
00036,10,0.601961,0.428849,0.263794,-0.619794,22.259493,49.963421,376.182701
00037,10,0.602715,0.432314,0.257975,-0.619103,22.931840,51.738284,377.325557
00038,10,0.603465,0.435738,0.252134,-0.618378,23.604188,53.513148,378.468412
00039,10,0.604212,0.439118,0.246273,-0.617619,24.276536,55.288011,379.611268
00040,10,0.604955,0.442456,0.240390,-0.616826,24.948883,57.062875,380.754124
00041,10,0.605695,0.445751,0.234488,-0.615999,25.621231,58.837738,381.896979
00042,10,0.606432,0.449004,0.228567,-0.615136,26.293578,60.612602,383.039835
00043,10,0.607166,0.452214,0.222627,-0.614239,26.965926,62.387465,384.182690
00044,10,0.607897,0.455381,0.216670,-0.613305,27.638273,64.162328,385.325546
00045,10,0.608625,0.458505,0.210695,-0.612336,28.310621,65.937192,386.468402
00046,10,0.609351,0.461587,0.204704,-0.611330,28.982969,67.712055,387.611257
00047,10,0.610074,0.464627,0.198697,-0.610288,29.655316,69.486919,388.754113
00048,10,0.610794,0.467624,0.192674,-0.609208,30.327664,71.261782,389.896969
00049,10,0.611512,0.470579,0.186638,-0.608091,31.000011,73.036646,391.039824
00050,10,0.612228,0.473492,0.180587,-0.606935,31.672359,74.811509,392.182680
00051,10,0.612942,0.476362,0.174524,-0.605742,32.344706,76.586373,393.325536
00052,10,0.613653,0.479191,0.168448,-0.604510,33.017054,78.361236,394.468391
00053,10,0.614362,0.481977,0.162360,-0.603238,33.689401,80.136100,395.611247
00054,10,0.615069,0.484722,0.156261,-0.601928,34.361749,81.910963,396.754103
00055,10,0.615774,0.487425,0.150152,-0.600578,35.034097,83.685827,397.896958
00056,10,0.616477,0.490086,0.144033,-0.599188,35.706444,85.460690,399.039814
00057,10,0.617178,0.492706,0.137905,-0.597758,36.378792,87.235554,400.182669
00058,10,0.617877,0.495285,0.131769,-0.596287,37.051139,89.010417,401.325525
00059,10,0.618574,0.497822,0.125626,-0.594775,37.723487,90.785280,402.468381
00060,10,0.619269,0.500319,0.119476,-0.593222,38.395834,92.560144,403.611236
00061,10,0.619962,0.502775,0.113319,-0.591628,39.068182,94.335007,404.754092
00062,10,0.620653,0.505190,0.107157,-0.589992,39.740529,96.109871,405.896948
00063,10,0.621341,0.507565,0.100990,-0.588314,40.412877,97.884734,407.039803
00064,10,0.622028,0.509900,0.094820,-0.586593,41.085225,99.659598,408.182659
00065,10,0.622713,0.512195,0.088646,-0.584830,41.757572,101.434461,409.325515
00066,10,0.623395,0.514451,0.082469,-0.583024,42.429920,103.209325,410.468370
00067,10,0.624076,0.516666,0.076290,-0.581176,43.102267,104.984188,411.611226
00068,10,0.624754,0.518843,0.070111,-0.579283,43.774615,106.759052,412.754082
00069,10,0.625429,0.520980,0.063930,-0.577348,44.446962,108.533915,413.896937
00070,10,0.626103,0.523079,0.057750,-0.575368,45.119310,110.308779,415.039793
00071,10,0.626773,0.525139,0.051571,-0.573345,45.791657,112.083642,416.182648
00072,10,0.627441,0.527161,0.045393,-0.571277,46.464005,113.858506,417.325504
00073,10,0.628107,0.529145,0.039218,-0.569165,47.136353,115.633369,418.468360
00074,10,0.628769,0.531091,0.033045,-0.567009,47.808700,117.408232,419.611215
00075,10,0.629429,0.533000,0.026877,-0.564808,48.481048,119.183096,420.754071
00076,10,0.630085,0.534872,0.020712,-0.562561,49.153395,120.957959,421.896927
00077,10,0.630739,0.536707,0.014553,-0.560270,49.825743,122.732823,423.039782
00078,10,0.631389,0.538505,0.008399,-0.557934,50.498090,124.507686,424.182638
00079,10,0.632035,0.540267,0.002252,-0.555552,51.170438,126.282550,425.325494
00080,10,0.632678,0.541993,-0.003888,-0.553125,51.842786,128.057413,426.468349
00081,10,0.633317,0.543684,-0.010020,-0.550652,52.515133,129.832277,427.611205
00082,10,0.633952,0.545339,-0.016144,-0.548133,53.187481,131.607140,428.754060
00083,10,0.634583,0.546960,-0.022258,-0.545568,53.859828,133.382004,429.896916
00084,10,0.635209,0.548545,-0.028363,-0.542958,54.532176,135.156867,431.039772
00085,10,0.635831,0.550097,-0.034457,-0.540301,55.204523,136.931731,432.182627
00086,10,0.636448,0.551614,-0.040540,-0.537598,55.876871,138.706594,433.325483
00087,10,0.637060,0.553098,-0.046611,-0.534849,56.549218,140.481458,434.468339
00088,10,0.637667,0.554549,-0.052670,-0.532054,57.221566,142.256321,435.611194
00089,10,0.638269,0.555967,-0.058716,-0.529213,57.893914,144.031185,436.754050
00090,10,0.638865,0.557353,-0.064747,-0.526325,58.566261,145.806048,437.896906
00091,10,0.639455,0.558706,-0.070765,-0.523390,59.238609,147.580911,439.039761
00092,10,0.640039,0.560028,-0.076767,-0.520410,59.910956,149.355775,440.182617
00093,10,0.640617,0.561318,-0.082753,-0.517382,60.583304,151.130638,441.325473
00094,10,0.641188,0.562577,-0.088724,-0.514309,61.255651,152.905502,442.468328
00095,10,0.641752,0.563806,-0.094677,-0.511189,61.927999,154.680365,443.611184
00096,10,0.642309,0.565004,-0.100612,-0.508022,62.600346,156.455229,444.754039
00097,10,0.642859,0.566173,-0.106529,-0.504810,63.272694,158.230092,445.896895
00098,10,0.643401,0.567312,-0.112428,-0.501551,63.945042,160.004956,447.039751
00099,10,0.643935,0.568422,-0.118307,-0.498245,64.617389,161.779819,448.182606
