00000,17,0.951525,0.008457,-0.055620,0.302381,0.604027,0.328710,2.698816
00001,17,0.959671,0.020237,-0.050380,0.275832,0.607188,0.331922,2.697106
00002,17,0.966878,0.032313,-0.045062,0.249144,0.610349,0.335134,2.695396
00003,17,0.973135,0.044673,-0.039659,0.222349,0.613509,0.338346,2.693686
00004,17,0.978436,0.057307,-0.034162,0.195478,0.616670,0.341558,2.691976
00005,17,0.982773,0.070203,-0.028566,0.168562,0.619830,0.344770,2.690266
00006,17,0.986139,0.083349,-0.022862,0.141633,0.622991,0.347982,2.688556
00007,17,0.988530,0.096730,-0.017042,0.114723,0.626152,0.351194,2.686846
00008,17,0.989941,0.110332,-0.011100,0.087863,0.629312,0.354406,2.685136
00009,17,0.990370,0.124141,-0.005028,0.061085,0.632473,0.357618,2.683426
00010,17,0.989814,0.138141,0.001183,0.034421,0.635633,0.360830,2.681716
00011,17,0.988272,0.152314,0.007539,0.007902,0.638794,0.364042,2.680006
00012,17,0.985744,0.166644,0.014047,-0.018441,0.641955,0.367254,2.678296
00013,17,0.982233,0.181113,0.020716,-0.044575,0.645115,0.370466,2.676586
00014,17,0.977740,0.195701,0.027553,-0.070471,0.648276,0.373678,2.674876
00015,17,0.972269,0.210389,0.034564,-0.096097,0.651436,0.376890,2.673166
00016,17,0.965825,0.225156,0.041757,-0.121423,0.654597,0.380102,2.671456
00017,17,0.958413,0.239981,0.049138,-0.146418,0.657758,0.383314,2.669746
00018,17,0.950042,0.254842,0.056714,-0.171054,0.660918,0.386525,2.668036
00019,17,0.940719,0.269716,0.064490,-0.195300,0.664079,0.389737,2.666326
00020,17,0.930453,0.284581,0.072474,-0.219129,0.667239,0.392949,2.664616
00021,17,0.919257,0.299412,0.080670,-0.242511,0.670400,0.396161,2.662906
00022,17,0.907141,0.314185,0.089084,-0.265419,0.673561,0.399373,2.661196
00023,17,0.894119,0.328874,0.097719,-0.287827,0.676721,0.402585,2.659485
00024,17,0.880205,0.343454,0.106582,-0.309707,0.679882,0.405797,2.657775
00025,17,0.865416,0.357898,0.115675,-0.331034,0.683042,0.409009,2.656065
00026,17,0.849768,0.372179,0.125001,-0.351784,0.686203,0.412221,2.654355
00027,17,0.833279,0.386270,0.134565,-0.371932,0.689364,0.415433,2.652645
00028,17,0.815969,0.400143,0.144366,-0.391456,0.692524,0.418645,2.650935
00029,17,0.797859,0.413771,0.154408,-0.410333,0.695685,0.421857,2.649225
00030,17,0.778970,0.427124,0.164691,-0.428542,0.698845,0.425069,2.647515
00031,17,0.759325,0.440174,0.175215,-0.446064,0.702006,0.428281,2.645805
00032,17,0.738948,0.452891,0.185980,-0.462878,0.705167,0.431493,2.644095
00033,17,0.717866,0.465248,0.196984,-0.478968,0.708327,0.434705,2.642385
00034,17,0.696104,0.477214,0.208225,-0.494316,0.711488,0.437917,2.640675
00035,17,0.673690,0.488760,0.219701,-0.508907,0.714648,0.441129,2.638965
00036,17,0.650653,0.499857,0.231407,-0.522727,0.717809,0.444341,2.637255
00037,17,0.627023,0.510476,0.243339,-0.535763,0.720970,0.447553,2.635545
00038,17,0.602830,0.520588,0.255491,-0.548004,0.724130,0.450765,2.633835
00039,17,0.578106,0.530164,0.267857,-0.559439,0.727291,0.453977,2.632125
00040,17,0.552885,0.539175,0.280429,-0.570060,0.730451,0.457189,2.630415
00041,17,0.527199,0.547594,0.293199,-0.579859,0.733612,0.460401,2.628705
00042,17,0.501082,0.555394,0.306158,-0.588831,0.736773,0.463613,2.626995
00043,17,0.474572,0.562546,0.319296,-0.596971,0.739933,0.466825,2.625285
00044,17,0.447702,0.569025,0.332600,-0.604277,0.743094,0.470037,2.623575
00045,17,0.420511,0.574806,0.346059,-0.610747,0.746254,0.473249,2.621865
00046,17,0.393034,0.579863,0.359660,-0.616383,0.749415,0.476461,2.620155
00047,17,0.365311,0.584173,0.373389,-0.621185,0.752576,0.479673,2.618445
00048,17,0.337379,0.587713,0.387229,-0.625158,0.755736,0.482885,2.616735
00049,17,0.309277,0.590461,0.401166,-0.628307,0.758897,0.486097,2.615025
00050,17,0.281044,0.592397,0.415182,-0.630639,0.762057,0.489309,2.613315
00051,17,0.252719,0.593501,0.429258,-0.632161,0.765218,0.492521,2.611605
00052,17,0.224341,0.593755,0.443377,-0.632884,0.768379,0.495733,2.609895
00053,17,0.195951,0.593144,0.457518,-0.632820,0.771539,0.498945,2.608185
00054,17,0.167587,0.591651,0.471660,-0.631981,0.774700,0.502157,2.606475
00055,17,0.139289,0.589264,0.485783,-0.630382,0.777860,0.505369,2.604765
00056,17,0.111095,0.585971,0.499864,-0.628038,0.781021,0.508581,2.603055
00057,17,0.083046,0.581760,0.513881,-0.624968,0.784182,0.511793,2.601345
00058,17,0.055178,0.576625,0.527809,-0.621190,0.787342,0.515005,2.599635
00059,17,0.027530,0.570557,0.541625,-0.616724,0.790503,0.518217,2.597925
00060,17,0.000140,0.563554,0.555305,-0.611591,0.793663,0.521429,2.596215
00061,17,-0.026955,0.555610,0.568823,-0.605815,0.796824,0.524641,2.594505
00062,17,-0.053721,0.546727,0.582153,-0.599418,0.799985,0.527853,2.592795
00063,17,-0.080121,0.536904,0.595270,-0.592425,0.803145,0.531064,2.591085
00064,17,-0.106122,0.526146,0.608148,-0.584863,0.806306,0.534276,2.589375
00065,17,-0.131690,0.514455,0.620760,-0.576758,0.809466,0.537488,2.587665
00066,17,-0.156792,0.501841,0.633080,-0.568138,0.812627,0.540700,2.585955
00067,17,-0.181399,0.488312,0.645082,-0.559031,0.815788,0.543912,2.584245
00068,17,-0.205479,0.473878,0.656739,-0.549465,0.818948,0.547124,2.582535
00069,17,-0.229005,0.458553,0.668024,-0.539472,0.822109,0.550336,2.580825
00070,17,-0.251950,0.442352,0.678912,-0.529079,0.825269,0.553548,2.579115
00071,17,-0.274287,0.425292,0.689376,-0.518319,0.828430,0.556760,2.577405
00072,17,-0.295992,0.407391,0.699391,-0.507222,0.831591,0.559972,2.575695
00073,17,-0.317043,0.388670,0.708931,-0.495818,0.834751,0.563184,2.573985
00074,17,-0.337418,0.369153,0.717973,-0.484139,0.837912,0.566396,2.572275
00075,17,-0.357098,0.348862,0.726490,-0.472216,0.841072,0.569608,2.570565
00076,17,-0.376064,0.327824,0.734461,-0.460080,0.844233,0.572820,2.568855
00077,17,-0.394301,0.306066,0.741862,-0.447762,0.847394,0.576032,2.567145
00078,17,-0.411793,0.283618,0.748671,-0.435292,0.850554,0.579244,2.565435
00079,17,-0.428527,0.260510,0.754867,-0.422700,0.853715,0.582456,2.563725
00080,17,-0.444492,0.236774,0.760428,-0.410017,0.856875,0.585668,2.562015
00081,17,-0.459677,0.212443,0.765336,-0.397272,0.860036,0.588880,2.560305
00082,17,-0.474076,0.187552,0.769572,-0.384493,0.863197,0.592092,2.558595
00083,17,-0.487681,0.162137,0.773118,-0.371708,0.866357,0.595304,2.556885
00084,17,-0.500487,0.136234,0.775958,-0.358945,0.869518,0.598516,2.555175
00085,17,-0.512491,0.109881,0.778077,-0.346230,0.872678,0.601728,2.553465
00086,17,-0.523691,0.083116,0.779460,-0.333589,0.875839,0.604940,2.551755
00087,17,-0.534088,0.055979,0.780093,-0.321047,0.879000,0.608152,2.550045
00088,17,-0.543681,0.028509,0.779966,-0.308626,0.882160,0.611364,2.548335
00089,17,-0.552475,0.000747,0.779068,-0.296351,0.885321,0.614576,2.546625
00090,17,-0.560472,-0.027267,0.777389,-0.284242,0.888481,0.617788,2.544915
00091,17,-0.567679,-0.055490,0.774921,-0.272321,0.891642,0.621000,2.543205
00092,17,-0.574102,-0.083882,0.771657,-0.260606,0.894803,0.624212,2.541495
00093,17,-0.579750,-0.112401,0.767592,-0.249116,0.897963,0.627424,2.539785
00094,17,-0.584630,-0.141005,0.762721,-0.237868,0.901124,0.630636,2.538075
00095,17,-0.588754,-0.169653,0.757042,-0.226878,0.904284,0.633848,2.536365
00096,17,-0.592133,-0.198302,0.750553,-0.216160,0.907445,0.637060,2.534655
00097,17,-0.594779,-0.226911,0.743253,-0.205729,0.910606,0.640272,2.532945
00098,17,-0.596706,-0.255440,0.735143,-0.195596,0.913766,0.643484,2.531235
00099,17,-0.597927,-0.283846,0.726225,-0.185772,0.916927,0.646696,2.529525
