00000,7,-0.828426,0.176640,-0.096310,-0.522717,-1.228785,0.228388,5.826141
00001,7,-0.816405,0.220523,-0.063647,-0.529907,-1.230557,0.228118,5.823222
00002,7,-0.802785,0.264277,-0.030680,-0.533622,-1.232328,0.227848,5.820302
00003,7,-0.787604,0.307765,0.002332,-0.533812,-1.234100,0.227579,5.817383
00004,7,-0.770902,0.350848,0.035124,-0.530455,-1.235871,0.227309,5.814464
00005,7,-0.752723,0.393383,0.067427,-0.523556,-1.237643,0.227039,5.811545
00006,7,-0.733118,0.435226,0.098975,-0.513148,-1.239415,0.226769,5.808625
00007,7,-0.712137,0.476234,0.129501,-0.499291,-1.241186,0.226500,5.805706
00008,7,-0.689838,0.516263,0.158745,-0.482074,-1.242958,0.226230,5.802787
00009,7,-0.666280,0.555171,0.186456,-0.461616,-1.244729,0.225960,5.799868
00010,7,-0.641525,0.592822,0.212394,-0.438059,-1.246501,0.225690,5.796948
00011,7,-0.615639,0.629081,0.236334,-0.411573,-1.248272,0.225420,5.794029
00012,7,-0.588688,0.663818,0.258066,-0.382352,-1.250044,0.225151,5.791110
00013,7,-0.560742,0.696913,0.277401,-0.350611,-1.251815,0.224881,5.788191
00014,7,-0.531873,0.728250,0.294170,-0.316586,-1.253587,0.224611,5.785271
00015,7,-0.502151,0.757723,0.308229,-0.280527,-1.255358,0.224341,5.782352
00016,7,-0.471650,0.785233,0.319455,-0.242702,-1.257130,0.224072,5.779433
00017,7,-0.440441,0.810693,0.327754,-0.203386,-1.258902,0.223802,5.776513
00018,7,-0.408597,0.834025,0.333056,-0.162864,-1.260673,0.223532,5.773594
00019,7,-0.376189,0.855160,0.335318,-0.121427,-1.262445,0.223262,5.770675
00020,7,-0.343290,0.874041,0.334522,-0.079365,-1.264216,0.222992,5.767756
00021,7,-0.309967,0.890621,0.330676,-0.036969,-1.265988,0.222723,5.764836
00022,7,-0.276290,0.904863,0.323814,0.005474,-1.267759,0.222453,5.761917
00023,7,-0.242324,0.916741,0.313992,0.047686,-1.269531,0.222183,5.758998
00024,7,-0.208136,0.926236,0.301289,0.089396,-1.271302,0.221913,5.756079
00025,7,-0.173787,0.933341,0.285803,0.130342,-1.273074,0.221644,5.753159
00026,7,-0.139341,0.938057,0.267654,0.170279,-1.274845,0.221374,5.750240
00027,7,-0.104855,0.940393,0.246976,0.208972,-1.276617,0.221104,5.747321
00028,7,-0.070388,0.940366,0.223920,0.246204,-1.278389,0.220834,5.744402
00029,7,-0.035998,0.938000,0.198650,0.281775,-1.280160,0.220565,5.741482
00030,7,-0.001738,0.933327,0.171343,0.315499,-1.281932,0.220295,5.738563
00031,7,0.032338,0.926381,0.142181,0.347211,-1.283703,0.220025,5.735644
00032,7,0.066177,0.917207,0.111360,0.376763,-1.285475,0.219755,5.732725
00033,7,0.099727,0.905851,0.079077,0.404023,-1.287246,0.219485,5.729805
00034,7,0.132938,0.892366,0.045536,0.428879,-1.289018,0.219216,5.726886
00035,7,0.165760,0.876807,0.010942,0.451235,-1.290789,0.218946,5.723967
00036,7,0.198144,0.859234,-0.024496,0.471015,-1.292561,0.218676,5.721047
00037,7,0.230040,0.839711,-0.060570,0.488157,-1.294332,0.218406,5.718128
00038,7,0.261401,0.818305,-0.097075,0.502616,-1.296104,0.218137,5.715209
00039,7,0.292177,0.795084,-0.133805,0.514363,-1.297876,0.217867,5.712290
00040,7,0.322323,0.770121,-0.170560,0.523385,-1.299647,0.217597,5.709370
00041,7,0.351788,0.743489,-0.207143,0.529680,-1.301419,0.217327,5.706451
00042,7,0.380527,0.715266,-0.243360,0.533263,-1.303190,0.217057,5.703532
00043,7,0.408492,0.685529,-0.279027,0.534160,-1.304962,0.216788,5.700613
00044,7,0.435637,0.654360,-0.313962,0.532411,-1.306733,0.216518,5.697693
00045,7,0.461913,0.621841,-0.347992,0.528064,-1.308505,0.216248,5.694774
00046,7,0.487276,0.588054,-0.380951,0.521182,-1.310276,0.215978,5.691855
00047,7,0.511680,0.553086,-0.412680,0.511834,-1.312048,0.215709,5.688936
00048,7,0.535079,0.517023,-0.443031,0.500101,-1.313819,0.215439,5.686016
00049,7,0.557430,0.479952,-0.471860,0.486072,-1.315591,0.215169,5.683097
00050,7,0.578688,0.441963,-0.499034,0.469844,-1.317363,0.214899,5.680178
00051,7,0.598811,0.403146,-0.524431,0.451520,-1.319134,0.214629,5.677259
00052,7,0.617757,0.363591,-0.547935,0.431213,-1.320906,0.214360,5.674339
00053,7,0.635486,0.323391,-0.569441,0.409038,-1.322677,0.214090,5.671420
00054,7,0.651960,0.282637,-0.588854,0.385119,-1.324449,0.213820,5.668501
00055,7,0.667140,0.241421,-0.606085,0.359583,-1.326220,0.213550,5.665581
00056,7,0.680991,0.199838,-0.621060,0.332564,-1.327992,0.213281,5.662662
00057,7,0.693480,0.157981,-0.633712,0.304197,-1.329763,0.213011,5.659743
00058,7,0.704574,0.115942,-0.643983,0.274623,-1.331535,0.212741,5.656824
00059,7,0.714244,0.073815,-0.651827,0.243984,-1.333306,0.212471,5.653904
00060,7,0.722462,0.031692,-0.657206,0.212425,-1.335078,0.212202,5.650985
00061,7,0.729203,-0.010334,-0.660093,0.180094,-1.336850,0.211932,5.648066
00062,7,0.734443,-0.052171,-0.660470,0.147141,-1.338621,0.211662,5.645147
00063,7,0.738164,-0.093730,-0.658329,0.113714,-1.340393,0.211392,5.642227
00064,7,0.740347,-0.134920,-0.653673,0.079966,-1.342164,0.211122,5.639308
00065,7,0.740977,-0.175653,-0.646513,0.046046,-1.343936,0.210853,5.636389
00066,7,0.740042,-0.215842,-0.636870,0.012106,-1.345707,0.210583,5.633470
00067,7,0.737533,-0.255402,-0.624775,-0.021704,-1.347479,0.210313,5.630550
00068,7,0.733443,-0.294250,-0.610268,-0.055236,-1.349250,0.210043,5.627631
00069,7,0.727770,-0.332305,-0.593397,-0.088343,-1.351022,0.209774,5.624712
00070,7,0.720511,-0.369487,-0.574223,-0.120878,-1.352793,0.209504,5.621792
00071,7,0.711670,-0.405720,-0.552811,-0.152699,-1.354565,0.209234,5.618873
00072,7,0.701253,-0.440929,-0.529238,-0.183665,-1.356337,0.208964,5.615954
00073,7,0.689266,-0.475044,-0.503590,-0.213641,-1.358108,0.208694,5.613035
00074,7,0.675722,-0.507997,-0.475959,-0.242493,-1.359880,0.208425,5.610115
00075,7,0.660633,-0.539721,-0.446447,-0.270092,-1.361651,0.208155,5.607196
00076,7,0.644018,-0.570155,-0.415164,-0.296314,-1.363423,0.207885,5.604277
00077,7,0.625896,-0.599241,-0.382229,-0.321039,-1.365194,0.207615,5.601358
00078,7,0.606288,-0.626922,-0.347765,-0.344155,-1.366966,0.207346,5.598438
00079,7,0.585221,-0.653147,-0.311906,-0.365553,-1.368737,0.207076,5.595519
00080,7,0.562722,-0.677868,-0.274793,-0.385133,-1.370509,0.206806,5.592600
00081,7,0.538823,-0.701040,-0.236570,-0.402799,-1.372280,0.206536,5.589681
00082,7,0.513555,-0.722624,-0.197392,-0.418465,-1.374052,0.206267,5.586761
00083,7,0.486954,-0.742581,-0.157418,-0.432052,-1.375824,0.205997,5.583842
00084,7,0.459060,-0.760878,-0.116813,-0.443489,-1.377595,0.205727,5.580923
00085,7,0.429913,-0.777488,-0.075747,-0.452713,-1.379367,0.205457,5.578004
00086,7,0.399557,-0.792383,-0.034397,-0.459673,-1.381138,0.205187,5.575084
00087,7,0.368036,-0.805544,0.007058,-0.464326,-1.382910,0.204918,5.572165
00088,7,0.335401,-0.816951,0.048433,-0.466638,-1.384681,0.204648,5.569246
00089,7,0.301702,-0.826592,0.089542,-0.466588,-1.386453,0.204378,5.566326
00090,7,0.266993,-0.834455,0.130193,-0.464164,-1.388224,0.204108,5.563407
00091,7,0.231330,-0.840536,0.170193,-0.459369,-1.389996,0.203839,5.560488
00092,7,0.194773,-0.844830,0.209348,-0.452215,-1.391767,0.203569,5.557569
00093,7,0.157383,-0.847340,0.247463,-0.442727,-1.393539,0.203299,5.554649
00094,7,0.119227,-0.848068,0.284343,-0.430946,-1.395311,0.203029,5.551730
00095,7,0.080371,-0.847024,0.319792,-0.416922,-1.397082,0.202759,5.548811
00096,7,0.040887,-0.844218,0.353619,-0.400721,-1.398854,0.202490,5.545892
00097,7,0.000851,-0.839665,0.385634,-0.382423,-1.400625,0.202220,5.542972
00098,7,-0.039660,-0.833383,0.415651,-0.362123,-1.402397,0.201950,5.540053
00099,7,-0.080565,-0.825393,0.443490,-0.339929,-1.404168,0.201680,5.537134
