00000,7,-0.942057,0.264788,-0.088436,0.185998,-2.798225,0.262715,9.065678
00001,7,-0.938100,0.256474,-0.102345,0.209081,-2.802813,0.258082,9.064506
00002,7,-0.933393,0.247908,-0.115830,0.232171,-2.807400,0.253449,9.063333
00003,7,-0.927945,0.239086,-0.128880,0.255238,-2.811988,0.248815,9.062160
00004,7,-0.921767,0.230003,-0.141486,0.278255,-2.816576,0.244182,9.060988
00005,7,-0.914870,0.220655,-0.153640,0.301195,-2.821164,0.239549,9.059815
00006,7,-0.907266,0.211040,-0.165333,0.324031,-2.825752,0.234915,9.058642
00007,7,-0.898966,0.201154,-0.176558,0.346734,-2.830339,0.230282,9.057469
00008,7,-0.889983,0.190994,-0.187309,0.369278,-2.834927,0.225649,9.056297
00009,7,-0.880331,0.180558,-0.197579,0.391635,-2.839515,0.221015,9.055124
00010,7,-0.870023,0.169845,-0.207365,0.413778,-2.844103,0.216382,9.053951
00011,7,-0.859073,0.158853,-0.216662,0.435680,-2.848691,0.211749,9.052779
00012,7,-0.847495,0.147582,-0.225467,0.457314,-2.853278,0.207115,9.051606
00013,7,-0.835305,0.136030,-0.233778,0.478654,-2.857866,0.202482,9.050433
00014,7,-0.822518,0.124199,-0.241592,0.499673,-2.862454,0.197849,9.049260
00015,7,-0.809149,0.112087,-0.248910,0.520345,-2.867042,0.193215,9.048088
00016,7,-0.795215,0.099697,-0.255730,0.540644,-2.871630,0.188582,9.046915
00017,7,-0.780733,0.087030,-0.262054,0.560544,-2.876217,0.183949,9.045742
00018,7,-0.765719,0.074087,-0.267883,0.580021,-2.880805,0.179315,9.044570
00019,7,-0.750191,0.060871,-0.273218,0.599049,-2.885393,0.174682,9.043397
00020,7,-0.734166,0.047384,-0.278064,0.617604,-2.889981,0.170048,9.042224
00021,7,-0.717663,0.033631,-0.282423,0.635661,-2.894568,0.165415,9.041051
00022,7,-0.700700,0.019614,-0.286301,0.653197,-2.899156,0.160782,9.039879
00023,7,-0.683295,0.005338,-0.289701,0.670188,-2.903744,0.156148,9.038706
00024,7,-0.665468,-0.009192,-0.292630,0.686611,-2.908332,0.151515,9.037533
00025,7,-0.647237,-0.023972,-0.295095,0.702444,-2.912920,0.146882,9.036361
00026,7,-0.628622,-0.038995,-0.297103,0.717665,-2.917507,0.142248,9.035188
00027,7,-0.609644,-0.054256,-0.298662,0.732251,-2.922095,0.137615,9.034015
00028,7,-0.590320,-0.069747,-0.299780,0.746183,-2.926683,0.132982,9.032842
00029,7,-0.570673,-0.085461,-0.300468,0.759439,-2.931271,0.128348,9.031670
00030,7,-0.550721,-0.101391,-0.300734,0.772001,-2.935859,0.123715,9.030497
00031,7,-0.530487,-0.117528,-0.300590,0.783847,-2.940446,0.119082,9.029324
00032,7,-0.509989,-0.133864,-0.300048,0.794961,-2.945034,0.114448,9.028152
00033,7,-0.489250,-0.150389,-0.299119,0.805323,-2.949622,0.109815,9.026979
00034,7,-0.468289,-0.167094,-0.297817,0.814917,-2.954210,0.105182,9.025806
00035,7,-0.447129,-0.183967,-0.296154,0.823726,-2.958798,0.100548,9.024633
00036,7,-0.425790,-0.200999,-0.294145,0.831734,-2.963385,0.095915,9.023461
00037,7,-0.404293,-0.218178,-0.291804,0.838926,-2.967973,0.091282,9.022288
00038,7,-0.382660,-0.235491,-0.289147,0.845287,-2.972561,0.086648,9.021115
00039,7,-0.360912,-0.252926,-0.286189,0.850804,-2.977149,0.082015,9.019943
00040,7,-0.339069,-0.270471,-0.282947,0.855464,-2.981736,0.077382,9.018770
00041,7,-0.317155,-0.288111,-0.279439,0.859255,-2.986324,0.072748,9.017597
00042,7,-0.295189,-0.305833,-0.275680,0.862166,-2.990912,0.068115,9.016424
00043,7,-0.273193,-0.323621,-0.271691,0.864187,-2.995500,0.063481,9.015252
00044,7,-0.251188,-0.341460,-0.267488,0.865309,-3.000088,0.058848,9.014079
00045,7,-0.229196,-0.359335,-0.263091,0.865523,-3.004675,0.054215,9.012906
00046,7,-0.207236,-0.377229,-0.258521,0.864823,-3.009263,0.049581,9.011734
00047,7,-0.185330,-0.395125,-0.253795,0.863202,-3.013851,0.044948,9.010561
00048,7,-0.163499,-0.413005,-0.248936,0.860654,-3.018439,0.040315,9.009388
00049,7,-0.141762,-0.430851,-0.243963,0.857177,-3.023027,0.035681,9.008215
00050,7,-0.120141,-0.448646,-0.238898,0.852767,-3.027614,0.031048,9.007043
00051,7,-0.098655,-0.466368,-0.233762,0.847421,-3.032202,0.026415,9.005870
00052,7,-0.077323,-0.484000,-0.228576,0.841141,-3.036790,0.021781,9.004697
00053,7,-0.056166,-0.501520,-0.223363,0.833925,-3.041378,0.017148,9.003525
00054,7,-0.035202,-0.518908,-0.218145,0.825777,-3.045966,0.012515,9.002352
00055,7,-0.014451,-0.536143,-0.212944,0.816699,-3.050553,0.007881,9.001179
00056,7,0.006070,-0.553202,-0.207782,0.806695,-3.055141,0.003248,9.000006
00057,7,0.026343,-0.570064,-0.202682,0.795772,-3.059729,-0.001385,8.998834
00058,7,0.046349,-0.586706,-0.197666,0.783936,-3.064317,-0.006019,8.997661
00059,7,0.066071,-0.603104,-0.192757,0.771197,-3.068905,-0.010652,8.996488
00060,7,0.085494,-0.619236,-0.187978,0.757563,-3.073492,-0.015285,8.995316
00061,7,0.104600,-0.635077,-0.183350,0.743047,-3.078080,-0.019919,8.994143
00062,7,0.123374,-0.650604,-0.178895,0.727661,-3.082668,-0.024552,8.992970
00063,7,0.141801,-0.665791,-0.174637,0.711419,-3.087256,-0.029185,8.991797
00064,7,0.159867,-0.680614,-0.170595,0.694338,-3.091843,-0.033819,8.990625
00065,7,0.177558,-0.695047,-0.166792,0.676434,-3.096431,-0.038452,8.989452
00066,7,0.194860,-0.709066,-0.163248,0.657727,-3.101019,-0.043085,8.988279
00067,7,0.211760,-0.722645,-0.159984,0.638237,-3.105607,-0.047719,8.987107
00068,7,0.228249,-0.735758,-0.157020,0.617986,-3.110195,-0.052352,8.985934
00069,7,0.244313,-0.748380,-0.154374,0.596998,-3.114782,-0.056986,8.984761
00070,7,0.259943,-0.760486,-0.152066,0.575297,-3.119370,-0.061619,8.983588
00071,7,0.275129,-0.772049,-0.150112,0.552911,-3.123958,-0.066252,8.982416
00072,7,0.289863,-0.783045,-0.148531,0.529867,-3.128546,-0.070886,8.981243
00073,7,0.304136,-0.793448,-0.147337,0.506194,-3.133134,-0.075519,8.980070
00074,7,0.317942,-0.803234,-0.146547,0.481925,-3.137721,-0.080152,8.978898
00075,7,0.331275,-0.812377,-0.146174,0.457092,-3.142309,-0.084786,8.977725
00076,7,0.344129,-0.820854,-0.146231,0.431729,-3.146897,-0.089419,8.976552
00077,7,0.356501,-0.828641,-0.146730,0.405871,-3.151485,-0.094052,8.975379
00078,7,0.368386,-0.835715,-0.147682,0.379554,-3.156073,-0.098686,8.974207
00079,7,0.379783,-0.842054,-0.149096,0.352818,-3.160660,-0.103319,8.973034
00080,7,0.390689,-0.847635,-0.150980,0.325701,-3.165248,-0.107952,8.971861
00081,7,0.401106,-0.852439,-0.153340,0.298244,-3.169836,-0.112586,8.970689
00082,7,0.411032,-0.856444,-0.156182,0.270488,-3.174424,-0.117219,8.969516
00083,7,0.420470,-0.859632,-0.159509,0.242476,-3.179012,-0.121852,8.968343
00084,7,0.429422,-0.861986,-0.163323,0.214250,-3.183599,-0.126486,8.967170
00085,7,0.437892,-0.863487,-0.167625,0.185856,-3.188187,-0.131119,8.965998
00086,7,0.445883,-0.864122,-0.172414,0.157337,-3.192775,-0.135752,8.964825
00087,7,0.453402,-0.863875,-0.177686,0.128740,-3.197363,-0.140386,8.963652
00088,7,0.460455,-0.862734,-0.183437,0.100111,-3.201950,-0.145019,8.962480
00089,7,0.467049,-0.860687,-0.189662,0.071495,-3.206538,-0.149652,8.961307
00090,7,0.473191,-0.857725,-0.196351,0.042939,-3.211126,-0.154286,8.960134
00091,7,0.478892,-0.853839,-0.203496,0.014490,-3.215714,-0.158919,8.958961
00092,7,0.484161,-0.849023,-0.211086,-0.013806,-3.220302,-0.163552,8.957789
00093,7,0.489009,-0.843272,-0.219107,-0.041902,-3.224889,-0.168186,8.956616
00094,7,0.493446,-0.836582,-0.227544,-0.069752,-3.229477,-0.172819,8.955443
00095,7,0.497486,-0.828952,-0.236383,-0.097311,-3.234065,-0.177453,8.954271
00096,7,0.501141,-0.820383,-0.245604,-0.124534,-3.238653,-0.182086,8.953098
00097,7,0.504424,-0.810877,-0.255188,-0.151375,-3.243241,-0.186719,8.951925
00098,7,0.507349,-0.800437,-0.265116,-0.177793,-3.247828,-0.191353,8.950752
00099,7,0.509931,-0.789071,-0.275364,-0.203744,-3.252416,-0.195986,8.949580
