00000,10,-0.604663,-0.525819,-0.529696,-0.278063,5.727528,20.763585,67.151249
00001,10,-0.523896,-0.419055,0.154653,0.725265,22.306964,-21.124191,67.242435
00002,10,-0.644438,-0.066702,0.677726,0.347761,-0.510037,24.297065,67.165608
00003,10,-0.934289,-0.152368,-0.312792,-0.077771,17.839152,-18.634268,67.400101
00004,10,0.014982,0.376022,-0.741472,-0.555519,20.699333,19.407625,67.381571
00005,10,0.630932,0.219283,-0.024082,0.743815,-5.452620,-5.593435,67.289967
00006,10,-0.179753,0.721294,0.566203,-0.356143,-7.799541,-1.620076,67.198687
00007,10,-0.451117,0.409745,-0.551504,0.569601,-6.803329,2.538175,67.577024
00008,10,0.318330,0.116486,0.599528,0.725027,-23.128648,4.183760,67.158187
00009,10,-0.262271,-0.601274,0.156012,-0.738473,14.951528,17.751798,67.415771
00010,10,0.410338,-0.801308,0.216005,0.377981,19.601561,11.931379,67.805813
00011,10,-0.625133,0.265927,-0.194051,-0.707697,-15.650007,-9.441022,67.817312
00012,10,0.608142,-0.207158,-0.736643,-0.211204,-15.914808,-16.262813,67.982028
00013,10,-0.194982,-0.069241,0.591809,-0.779070,19.820166,-24.096178,67.635177
00014,10,-0.135024,-0.769098,-0.109385,0.615054,9.490752,-11.846600,68.121417
00015,10,0.547006,0.264386,0.487814,0.626836,1.529311,-15.477281,67.745896
00016,10,-0.598835,0.211256,-0.568366,-0.523190,-22.462559,17.114044,67.160609
00017,10,0.550546,0.723565,0.411967,0.060296,-14.035147,-20.334281,67.460026
00018,10,0.077332,0.552451,-0.420773,-0.715379,6.319038,-13.580669,68.067172
00019,10,-0.149083,-0.621763,-0.405531,0.653246,-0.540815,-13.884576,68.126654
00020,10,0.470177,-0.546142,-0.493996,-0.486446,4.065113,11.036095,68.099923
00021,10,-0.788942,0.037401,0.448095,0.418786,-12.732234,-13.246442,67.952823
00022,10,0.497738,-0.129086,-0.852363,0.095235,-15.700571,-16.419513,67.835873
00023,10,-0.396076,-0.425551,-0.749837,-0.315872,-21.279936,-23.952888,67.647898
00024,10,0.192338,0.798712,-0.182222,-0.540241,-22.200868,21.456071,67.623996
00025,10,0.108696,-0.734108,0.418598,0.523495,-13.543830,-18.993807,67.963807
00026,10,-0.297264,0.071270,-0.710196,0.634173,-1.932886,3.962383,67.211151
00027,10,-0.036986,-0.699879,0.693190,0.168192,18.995989,-18.014853,68.241660
00028,10,-0.271017,0.071382,0.828716,0.484442,-19.280095,2.958572,68.377574
00029,10,-0.505478,0.713111,0.136935,-0.466062,21.497621,9.151831,67.928429
00030,10,-0.372753,-0.286639,0.157766,-0.868334,-23.183869,-4.606894,67.697075
00031,10,-0.339940,0.927294,0.069997,0.140242,-6.824540,-14.891286,68.413142
00032,10,0.645700,0.745797,-0.078767,-0.143714,8.248340,-10.746573,69.097289
00033,10,0.084910,0.498648,-0.789833,-0.346849,-11.307633,-0.770503,68.877919
00034,10,0.039771,-0.966979,-0.072263,0.241139,-15.063900,12.547503,67.200377
00035,10,-0.123889,0.717112,-0.614362,0.304896,6.776799,-20.175356,69.189778
00036,10,-0.545751,0.699773,-0.434039,0.155188,3.251843,-19.735044,67.898872
00037,10,-0.150248,-0.505103,0.624566,0.576380,-12.675554,-19.685057,67.173056
00038,10,0.109206,0.157535,-0.974471,-0.116889,10.689846,20.805548,68.066044
00039,10,0.086835,0.231229,0.313226,-0.916996,2.134066,-22.367795,67.793302
00040,10,0.117230,-0.107409,-0.654578,0.739086,-13.787365,12.935726,67.807566
00041,10,-0.151674,-0.072394,-0.974043,-0.151639,-10.869106,11.481179,69.559607
00042,10,0.901476,0.121815,0.414781,-0.021405,16.025497,0.640428,68.236152
00043,10,-0.433599,-0.706610,-0.171704,-0.532177,-2.915012,10.472361,69.446700
00044,10,-0.782460,0.007998,0.519473,-0.343279,-15.718941,4.498321,70.048259
00045,10,0.152325,0.693206,-0.207345,-0.673254,13.524931,11.703978,68.741582
00046,10,0.229520,0.843632,-0.376226,0.306692,-10.001363,20.465073,68.584000
00047,10,-0.776430,-0.589635,0.048452,0.217115,-3.202810,19.705403,70.102444
00048,10,0.047841,0.164184,0.739865,-0.650657,-7.690590,14.223068,69.580942
00049,10,-0.664160,0.562075,0.115147,0.479275,-12.189435,14.217871,68.455059
00050,10,0.585299,-0.020257,-0.810375,0.017516,22.235830,-15.356907,67.320775
00051,10,-0.793654,-0.245819,0.423400,-0.361135,3.506105,16.740298,67.879491
00052,10,0.133873,-0.650709,0.500317,-0.555282,15.973453,16.255850,68.845776
00053,10,-0.587405,-0.131434,0.715996,-0.353596,-6.290844,-4.672265,67.380628
00054,10,0.184488,-0.204579,-0.648996,0.709166,-6.280919,17.434502,70.294184
00055,10,-0.398751,0.374496,-0.154520,0.822723,-13.536933,9.311292,68.640881
00056,10,0.107537,0.523776,-0.752324,-0.384842,1.457528,16.781272,67.535828
00057,10,0.442215,0.797174,0.283809,0.297342,-14.719828,11.751501,69.139039
00058,10,-0.629778,-0.260110,-0.666392,-0.302730,3.989237,-24.250503,67.523453
00059,10,0.091900,-0.768096,0.088501,-0.627495,22.627487,-20.335545,67.871250
00060,10,0.291108,-0.041865,0.327152,-0.898039,-17.308073,-13.337458,68.854911
00061,10,-0.791256,-0.001504,-0.007546,-0.611437,12.889234,7.663206,68.166748
00062,10,-0.452902,0.387197,0.502392,-0.626546,-1.235166,5.065374,69.920371
00063,10,-0.064900,0.434677,0.604157,-0.664709,19.347867,21.262965,68.905791
00064,10,-0.413586,0.494131,-0.763644,0.040361,-17.740489,-22.819814,70.905094
00065,10,0.562247,0.808101,0.147220,-0.095801,17.330479,19.621144,68.643815
00066,10,-0.694303,0.350605,-0.503764,0.375821,-16.928460,-6.055382,68.308040
00067,10,0.331751,0.917017,-0.064888,0.211684,11.444839,21.015374,68.518878
00068,10,-0.740211,-0.540396,-0.029508,0.398986,-17.288916,-22.259986,71.541916
00069,10,-0.102578,-0.500863,-0.184697,0.839345,-7.998880,25.510255,71.081061
00070,10,0.135639,0.082250,-0.869575,0.467628,14.184958,9.338025,69.818151
00071,10,0.189373,0.784175,0.457656,0.373842,-5.497249,-24.099407,67.961009
00072,10,-0.019302,-0.036006,-0.359203,0.932365,-9.290916,-20.262042,71.019823
00073,10,-0.566467,-0.504172,0.384838,0.526142,-2.378793,22.180229,70.497790
00074,10,-0.037532,-0.271062,-0.435700,0.857486,14.802870,-20.209338,67.332869
00075,10,0.528280,0.250493,0.279561,0.761590,-25.906788,-11.919558,72.055941
00076,10,0.202484,0.493475,0.580229,0.615482,6.171483,-5.483490,67.249085
00077,10,-0.621064,0.030950,0.779876,0.071518,-16.087311,-14.675853,70.018574
00078,10,0.829502,-0.280411,-0.478488,-0.065917,19.037998,1.555765,69.311291
00079,10,0.336587,-0.490011,-0.618497,-0.513868,-0.788560,-11.384368,71.655556
00080,10,0.642222,-0.687578,-0.175642,0.289721,-12.705970,4.065009,68.556585
00081,10,0.242773,0.005218,0.042698,-0.969129,21.086758,6.548386,68.477527
00082,10,-0.128605,-0.673676,0.362514,0.631035,-17.573203,-17.331598,72.213298
00083,10,0.456917,0.846144,0.269571,-0.050973,-2.554293,-14.428206,69.243817
00084,10,-0.125328,0.400648,0.038678,-0.906796,1.240660,-1.599029,72.591355
00085,10,0.533340,-0.571914,0.503136,0.367855,-0.210001,23.897077,70.627189
00086,10,-0.411491,-0.784623,0.390901,0.249477,-20.100663,-15.640008,72.765508
00087,10,0.207288,-0.155616,0.525011,0.810665,-0.633863,-24.793365,71.892327
00088,10,-0.451603,-0.866639,0.095263,-0.189516,-13.973104,23.226944,69.041979
00089,10,-0.185299,0.133583,-0.418898,-0.878831,-19.926057,-5.749713,69.760962
00090,10,0.729241,0.633864,-0.250873,0.059051,-1.337600,-23.651821,69.651556
00091,10,0.897338,-0.045929,-0.337792,-0.280307,-4.819289,-23.000418,67.910921
00092,10,0.557234,0.800566,-0.204362,0.082585,-13.530474,-20.972913,72.230482
00093,10,-0.106571,-0.456245,-0.841420,-0.269248,19.928021,-20.307003,68.508787
00094,10,-0.279432,-0.773501,-0.487628,0.292972,-23.838045,-16.279881,70.290520
00095,10,0.435910,0.105662,0.892115,0.054301,-21.855024,10.657960,71.261453
00096,10,-0.833538,0.218618,-0.122592,-0.492334,-22.420871,-9.616772,73.101518
00097,10,0.656577,0.533148,0.527150,-0.082291,-5.072322,7.622371,72.706080
00098,10,0.227587,-0.447629,0.761196,-0.410381,-18.417456,-18.516509,67.443638
00099,10,-0.815247,-0.087633,-0.434455,-0.372748,-19.644627,-15.697848,72.320297
