00000,24,0.678186,-0.550809,0.137314,0.466709,-0.876671,1.117250,4.333812
00001,24,0.691433,-0.549335,0.075504,0.463088,-0.884490,1.121941,4.336042
00002,24,0.702821,-0.546996,0.014408,0.454566,-0.892309,1.126631,4.338271
00003,24,0.712287,-0.543828,-0.045634,0.441379,-0.900129,1.131322,4.340500
00004,24,0.719791,-0.539853,-0.104314,0.423765,-0.907948,1.136012,4.342730
00005,24,0.725313,-0.535084,-0.161349,0.401960,-0.915767,1.140703,4.344959
00006,24,0.728850,-0.529524,-0.216479,0.376190,-0.923586,1.145393,4.347188
00007,24,0.730413,-0.523172,-0.269456,0.346671,-0.931405,1.150084,4.349418
00008,24,0.730026,-0.516025,-0.320045,0.313609,-0.939225,1.154774,4.351647
00009,24,0.727724,-0.508080,-0.368013,0.277199,-0.947044,1.159465,4.353877
00010,24,0.723549,-0.499336,-0.413126,0.237626,-0.954863,1.164155,4.356106
00011,24,0.717551,-0.489803,-0.455150,0.195070,-0.962682,1.168846,4.358335
00012,24,0.709783,-0.479495,-0.493842,0.149709,-0.970501,1.173536,4.360565
00013,24,0.700304,-0.468441,-0.528951,0.101722,-0.978321,1.178227,4.362794
00014,24,0.689176,-0.456686,-0.560217,0.051293,-0.986140,1.182917,4.365023
00015,24,0.676460,-0.444291,-0.587371,-0.001376,-0.993959,1.187608,4.367253
00016,24,0.662222,-0.431338,-0.610136,-0.056066,-1.001778,1.192298,4.369482
00017,24,0.646525,-0.417929,-0.628233,-0.112532,-1.009597,1.196988,4.371711
00018,24,0.629437,-0.404192,-0.641381,-0.170492,-1.017417,1.201679,4.373941
00019,24,0.611025,-0.390280,-0.649309,-0.229624,-1.025236,1.206369,4.376170
00020,24,0.591358,-0.376371,-0.651763,-0.289560,-1.033055,1.211060,4.378400
00021,24,0.570510,-0.362665,-0.648520,-0.349877,-1.040874,1.215750,4.380629
00022,24,0.548557,-0.349391,-0.639398,-0.410099,-1.048693,1.220441,4.382858
00023,24,0.525584,-0.336791,-0.624275,-0.469696,-1.056513,1.225131,4.385088
00024,24,0.501681,-0.325127,-0.603101,-0.528087,-1.064332,1.229822,4.387317
00025,24,0.476952,-0.314668,-0.575918,-0.584653,-1.072151,1.234512,4.389546
00026,24,0.451506,-0.305681,-0.542870,-0.638744,-1.079970,1.239203,4.391776
00027,24,0.425466,-0.298428,-0.504211,-0.689703,-1.087789,1.243893,4.394005
00028,24,0.398964,-0.293149,-0.460317,-0.736885,-1.095609,1.248584,4.396235
00029,24,0.372141,-0.290057,-0.411674,-0.779681,-1.103428,1.253274,4.398464
00030,24,0.345143,-0.289327,-0.358876,-0.817541,-1.111247,1.257965,4.400693
00031,24,0.318118,-0.291086,-0.302607,-0.849999,-1.119066,1.262655,4.402923
00032,24,0.291211,-0.295411,-0.243616,-0.876686,-1.126885,1.267346,4.405152
00033,24,0.264563,-0.302326,-0.182694,-0.897345,-1.134705,1.272036,4.407381
00034,24,0.238303,-0.311800,-0.120643,-0.911832,-1.142524,1.276727,4.409611
00035,24,0.212546,-0.323750,-0.058254,-0.920117,-1.150343,1.281417,4.411840
00036,24,0.187395,-0.338050,0.003725,-0.922275,-1.158162,1.286108,4.414069
00037,24,0.162934,-0.354533,0.064601,-0.918469,-1.165981,1.290798,4.416299
00038,24,0.139234,-0.373003,0.123754,-0.908937,-1.173801,1.295489,4.418528
00039,24,0.116351,-0.393241,0.180646,-0.893974,-1.181620,1.300179,4.420758
00040,24,0.094331,-0.415013,0.234820,-0.873913,-1.189439,1.304870,4.422987
00041,24,0.073211,-0.438079,0.285898,-0.849111,-1.197258,1.309560,4.425216
00042,24,0.053024,-0.462194,0.333579,-0.819933,-1.205077,1.314251,4.427446
00043,24,0.033800,-0.487121,0.377629,-0.786744,-1.212897,1.318941,4.429675
00044,24,0.015571,-0.512629,0.417871,-0.749902,-1.220716,1.323632,4.431904
00045,24,-0.001629,-0.538497,0.454175,-0.709749,-1.228535,1.328322,4.434134
00046,24,-0.017760,-0.564517,0.486450,-0.666612,-1.236354,1.333012,4.436363
00047,24,-0.032774,-0.590494,0.514635,-0.620801,-1.244173,1.337703,4.438592
00048,24,-0.046617,-0.616247,0.538688,-0.572610,-1.251993,1.342393,4.440822
00049,24,-0.059228,-0.641609,0.558581,-0.522318,-1.259812,1.347084,4.443051
00050,24,-0.070535,-0.666428,0.574294,-0.470195,-1.267631,1.351774,4.445281
00051,24,-0.080463,-0.690563,0.585810,-0.416503,-1.275450,1.356465,4.447510
00052,24,-0.088927,-0.713884,0.593110,-0.361499,-1.283269,1.361155,4.449739
00053,24,-0.095840,-0.736273,0.596172,-0.305444,-1.291089,1.365846,4.451969
00054,24,-0.101113,-0.757618,0.594967,-0.248606,-1.298908,1.370536,4.454198
00055,24,-0.104657,-0.777818,0.589461,-0.191263,-1.306727,1.375227,4.456427
00056,24,-0.106384,-0.796773,0.579617,-0.133708,-1.314546,1.379917,4.458657
00057,24,-0.106217,-0.814391,0.565393,-0.076258,-1.322365,1.384608,4.460886
00058,24,-0.104088,-0.830579,0.546748,-0.019252,-1.330185,1.389298,4.463116
00059,24,-0.099944,-0.845246,0.523646,0.036939,-1.338004,1.393989,4.465345
00060,24,-0.093755,-0.858302,0.496063,0.091916,-1.345823,1.398679,4.467574
00061,24,-0.085517,-0.869654,0.463997,0.145244,-1.353642,1.403370,4.469804
00062,24,-0.075258,-0.879209,0.427472,0.196457,-1.361461,1.408060,4.472033
00063,24,-0.063046,-0.886875,0.386553,0.245058,-1.369281,1.412751,4.474262
00064,24,-0.048991,-0.892563,0.341355,0.290528,-1.377100,1.417441,4.476492
00065,24,-0.033252,-0.896188,0.292055,0.332332,-1.384919,1.422132,4.478721
00066,24,-0.016040,-0.897674,0.238900,0.369933,-1.392738,1.426822,4.480950
00067,24,0.002383,-0.896960,0.182218,0.402807,-1.400557,1.431513,4.483180
00068,24,0.021703,-0.894004,0.122420,0.430463,-1.408377,1.436203,4.485409
00069,24,0.041561,-0.888791,0.059999,0.452463,-1.416196,1.440894,4.487639
00070,24,0.061561,-0.881335,-0.004472,0.468442,-1.424015,1.445584,4.489868
00071,24,0.081281,-0.871685,-0.070353,0.478131,-1.431834,1.450275,4.492097
00072,24,0.100285,-0.859924,-0.136955,0.481369,-1.439653,1.454965,4.494327
00073,24,0.118141,-0.846174,-0.203560,0.478116,-1.447473,1.459656,4.496556
00074,24,0.134437,-0.830589,-0.269441,0.468455,-1.455292,1.464346,4.498785
00075,24,0.148792,-0.813349,-0.333894,0.452591,-1.463111,1.469036,4.501015
00076,24,0.160874,-0.794656,-0.396254,0.430842,-1.470930,1.473727,4.503244
00077,24,0.170406,-0.774723,-0.455917,0.403616,-1.478749,1.478417,4.505473
00078,24,0.177172,-0.753768,-0.512354,0.371398,-1.486569,1.483108,4.507703
00079,24,0.181023,-0.732005,-0.565117,0.334726,-1.494388,1.487798,4.509932
00080,24,0.181869,-0.709635,-0.613847,0.294166,-1.502207,1.492489,4.512162
00081,24,0.179681,-0.686845,-0.658264,0.250294,-1.510026,1.497179,4.514391
00082,24,0.174482,-0.663801,-0.698168,0.203678,-1.517845,1.501870,4.516620
00083,24,0.166341,-0.640651,-0.733426,0.154863,-1.525665,1.506560,4.518850
00084,24,0.155364,-0.617521,-0.763962,0.104361,-1.533484,1.511251,4.521079
00085,24,0.141688,-0.594520,-0.789746,0.052649,-1.541303,1.515941,4.523308
00086,24,0.125470,-0.571742,-0.810783,0.000160,-1.549122,1.520632,4.525538
00087,24,0.106888,-0.549267,-0.827104,-0.052715,-1.556941,1.525322,4.527767
00088,24,0.086126,-0.527170,-0.838759,-0.105624,-1.564761,1.530013,4.529997
00089,24,0.063380,-0.505518,-0.845808,-0.158251,-1.572580,1.534703,4.532226
00090,24,0.038844,-0.484379,-0.848314,-0.210312,-1.580399,1.539394,4.534455
00091,24,0.012716,-0.463822,-0.846344,-0.261550,-1.588218,1.544084,4.536685
00092,24,-0.014810,-0.443921,-0.839964,-0.311728,-1.596037,1.548775,4.538914
00093,24,-0.043542,-0.424758,-0.829237,-0.360625,-1.603857,1.553465,4.541143
00094,24,-0.073292,-0.406422,-0.814223,-0.408031,-1.611676,1.558156,4.543373
00095,24,-0.103878,-0.389015,-0.794983,-0.453738,-1.619495,1.562846,4.545602
00096,24,-0.135120,-0.372648,-0.771576,-0.497539,-1.627314,1.567537,4.547831
00097,24,-0.166843,-0.357444,-0.744068,-0.539221,-1.635133,1.572227,4.550061
00098,24,-0.198877,-0.343537,-0.712531,-0.578558,-1.642953,1.576918,4.552290
00099,24,-0.231051,-0.331070,-0.677049,-0.615315,-1.650772,1.581608,4.554520
