00000,02,-0.476058,-0.407301,0.212552,-0.749864,-61.892010,34.358660,187.064737
00001,02,-0.490639,-0.408619,0.211116,-0.740091,-61.652001,34.572548,186.725648
00002,02,-0.505018,-0.409959,0.209737,-0.730000,-61.411992,34.786437,186.386559
00003,02,-0.519188,-0.411324,0.208417,-0.719596,-61.171983,35.000326,186.047471
00004,02,-0.533140,-0.412712,0.207156,-0.708884,-60.931974,35.214215,185.708382
00005,02,-0.546868,-0.414125,0.205952,-0.697868,-60.691965,35.428104,185.369293
00006,02,-0.560364,-0.415562,0.204807,-0.686552,-60.451956,35.641993,185.030204
00007,02,-0.573621,-0.417023,0.203720,-0.674943,-60.211947,35.855881,184.691115
00008,02,-0.586632,-0.418510,0.202691,-0.663045,-59.971938,36.069770,184.352026
00009,02,-0.599389,-0.420022,0.201720,-0.650864,-59.731929,36.283659,184.012937
00010,02,-0.611885,-0.421558,0.200806,-0.638406,-59.491920,36.497548,183.673848
00011,02,-0.624115,-0.423120,0.199949,-0.625676,-59.251911,36.711437,183.334759
00012,02,-0.636071,-0.424707,0.199149,-0.612681,-59.011902,36.925325,182.995670
00013,02,-0.647746,-0.426320,0.198405,-0.599426,-58.771893,37.139214,182.656581
00014,02,-0.659135,-0.427958,0.197716,-0.585920,-58.531884,37.353103,182.317492
00015,02,-0.670231,-0.429621,0.197083,-0.572167,-58.291875,37.566992,181.978403
00016,02,-0.681028,-0.431310,0.196504,-0.558175,-58.051866,37.780881,181.639314
00017,02,-0.691520,-0.433023,0.195979,-0.543951,-57.811857,37.994770,181.300225
00018,02,-0.701703,-0.434762,0.195507,-0.529502,-57.571848,38.208658,180.961136
00019,02,-0.711569,-0.436526,0.195087,-0.514836,-57.331839,38.422547,180.622047
00020,02,-0.721115,-0.438315,0.194718,-0.499959,-57.091830,38.636436,180.282959
00021,02,-0.730334,-0.440128,0.194400,-0.484879,-56.851820,38.850325,179.943870
00022,02,-0.739223,-0.441966,0.194131,-0.469605,-56.611811,39.064214,179.604781
00023,02,-0.747776,-0.443827,0.193911,-0.454144,-56.371802,39.278102,179.265692
00024,02,-0.755990,-0.445713,0.193738,-0.438503,-56.131793,39.491991,178.926603
00025,02,-0.763860,-0.447621,0.193611,-0.422692,-55.891784,39.705880,178.587514
00026,02,-0.771381,-0.449553,0.193530,-0.406717,-55.651775,39.919769,178.248425
00027,02,-0.778552,-0.451507,0.193493,-0.390588,-55.411766,40.133658,177.909336
00028,02,-0.785367,-0.453483,0.193499,-0.374313,-55.171757,40.347546,177.570247
00029,02,-0.791823,-0.455481,0.193547,-0.357900,-54.931748,40.561435,177.231158
00030,02,-0.797919,-0.457500,0.193635,-0.341357,-54.691739,40.775324,176.892069
00031,02,-0.803650,-0.459540,0.193763,-0.324693,-54.451730,40.989213,176.552980
00032,02,-0.809015,-0.461599,0.193928,-0.307917,-54.211721,41.203102,176.213891
00033,02,-0.814011,-0.463677,0.194131,-0.291037,-53.971712,41.416991,175.874802
00034,02,-0.818636,-0.465774,0.194369,-0.274062,-53.731703,41.630879,175.535713
00035,02,-0.822889,-0.467889,0.194641,-0.257000,-53.491694,41.844768,175.196624
00036,02,-0.826767,-0.470021,0.194945,-0.239861,-53.251685,42.058657,174.857536
00037,02,-0.830270,-0.472169,0.195282,-0.222652,-53.011676,42.272546,174.518447
00038,02,-0.833396,-0.474332,0.195648,-0.205382,-52.771667,42.486435,174.179358
00039,02,-0.836145,-0.476510,0.196043,-0.188061,-52.531658,42.700323,173.840269
00040,02,-0.838516,-0.478702,0.196465,-0.170696,-52.291649,42.914212,173.501180
00041,02,-0.840508,-0.480907,0.196913,-0.153296,-52.051640,43.128101,173.162091
00042,02,-0.842122,-0.483123,0.197386,-0.135870,-51.811631,43.341990,172.823002
00043,02,-0.843358,-0.485351,0.197883,-0.118426,-51.571622,43.555879,172.483913
00044,02,-0.844215,-0.487588,0.198401,-0.100973,-51.331613,43.769768,172.144824
00045,02,-0.844695,-0.489835,0.198939,-0.083519,-51.091604,43.983656,171.805735
00046,02,-0.844798,-0.492089,0.199497,-0.066072,-50.851594,44.197545,171.466646
00047,02,-0.844525,-0.494350,0.200073,-0.048641,-50.611585,44.411434,171.127557
00048,02,-0.843878,-0.496617,0.200665,-0.031234,-50.371576,44.625323,170.788468
00049,02,-0.842857,-0.498889,0.201273,-0.013858,-50.131567,44.839212,170.449379
00050,02,-0.841464,-0.501163,0.201895,0.003478,-49.891558,45.053100,170.110290
00051,02,-0.839701,-0.503441,0.202530,0.020766,-49.651549,45.266989,169.771201
00052,02,-0.837570,-0.505719,0.203176,0.037999,-49.411540,45.480878,169.432112
00053,02,-0.835073,-0.507997,0.203833,0.055168,-49.171531,45.694767,169.093024
00054,02,-0.832212,-0.510274,0.204499,0.072267,-48.931522,45.908656,168.753935
00055,02,-0.828990,-0.512549,0.205173,0.089288,-48.691513,46.122545,168.414846
00056,02,-0.825410,-0.514820,0.205854,0.106222,-48.451504,46.336433,168.075757
00057,02,-0.821473,-0.517086,0.206542,0.123064,-48.211495,46.550322,167.736668
00058,02,-0.817183,-0.519346,0.207234,0.139806,-47.971486,46.764211,167.397579
00059,02,-0.812543,-0.521598,0.207930,0.156441,-47.731477,46.978100,167.058490
00060,02,-0.807557,-0.523842,0.208629,0.172961,-47.491468,47.191989,166.719401
00061,02,-0.802227,-0.526075,0.209330,0.189361,-47.251459,47.405877,166.380312
00062,02,-0.796557,-0.528297,0.210032,0.205634,-47.011450,47.619766,166.041223
00063,02,-0.790551,-0.530507,0.210735,0.221772,-46.771441,47.833655,165.702134
00064,02,-0.784211,-0.532703,0.211437,0.237770,-46.531432,48.047544,165.363045
00065,02,-0.777543,-0.534883,0.212137,0.253622,-46.291423,48.261433,165.023956
00066,02,-0.770550,-0.537048,0.212835,0.269320,-46.051414,48.475322,164.684867
00067,02,-0.763236,-0.539194,0.213531,0.284860,-45.811405,48.689210,164.345778
00068,02,-0.755605,-0.541321,0.214223,0.300235,-45.571396,48.903099,164.006689
00069,02,-0.747661,-0.543428,0.214911,0.315440,-45.331387,49.116988,163.667601
00070,02,-0.739409,-0.545513,0.215595,0.330468,-45.091378,49.330877,163.328512
00071,02,-0.730852,-0.547576,0.216273,0.345314,-44.851368,49.544766,162.989423
00072,02,-0.721996,-0.549614,0.216945,0.359973,-44.611359,49.758654,162.650334
00073,02,-0.712845,-0.551626,0.217612,0.374440,-44.371350,49.972543,162.311245
00074,02,-0.703404,-0.553612,0.218271,0.388709,-44.131341,50.186432,161.972156
00075,02,-0.693676,-0.555570,0.218924,0.402775,-43.891332,50.400321,161.633067
00076,02,-0.683667,-0.557499,0.219569,0.416634,-43.651323,50.614210,161.293978
00077,02,-0.673382,-0.559397,0.220207,0.430280,-43.411314,50.828099,160.954889
00078,02,-0.662825,-0.561264,0.220837,0.443708,-43.171305,51.041987,160.615800
00079,02,-0.652001,-0.563098,0.221459,0.456915,-42.931296,51.255876,160.276711
00080,02,-0.640916,-0.564897,0.222072,0.469896,-42.691287,51.469765,159.937622
00081,02,-0.629573,-0.566662,0.222678,0.482645,-42.451278,51.683654,159.598533
00082,02,-0.617979,-0.568390,0.223274,0.495160,-42.211269,51.897543,159.259444
00083,02,-0.606138,-0.570081,0.223862,0.507435,-41.971260,52.111431,158.920355
00084,02,-0.594055,-0.571734,0.224442,0.519466,-41.731251,52.325320,158.581266
00085,02,-0.581736,-0.573346,0.225012,0.531250,-41.491242,52.539209,158.242178
00086,02,-0.569185,-0.574918,0.225575,0.542783,-41.251233,52.753098,157.903089
00087,02,-0.556408,-0.576449,0.226128,0.554061,-41.011224,52.966987,157.564000
00088,02,-0.543410,-0.577936,0.226673,0.565079,-40.771215,53.180875,157.224911
00089,02,-0.530196,-0.579380,0.227210,0.575835,-40.531206,53.394764,156.885822
00090,02,-0.516772,-0.580779,0.227739,0.586325,-40.291197,53.608653,156.546733
00091,02,-0.503143,-0.582133,0.228260,0.596545,-40.051188,53.822542,156.207644
00092,02,-0.489314,-0.583440,0.228773,0.606492,-39.811179,54.036431,155.868555
00093,02,-0.475291,-0.584700,0.229278,0.616163,-39.571170,54.250320,155.529466
00094,02,-0.461079,-0.585911,0.229776,0.625554,-39.331161,54.464208,155.190377
00095,02,-0.446683,-0.587073,0.230267,0.634662,-39.091152,54.678097,154.851288
00096,02,-0.432110,-0.588186,0.230752,0.643484,-38.851142,54.891986,154.512199
00097,02,-0.417364,-0.589248,0.231230,0.652018,-38.611133,55.105875,154.173110
00098,02,-0.402451,-0.590258,0.231702,0.660259,-38.371124,55.319764,153.834021
00099,02,-0.387377,-0.591216,0.232169,0.668206,-38.131115,55.533652,153.494932
