00000,6,0.717662,0.693742,-0.049510,-0.035105,-2.369363,4.398073,20.665104
00001,6,0.720201,-0.429854,0.121055,-0.530925,6.722678,1.083669,20.343155
00002,6,-0.473386,0.328057,0.685591,-0.445252,-1.323381,6.518246,20.900051
00003,6,0.005096,-0.738578,-0.631581,0.235757,-7.593535,-3.294574,21.662489
00004,6,-0.215702,0.680839,-0.049622,0.698189,7.746414,-6.820879,21.309276
00005,6,-0.735146,-0.578223,0.296333,0.193403,4.172326,1.781025,21.026100
00006,6,0.600750,-0.302961,-0.664020,0.326177,2.650389,2.991696,20.011334
00007,6,-0.248783,-0.339508,0.449492,0.787908,0.959413,6.058329,21.677447
00008,6,-0.245976,0.402322,-0.879913,-0.058192,2.612489,-3.301368,22.520260
00009,6,-0.769686,0.160568,-0.300353,0.539990,-0.243958,1.452008,22.128098
00010,6,-0.279265,-0.414467,0.849898,-0.167039,3.956186,3.901384,21.775017
00011,6,0.221660,0.223983,-0.204360,0.926788,-4.736402,5.386657,20.310394
00012,6,-0.143171,0.355034,-0.316048,0.868082,3.404713,8.125050,24.557191
00013,6,0.004892,0.539022,-0.328691,-0.775496,-4.803016,5.219236,20.479756
00014,6,-0.286151,-0.019412,-0.564732,0.773834,-4.357958,2.441453,22.120141
00015,6,0.265132,0.191699,-0.206639,0.922094,7.622430,-7.562117,22.455598
00016,6,0.502984,0.535827,0.341167,-0.586090,-7.950993,-6.505577,24.145894
00017,6,0.117491,-0.917449,0.329717,-0.189128,6.081745,5.907060,25.283484
00018,6,-0.307702,-0.517170,-0.741036,0.297859,6.436765,-6.086462,20.461732
00019,6,-0.201472,-0.582485,0.787444,-0.007274,0.204209,6.271549,21.545492
00020,6,-0.038584,-0.870673,0.169257,-0.460208,7.577171,-1.589942,22.452972
00021,6,0.337219,0.080151,-0.937431,-0.032899,-0.084601,1.392714,25.827524
00022,6,-0.081980,0.765553,-0.561408,0.303361,-9.574008,6.997476,26.835133
00023,6,-0.239098,-0.613187,-0.171777,-0.733026,6.464814,-6.067913,23.184160
00024,6,-0.928586,0.000404,-0.272522,-0.251912,6.981279,-1.826310,21.082783
00025,6,0.073863,0.533080,-0.841422,-0.048786,-5.225644,8.304497,26.884262
00026,6,0.155287,-0.291722,-0.620582,0.711099,5.301755,1.779880,21.672909
00027,6,-0.487535,-0.325434,0.700574,0.406938,-5.023422,4.980016,27.766276
00028,6,-0.401332,-0.727121,-0.074235,0.552012,9.229493,-8.794197,25.903527
00029,6,0.477263,0.090659,-0.291043,-0.824193,-7.709819,5.067234,23.618315
00030,6,-0.515484,0.627795,-0.450546,0.370348,3.423607,1.352671,24.397308
00031,6,0.208801,-0.602608,-0.586237,-0.499592,-0.304602,-1.098546,28.685381
00032,6,0.216202,0.411736,-0.682503,0.563844,0.519981,4.274426,29.167577
00033,6,0.781864,0.366367,-0.352041,0.361290,7.819424,7.060071,22.191048
00034,6,0.848854,-0.199678,-0.010504,-0.489352,-1.213176,-6.091888,23.290551
00035,6,0.804630,-0.589476,0.052926,0.047831,-0.016090,4.974744,21.983670
00036,6,0.269990,-0.508573,0.630547,0.520451,1.903996,8.496747,27.787718
00037,6,-0.627998,-0.026441,-0.208716,-0.749237,4.774044,-1.310216,26.133560
00038,6,-0.022767,-0.248314,0.900673,-0.355822,-8.528995,-4.879790,26.051706
00039,6,0.313786,-0.155908,0.749620,-0.561516,-2.622770,-2.055387,30.810212
00040,6,0.669616,0.016795,-0.134229,0.730284,-0.286593,6.892171,29.714057
00041,6,0.059428,0.155100,-0.950801,-0.261513,6.076769,-1.657400,31.223860
00042,6,0.433537,-0.716146,0.303198,0.455249,-3.529953,-6.361112,25.910495
00043,6,-0.290238,-0.872041,0.279110,-0.278215,-1.110407,2.659240,26.233223
00044,6,0.852150,0.274159,0.351141,-0.274548,2.565837,1.151117,21.082792
00045,6,-0.333083,0.091459,-0.408271,-0.844988,-2.532729,-4.345198,28.227588
00046,6,0.772490,-0.149280,-0.458184,-0.413572,6.037109,6.256743,22.089376
00047,6,-0.587154,0.488795,-0.190226,-0.616558,-2.810326,7.756494,27.000315
00048,6,-0.652404,0.199796,0.111845,0.722455,-0.991827,-6.016163,25.308775
00049,6,-0.219906,0.476805,-0.849918,-0.044027,5.396714,-1.121172,25.464560
00050,6,-0.614175,-0.356533,-0.431200,0.556543,7.925750,6.799078,23.390856
00051,6,0.538424,-0.624058,-0.156636,0.544165,0.271557,7.370879,25.441159
00052,6,0.296580,0.914748,-0.158627,-0.223861,-3.372111,3.932417,29.304743
00053,6,0.899749,0.436406,0.000248,0.000718,3.368225,-1.544057,20.987004
00054,6,0.563855,-0.121053,-0.698465,-0.423746,7.697171,2.696329,25.684904
00055,6,-0.708740,-0.497853,-0.117451,-0.485834,11.483068,-5.836843,32.504761
00056,6,0.676083,-0.503043,0.500182,-0.199192,-9.174111,-2.489008,33.979536
00057,6,0.614193,0.661256,0.088127,0.421593,-3.329283,-4.503985,35.240535
00058,6,0.710179,0.070548,0.438611,0.546159,-4.947628,13.491213,37.765798
00059,6,0.322472,-0.560458,-0.729964,0.221475,-2.434704,2.348922,25.469916
00060,6,0.414551,0.371302,0.690830,-0.461559,-7.554642,-1.379556,25.350545
00061,6,-0.073381,-0.508073,0.671191,0.534771,-2.048031,-3.805112,23.047540
00062,6,0.565703,-0.058052,0.038889,-0.821643,-6.914824,-0.155148,20.424036
00063,6,0.064656,0.068592,-0.087776,0.991670,7.422174,4.320581,25.481657
00064,6,0.643968,0.170427,-0.000867,0.745828,-6.401422,-2.061016,30.944594
00065,6,-0.803621,-0.223141,0.523603,-0.173899,-2.936202,13.129051,40.086294
00066,6,-0.052260,0.603028,-0.703674,0.372116,9.975120,-2.997698,40.983287
00067,6,-0.634931,-0.505663,0.170785,0.558569,-3.427005,-7.458861,38.254929
00068,6,-0.757977,0.620614,-0.167273,-0.111040,-2.147423,4.756494,23.800925
00069,6,0.147077,0.833712,0.188980,-0.497574,14.008634,2.545104,40.562641
00070,6,-0.160709,0.544244,-0.445480,-0.692473,4.383010,0.425046,40.364249
00071,6,0.695141,0.259425,0.399796,-0.538182,-7.333044,-2.378315,26.939197
00072,6,0.558618,0.757014,0.037508,0.336851,0.160981,-0.851955,33.746835
00073,6,0.396919,0.470083,-0.225616,0.755364,-1.465555,2.698178,38.429465
00074,6,0.363098,0.672920,0.576651,-0.287770,0.670238,-3.139538,38.891064
00075,6,-0.157406,0.325828,-0.006114,-0.932214,9.184044,-5.017981,26.426803
00076,6,-0.481608,0.787876,0.159456,-0.349113,-3.980239,-8.402007,43.724901
00077,6,-0.443043,-0.693937,-0.361398,-0.437671,13.468989,0.842822,37.309816
00078,6,0.596041,0.218810,0.058975,-0.770311,5.926951,14.218387,43.793332
00079,6,0.511457,-0.417506,-0.256191,-0.706022,7.404748,5.046784,43.284539
00080,6,0.537787,-0.016282,0.814221,0.218094,-2.102321,-8.635271,41.328330
00081,6,-0.708278,-0.086787,0.275831,0.643994,-7.257454,-11.650985,32.197411
00082,6,0.318925,0.338032,-0.573982,-0.674215,-7.168259,-14.207497,44.019689
00083,6,-0.205222,0.609675,-0.720905,0.257829,7.530372,-8.235842,22.645372
00084,6,0.477933,-0.148634,0.621939,0.602230,-0.206440,12.689529,36.765612
00085,6,0.875065,0.286942,-0.384920,0.061339,6.238901,10.173259,34.202448
00086,6,-0.593380,0.731216,-0.056142,-0.331769,10.655582,3.305051,38.931068
00087,6,0.827518,-0.206830,0.501270,-0.145476,-3.647409,0.364268,30.925620
00088,6,0.011686,-0.963313,0.134563,0.231915,6.681658,-2.970311,21.289578
00089,6,0.574700,-0.318289,0.751317,-0.062725,-9.726310,-6.736305,30.596152
00090,6,0.332808,0.687250,0.605367,-0.224626,6.170911,3.014129,43.739682
00091,6,-0.089860,0.941481,0.147541,0.289430,-12.794691,-10.654507,44.117430
00092,6,0.843548,-0.105695,-0.448264,0.276250,-3.361403,0.622842,37.590828
00093,6,-0.326567,0.599197,-0.647868,-0.338502,1.052973,-14.180249,46.697167
00094,6,-0.261342,0.315336,0.230906,-0.882579,-0.518773,6.551815,34.360299
00095,6,0.013569,0.436246,-0.255581,-0.862661,6.758186,-1.044529,31.131174
00096,6,0.608760,0.537028,-0.322542,0.486805,-3.280733,6.924374,43.057120
00097,6,-0.984458,-0.074059,0.134994,-0.084464,-7.659823,-6.342214,48.645068
00098,6,0.476600,0.076010,-0.715518,0.505084,-7.884423,12.431403,48.889260
00099,6,0.022987,-0.602195,0.377804,-0.702920,-1.606224,10.623061,40.595925
00100,6,-0.650329,0.137605,-0.555267,-0.499816,11.291989,-6.320793,36.643199
00101,6,-0.802814,-0.500231,0.146160,-0.289649,-7.532131,10.523551,44.468622
00102,6,0.203915,-0.400353,-0.456943,-0.767684,-11.244696,-3.273339,31.698041
00103,6,-0.207851,0.125896,0.899560,0.362960,-2.428836,-2.735451,37.483709
00104,6,0.343600,0.379126,-0.670841,0.536819,6.786714,-4.982587,37.503163
00105,6,0.347872,-0.491934,0.333135,-0.725263,5.013745,-3.241419,26.034154
00106,6,0.133673,-0.259995,0.019697,-0.956110,-1.916679,-6.456454,30.365408
00107,6,0.152183,-0.050235,0.277121,-0.947376,-4.873182,1.673740,46.652371
00108,6,0.067970,0.205030,-0.753840,-0.620538,-10.029577,17.618486,54.236738
00109,6,-0.468861,0.276705,0.004968,-0.838796,7.348164,-8.025040,49.918080
00110,6,-0.422291,0.525422,-0.660553,-0.330564,0.424446,-12.154187,43.593433
00111,6,0.342960,0.803712,-0.413858,-0.255240,-7.918090,12.480573,49.319697
00112,6,-0.790069,-0.588252,0.171342,0.019831,7.653385,0.665922,36.775671
00113,6,0.677632,-0.174772,-0.520277,0.489471,5.552429,-8.784608,39.169376
00114,6,0.668806,0.527895,-0.074850,0.518096,5.808304,8.351059,55.534390
00115,6,-0.479490,-0.493992,-0.099338,0.718465,0.270276,6.914902,26.287690
00116,6,0.131109,0.855860,0.464075,-0.186942,0.639455,12.589861,54.830020
00117,6,-0.746557,-0.022651,-0.563431,0.353107,16.623180,-15.586731,48.695949
00118,6,0.312620,0.622484,-0.307447,-0.648274,11.796984,-3.936871,51.228516
00119,6,-0.244636,0.927500,-0.030037,0.281060,11.991829,-13.643731,50.745126
00120,6,-0.265714,-0.476966,-0.713164,0.439656,9.558217,4.569936,50.464608
00121,6,-0.144520,0.408835,-0.216918,-0.874594,-0.576751,3.601845,21.997543
00122,6,-0.140968,-0.658190,-0.410234,0.615322,0.087809,-5.012576,40.061999
00123,6,0.309071,0.614538,0.686856,0.234620,-9.287012,-11.203455,56.892663
00124,6,0.527144,-0.604280,-0.510757,-0.309987,-3.032147,1.151627,49.084398
00125,6,0.753152,-0.480678,-0.444968,-0.060939,-10.301143,5.209849,43.993815
00126,6,0.310653,-0.314381,-0.188683,-0.876960,3.809467,0.385699,46.421615
00127,6,0.541078,-0.258734,-0.423542,-0.678899,-3.761267,3.805243,40.822597
00128,6,0.651427,-0.374039,0.652641,0.098980,-17.655173,-18.363306,54.558244
00129,6,0.505732,0.293362,-0.788256,-0.191900,0.521834,15.845496,55.059534
00130,6,0.896693,0.287959,0.180103,0.283872,15.951161,-10.070293,48.904724
00131,6,-0.154688,0.348280,0.497570,0.779228,11.709726,-17.255781,50.891812
00132,6,-0.780091,-0.446407,-0.009055,0.438289,2.851405,1.445825,21.719967
00133,6,0.090652,0.870539,0.353203,0.330440,-7.152369,10.195252,38.983786
00134,6,0.773198,0.145836,-0.252091,0.563336,-15.239178,9.596628,56.224311
00135,6,-0.160630,-0.160408,-0.456419,-0.860319,4.077003,9.940189,33.353359
00136,6,-0.163283,-0.448766,-0.867008,-0.142287,14.148952,-6.749735,52.438024
00137,6,-0.024945,0.260245,0.947538,-0.183907,6.216018,-8.185555,36.004096
00138,6,-0.973788,-0.014588,0.207457,-0.092122,-8.061585,-11.772860,41.061586
00139,6,0.399646,-0.040937,-0.535355,-0.742969,-6.346805,2.375657,45.560461
00140,6,-0.465900,-0.878719,-0.031096,0.099117,16.151107,11.358966,51.807940
00141,6,0.792251,0.576687,-0.115447,0.162612,-3.943047,10.630615,47.155921
00142,6,-0.227240,-0.733523,0.282888,-0.574701,0.195878,9.710490,52.777168
00143,6,0.326302,-0.370020,0.654291,-0.573163,16.660977,-7.769661,58.738116
00144,6,0.619723,0.091375,-0.714878,-0.310715,-5.288119,-2.709307,43.802572
00145,6,0.096049,0.312369,0.090104,0.940788,15.126671,-1.745762,43.213668
00146,6,0.712982,0.535000,-0.388966,-0.232674,7.626422,-8.726361,56.364222
00147,6,-0.701324,0.328205,0.630489,-0.053944,9.282477,-4.911474,36.104282
00148,6,-0.956717,-0.129211,-0.241910,0.097349,-10.125250,19.220830,58.046966
00149,6,-0.199943,-0.276928,-0.939807,0.009789,-8.587786,1.235760,53.342554
00150,6,0.740071,0.478561,-0.069495,0.467380,14.494437,-13.596777,62.280963
00151,6,-0.200117,0.180340,0.960020,-0.076112,-10.783205,7.981203,38.356933
00152,6,0.308919,-0.768911,-0.185120,0.528276,-3.780667,-0.180985,23.705671
00153,6,0.092773,0.131748,0.963375,0.214344,-19.938589,-23.833577,67.477902
00154,6,0.959107,-0.065898,0.218926,-0.166861,-8.004619,-19.042485,65.856446
00155,6,-0.563757,0.265008,0.687094,0.373967,0.215377,-10.681631,41.274090
00156,6,-0.882916,-0.355856,0.167676,0.256342,5.097098,-0.398010,53.953792
00157,6,-0.115128,-0.378048,0.837117,0.378234,-13.434472,-18.002745,68.671614
00158,6,-0.567947,0.132992,-0.806873,0.093308,-0.561021,-5.789752,68.006906
00159,6,0.000975,-0.664185,0.145723,0.733227,-7.942698,-14.390596,69.199446
00160,6,0.523123,0.167021,-0.039622,0.834791,5.733970,8.910648,59.611317
00161,6,0.720134,-0.108463,-0.190449,-0.658310,-10.777069,-11.286834,45.697022
00162,6,0.130616,-0.515617,0.754264,0.384922,11.112571,10.257981,63.934760
00163,6,-0.421153,0.540159,-0.472958,-0.554229,14.185690,2.456000,52.419262
00164,6,0.639571,0.677535,-0.090890,0.351617,9.932270,-0.598404,48.935364
00165,6,0.561650,-0.080821,-0.822995,-0.026382,21.252224,-21.531845,68.031362
00166,6,-0.751735,-0.037960,-0.432852,0.496078,7.697678,8.443608,55.516570
00167,6,0.760329,-0.622570,0.030216,-0.182736,12.071299,-6.228507,54.798058
00168,6,-0.741178,0.232366,0.472473,0.416450,-15.652520,5.632469,63.508952
00169,6,0.535085,0.248776,0.645912,0.484347,13.501537,-2.595441,72.311836
00170,6,-0.872003,-0.393057,-0.048896,0.287622,9.617759,24.554117,68.552019
00171,6,0.401406,-0.709139,-0.533847,0.225838,18.434901,-4.474690,71.209351
00172,6,0.953245,0.285867,-0.097896,0.004548,7.480927,-7.926947,33.063574
00173,6,-0.664642,-0.620773,0.218903,-0.353515,3.723921,-11.082803,40.256848
00174,6,0.674233,-0.482089,0.199837,-0.522556,14.344458,2.715142,50.127127
00175,6,-0.160163,0.268311,-0.928305,-0.201511,-0.019228,-13.346932,57.180389
00176,6,-0.774633,-0.156273,0.599645,-0.126288,-15.205626,1.213168,63.876363
00177,6,0.699169,-0.631402,-0.231317,0.242872,-1.964015,-0.627923,42.555831
00178,6,0.463490,0.645639,0.505494,-0.335862,-8.729770,-7.222448,67.522903
00179,6,-0.597714,-0.256496,-0.502280,0.569792,17.476030,-13.569883,61.954490
00180,6,-0.633541,0.759678,0.146525,0.006812,-23.086724,-2.868398,64.864098
00181,6,0.136249,-0.619901,-0.720626,0.279027,-1.109814,-6.291534,62.316919
00182,6,0.539954,-0.319387,-0.777225,0.048604,4.328876,3.602013,22.722820
00183,6,-0.337059,-0.193186,-0.155977,-0.908153,3.253961,7.817304,45.519927
00184,6,0.558270,-0.496458,-0.635360,0.195400,-20.024916,5.342257,68.383898
00185,6,0.284816,-0.807790,-0.515967,-0.011551,10.832431,6.172628,72.434251
00186,6,0.283688,0.845867,-0.161336,-0.421901,3.031777,-20.325566,66.660267
00187,6,0.645377,0.132301,-0.741019,0.129908,0.388177,17.542256,50.895807
00188,6,-0.901268,0.392580,0.158591,0.091905,9.593317,-0.005229,65.139300
00189,6,0.796126,0.439214,-0.284148,-0.304195,-9.985305,-10.043912,55.139903
00190,6,0.276796,0.398817,-0.273969,-0.830223,-13.708034,8.329775,38.867798
00191,6,0.568008,0.272404,0.766843,0.122947,-16.647027,-8.114733,74.276702
00192,6,-0.308631,-0.044698,0.370606,-0.874872,1.969427,4.882175,25.639812
00193,6,-0.001664,0.430232,0.844225,0.319657,-5.667003,-11.801906,38.089782
00194,6,-0.462284,-0.760188,0.229305,-0.394748,-4.955150,4.306858,73.622494
00195,6,-0.023160,0.332160,-0.938600,0.090351,4.730569,9.965904,73.886781
00196,6,-0.492289,0.054408,-0.019510,-0.868510,20.958928,-5.092431,73.306673
00197,6,-0.143990,0.554033,-0.281722,0.770031,1.504941,-12.433530,43.630595
00198,6,-0.216757,-0.068406,-0.822599,0.521217,4.165188,-2.886316,29.389323
00199,6,-0.297795,0.174806,0.508228,0.788965,-9.064790,6.877347,54.755183
00200,6,0.683578,-0.438014,0.464360,0.353886,21.791655,-23.360143,77.720916
00201,6,-0.515306,-0.229700,0.641652,0.519597,0.388226,-1.175543,37.568305
00202,6,0.687760,-0.202306,0.618564,-0.321615,-16.162950,17.580972,83.007666
00203,6,-0.012253,-0.030688,-0.678343,0.734002,7.883115,-1.953721,62.737164
00204,6,0.238454,0.837147,0.415698,0.263665,-26.710305,23.920531,80.326011
00205,6,0.789129,-0.186818,0.330160,0.483082,6.999137,-11.752152,51.239325
00206,6,-0.587476,0.066893,-0.787792,-0.172569,-10.813722,19.094579,58.091471
00207,6,0.262183,-0.104698,0.361365,0.888658,19.338458,16.976605,57.517450
00208,6,0.587335,0.785357,-0.095737,-0.170550,4.015953,-10.269260,29.928192
00209,6,-0.050127,0.796018,0.160852,0.581351,-3.636676,13.316982,37.243401
00210,6,-0.208226,0.890069,-0.319430,0.249766,-1.765534,-18.171267,72.483956
00211,6,-0.238353,-0.537389,0.712027,0.383951,5.404556,-9.722821,49.163180
00212,6,0.296068,-0.303223,0.886984,-0.183462,13.314951,11.816752,56.068408
00213,6,0.368621,0.379113,0.169605,-0.831640,0.326001,10.516285,86.865010
00214,6,0.888447,0.312233,0.311974,0.125872,-20.505714,-27.755177,83.080726
00215,6,-0.143356,0.728549,-0.563233,0.362538,19.370387,7.025255,58.469783
00216,6,0.736472,-0.313095,0.599523,-0.012356,0.789639,4.764915,59.922523
00217,6,0.669834,0.722537,0.087815,0.146801,15.949941,1.856947,85.557744
00218,6,-0.102600,-0.654889,-0.663625,-0.346692,-25.635391,2.388982,83.978914
00219,6,0.459980,-0.337733,-0.655995,-0.493989,27.740895,23.326667,87.184732
00220,6,0.243862,-0.837336,-0.478375,-0.102752,-20.428565,-21.971930,70.236819
00221,6,-0.048951,-0.449453,0.059563,-0.889971,-11.818370,-3.508566,74.671585
00222,6,0.162586,0.380592,-0.815196,0.405181,15.013021,1.148682,47.534390
00223,6,0.166655,0.341771,-0.657684,-0.650285,3.102292,-19.998684,56.058906
00224,6,0.766536,-0.083962,-0.049431,0.634768,-23.571671,-15.560247,81.679343
00225,6,0.462311,-0.331787,-0.064511,0.819771,-9.819190,8.273083,63.155592
00226,6,-0.050832,-0.317731,-0.754899,-0.571481,5.556011,-13.501609,74.023395
00227,6,-0.872635,0.090860,0.432276,0.208302,4.424110,19.468520,72.122835
00228,6,0.453464,0.325877,0.699922,-0.445290,-17.951881,8.420636,55.345993
00229,6,-0.811017,-0.509017,0.268658,0.104762,13.325910,14.946879,81.921591
00230,6,0.512823,0.309276,0.626681,-0.498630,6.997152,-2.798985,21.391361
00231,6,-0.093984,-0.379954,0.894082,0.217760,-9.448082,-7.785290,33.859115
00232,6,-0.115709,0.848943,0.475607,0.199261,18.604313,-23.205841,69.814121
00233,6,0.006573,-0.526009,0.406245,0.747152,9.603031,16.628837,91.296366
00234,6,-0.161324,0.448401,0.002046,-0.879151,-4.664444,11.876936,46.657441
00235,6,-0.374416,0.586437,-0.130032,-0.706396,1.592315,3.513764,21.441132
00236,6,0.129001,-0.366029,-0.013612,-0.921519,-21.053143,-27.819999,87.671044
00237,6,0.162267,0.673172,-0.290009,0.660608,-9.881211,1.710664,81.307900
00238,6,0.539062,-0.684788,-0.135592,0.471267,-14.888679,-11.135242,51.768026
00239,6,-0.237005,-0.471179,0.177556,-0.830839,-31.188320,-25.844651,94.532485
00240,6,0.929007,-0.163735,-0.327483,0.053778,5.631527,1.569628,89.748135
00241,6,-0.600560,-0.715747,0.021749,-0.355753,6.428132,-33.809815,93.289528
00242,6,-0.049166,-0.472293,0.783575,0.400665,7.879075,6.479656,27.028671
00243,6,0.157511,-0.617730,0.254468,0.727218,-9.090009,-17.900649,72.456006
00244,6,0.676214,0.538570,-0.191601,0.464721,-13.617033,16.678317,94.230392
00245,6,-0.109080,-0.485174,0.848408,0.181414,15.361804,0.809905,44.149209
00246,6,0.744084,-0.221511,0.347539,0.525822,5.324329,3.810210,78.801895
00247,6,-0.220747,-0.954506,0.189899,0.064250,2.867251,-3.077110,81.305649
00248,6,0.371890,0.583616,-0.328409,-0.642836,-14.698635,-28.562553,85.014985
00249,6,-0.421096,0.735652,0.450077,-0.280935,-18.497071,24.550751,91.700046
00250,6,-0.287061,0.916593,0.278170,0.008599,-20.676119,-11.807815,67.532002
00251,6,0.528084,-0.802281,-0.278126,0.010899,6.350827,-11.475850,73.908810
00252,6,0.600205,-0.723721,-0.085455,0.329665,-0.127321,18.172420,69.814175
00253,6,0.704708,-0.317078,0.509066,-0.379078,13.023455,-1.935720,98.400726
00254,6,0.456525,0.075040,0.828919,0.314401,18.952808,-17.748104,64.455382
00255,6,0.384470,-0.820252,0.423340,-0.012306,-10.528250,10.380825,91.984431
00256,6,-0.090443,0.772441,-0.510205,0.367214,-18.714946,-17.164938,66.387814
00257,6,0.346258,-0.256118,0.200379,0.879976,17.644423,10.510890,91.669941
00258,6,-0.818476,-0.345931,-0.441178,-0.125661,17.625243,-10.007068,97.514166
00259,6,-0.478306,0.069782,0.250970,0.838670,-1.445983,19.480656,73.827839
00260,6,-0.095902,-0.268570,0.275495,-0.918028,31.184824,8.220371,86.410895
00261,6,-0.133980,-0.683433,0.394570,0.599403,21.110079,-10.696153,94.669520
00262,6,0.702407,0.335354,0.561026,0.281800,15.572870,-0.018819,97.008203
00263,6,-0.500404,0.546035,-0.453946,-0.495353,15.580576,23.415753,67.757947
00264,6,-0.168100,-0.709629,-0.520628,0.443976,20.978684,-3.545864,92.587589
00265,6,0.560843,0.057192,-0.820136,0.097785,-4.002935,23.773493,90.174991
00266,6,-0.478580,0.470764,0.085724,0.736202,8.170191,-25.358498,70.025904
00267,6,0.503843,0.200488,-0.362882,-0.757802,-28.393755,-21.853727,91.761029
00268,6,0.124528,0.206326,-0.431621,-0.869267,-35.122863,-14.615701,97.995479
00269,6,0.911306,-0.057210,0.332538,0.235938,-2.515636,25.225779,78.706727
00270,6,-0.424580,-0.205733,-0.121136,-0.873345,25.496671,16.757885,90.061995
00271,6,0.021855,0.221644,-0.099863,-0.969754,-7.785017,-16.579633,68.345513
00272,6,-0.554304,-0.351104,0.750814,-0.075838,0.252044,13.605151,68.971049
00273,6,-0.213196,0.671622,-0.108365,0.701234,11.877984,-11.421118,94.452507
00274,6,0.355993,-0.861205,-0.133399,0.337343,-4.492404,-8.009233,88.701603
00275,6,0.274995,-0.508988,-0.258119,-0.773747,-29.494790,21.331636,102.086207
00276,6,-0.650297,0.454942,0.055242,-0.605879,21.150777,-21.823364,74.713126
00277,6,0.541648,-0.745577,0.232723,-0.310762,-11.429752,-27.896535,101.367021
00278,6,-0.506105,-0.783078,0.259989,-0.251102,24.033531,-22.223746,103.780350
00279,6,-0.522526,-0.312430,0.677390,-0.412913,23.510580,-1.310644,81.331163
00280,6,0.872309,0.043004,0.483670,-0.057357,20.589835,-24.781996,106.220663
00281,6,0.589890,0.095505,0.631906,-0.493562,28.917888,20.033427,107.208598
00282,6,0.587644,0.085281,-0.790268,0.151253,-30.179786,31.947910,106.751843
00283,6,0.700727,-0.144045,-0.292743,-0.634457,16.124449,-6.214122,99.521928
00284,6,0.626502,-0.134486,0.239178,-0.729522,18.386410,-5.560008,90.308034
00285,6,0.070952,0.918135,-0.272692,0.278628,17.107246,29.804611,93.171614
00286,6,0.293864,-0.630335,-0.607457,-0.383819,-13.017563,-4.610708,80.895012
00287,6,0.157738,-0.537053,-0.821254,-0.110608,18.180210,2.038280,107.815188
00288,6,-0.095270,0.151125,0.650846,-0.737892,-24.406153,3.844381,84.176858
00289,6,0.359227,0.134726,-0.569407,0.727035,21.759747,8.743621,82.612039
00290,6,-0.611047,-0.486745,-0.299012,-0.547989,16.744645,14.934974,108.179605
00291,6,0.222019,-0.589954,-0.616183,0.472209,15.085869,-19.565761,111.451217
00292,6,0.050437,-0.274866,-0.956651,0.082003,14.653489,2.679806,46.256005
00293,6,0.188200,-0.111237,0.942087,0.254319,18.686312,18.904891,83.650237
00294,6,-0.832666,0.488329,0.079591,-0.248732,9.866126,27.858963,87.323078
00295,6,-0.518377,0.800419,0.275137,0.122123,28.644473,-0.009695,99.043080
00296,6,-0.060002,-0.527297,-0.610748,0.587660,2.262322,21.297947,84.948018
00297,6,0.290096,0.188673,-0.071197,-0.935509,11.773760,11.410183,48.078438
00298,6,0.882635,-0.402235,-0.226253,0.089287,11.222464,21.086394,79.517366
00299,6,0.294828,-0.205902,-0.441733,-0.821920,-23.390006,-1.098652,78.550832
00300,6,-0.763804,-0.399212,0.318504,0.394702,-11.887301,-14.944454,102.548745
00301,6,0.158161,0.975835,0.098623,0.114042,13.525966,5.351412,54.384586
00302,6,-0.268490,0.775807,0.569082,-0.046717,17.031056,-1.694478,66.087014
00303,6,-0.072181,-0.429454,0.551270,0.711660,-13.179780,-10.306210,87.843188
00304,6,0.404343,0.770197,-0.492924,-0.018150,-20.862648,8.194306,107.275125
00305,6,0.618617,0.750377,0.143450,-0.183492,22.721846,10.985241,67.693697
00306,6,0.203983,0.422806,0.593033,0.654170,-18.437487,18.257970,83.361224
00307,6,-0.268577,0.415050,-0.868544,-0.035077,-16.119908,-5.998120,112.844567
00308,6,-0.341274,0.547757,-0.518307,0.561118,-0.116804,28.860798,91.014021
00309,6,0.322751,0.853889,0.348102,0.213377,-17.356683,13.455073,61.503906
00310,6,-0.768659,-0.628730,0.102106,0.058619,-33.094056,34.461265,99.670315
00311,6,-0.125391,0.716650,0.365318,0.580717,1.938829,10.856789,101.002910
00312,6,0.051457,0.468725,0.842701,0.259817,-8.170397,-30.724129,108.324989
00313,6,0.544714,-0.809691,0.051811,0.212141,-29.072119,-21.966651,104.887524
00314,6,-0.347573,-0.709182,-0.232750,0.567522,-9.107209,1.282025,46.463875
00315,6,-0.066195,0.362914,-0.154737,-0.916498,-38.063062,-1.982386,110.581896
00316,6,0.034958,-0.243405,-0.515828,-0.820642,-2.090925,-19.132536,101.847472
00317,6,-0.167073,-0.720434,0.664608,0.106571,28.319847,22.472261,85.618466
00318,6,0.133224,0.520719,-0.572852,0.618824,-1.459308,14.197508,109.708607
00319,6,-0.686380,0.521359,-0.406872,0.302527,-1.835913,7.516214,46.587985
00320,6,-0.412950,0.041188,0.335741,0.845608,-25.808729,-31.191397,115.332174
00321,6,-0.290571,0.048859,0.580967,-0.758721,-21.002231,15.372680,84.205264
00322,6,0.872704,-0.332278,-0.357742,-0.000841,20.063350,0.091414,59.364667
00323,6,0.361212,-0.784898,-0.422345,0.274019,37.368281,35.877727,105.634878
00324,6,0.181908,0.419781,-0.767417,-0.449182,11.961848,0.296154,103.744265
00325,6,0.175244,0.454221,0.511816,0.707826,-20.882135,14.740272,90.903713
00326,6,-0.064730,-0.610000,-0.775855,-0.147505,-18.030027,15.775962,83.687458
00327,6,0.298405,0.913160,-0.194331,0.198313,-12.556824,32.728869,90.104318
00328,6,-0.282565,-0.122323,-0.921196,0.237891,24.605033,-11.729912,100.861925
00329,6,-0.388089,0.356858,-0.842689,0.109156,-15.418667,6.341322,121.429002
00330,6,0.819295,-0.062663,-0.181139,0.540387,16.708615,13.551743,96.716498
00331,6,-0.173598,-0.939587,-0.128554,0.265543,-42.547317,39.245926,122.470968
00332,6,0.874982,0.388747,-0.247321,-0.148709,20.281812,-33.421269,122.917229
00333,6,-0.305339,-0.577731,0.074758,-0.753263,-5.878889,41.284688,114.278211
00334,6,-0.242281,-0.931006,-0.109492,0.250078,-7.067210,5.697019,93.897251
00335,6,-0.307632,0.298270,-0.746023,-0.509752,12.416722,-7.609384,49.458812
00336,6,0.117145,0.654575,0.686769,0.293526,7.918400,27.118157,103.443136
00337,6,-0.065711,0.206117,-0.753442,0.620904,9.589485,17.268457,72.694543
00338,6,0.779603,0.530754,0.256511,-0.211474,25.206241,-31.630644,96.427291
00339,6,-0.591998,0.725415,0.349229,0.036740,5.630779,-1.681066,37.901024
00340,6,0.169588,0.724913,-0.658597,0.109504,-2.766351,1.558056,117.222719
00341,6,0.187365,0.636904,-0.692080,-0.283324,-18.193295,31.791280,107.227483
00342,6,-0.089856,-0.523556,0.835114,0.142827,3.029731,12.258737,89.228344
00343,6,0.100602,-0.859166,0.493174,-0.092155,-12.642973,34.097884,103.067075
00344,6,-0.353030,-0.015031,-0.749372,-0.559986,-8.365299,38.114924,115.163107
00345,6,-0.502804,0.392479,-0.317590,-0.701631,-38.516194,-36.530472,121.748484
00346,6,0.754702,0.442759,0.046080,-0.481940,-30.912168,1.243566,123.093398
00347,6,-0.555739,-0.640121,0.461652,0.261299,-0.428164,-0.722783,45.850583
00348,6,0.026539,0.465770,-0.301855,0.831407,22.682168,24.733337,74.063283
00349,6,-0.544864,-0.245851,0.668382,-0.442657,-31.020266,31.514732,128.545504
00350,6,-0.556385,-0.571676,0.521076,-0.303483,-24.327574,3.778833,102.533395
00351,6,-0.255295,0.866355,0.313347,-0.293373,22.559307,-4.010084,119.930507
00352,6,0.512248,0.470293,-0.019717,0.718358,21.082837,-11.873027,62.186126
00353,6,-0.916465,-0.134771,0.373064,0.052455,-11.721709,-21.572212,121.713683
00354,6,-0.331778,0.344815,0.045807,0.876886,16.959714,9.350457,84.322882
00355,6,0.736703,0.258825,0.396743,0.482569,-20.945879,10.386737,59.443666
00356,6,0.288488,0.612315,0.266898,-0.686010,-10.147403,20.618684,58.083177
00357,6,-0.103864,-0.382062,-0.914692,-0.081112,-31.679959,43.951343,125.222959
00358,6,-0.941700,-0.125683,0.306574,0.058451,-22.565814,24.337208,88.755875
00359,6,-0.743752,0.276588,0.591475,-0.143139,-4.702953,2.558756,56.041977
00360,6,0.213895,-0.013928,-0.904995,-0.367477,28.282844,-14.766008,88.162467
00361,6,-0.819907,0.117622,-0.420434,0.370341,34.038126,-23.723783,117.152139
00362,6,0.563804,-0.608859,0.553507,-0.071035,-34.533655,32.937958,99.110947
00363,6,0.008985,0.097126,-0.638367,-0.763527,-11.832873,9.393584,68.676583
00364,6,-0.388797,-0.804754,-0.221944,0.389806,-39.308377,-35.723062,108.652415
00365,6,-0.521671,0.262734,-0.723169,-0.368587,-9.318787,-15.127061,108.526449
00366,6,0.394464,0.617599,-0.540566,0.413228,-27.734802,-35.719225,114.183102
00367,6,-0.406384,0.764007,-0.464662,-0.187711,-13.535142,-5.783406,86.853740
00368,6,0.630502,0.532049,0.077722,-0.559776,20.345444,-10.628169,81.275348
00369,6,-0.010701,0.311476,0.278079,-0.908593,-28.289752,16.682873,87.961690
00370,6,-0.594506,0.429651,-0.657361,-0.172740,-13.442906,36.722166,103.299733
00371,6,0.773418,-0.506168,-0.372279,0.083822,17.659627,-30.305216,111.741118
00372,6,-0.336226,0.321853,0.824167,-0.322663,26.360723,-16.659670,76.200696
00373,6,-0.512022,-0.555877,0.022686,-0.654461,-6.952147,-6.532301,44.576789
00374,6,0.414677,0.058767,0.876416,-0.237664,21.041753,-15.163501,129.563785
00375,6,-0.164378,-0.857226,0.034122,-0.486805,3.138500,12.459903,86.148104
00376,6,-0.504930,0.630291,0.459355,-0.369826,39.200039,17.703984,114.833835
00377,6,-0.534661,-0.504160,-0.091481,-0.672006,-25.988066,3.813144,96.305452
00378,6,-0.275348,-0.153556,-0.934063,-0.167723,12.423333,-27.713934,82.474390
00379,6,-0.119212,0.347813,-0.058078,-0.928139,-34.863745,-4.457907,96.414906
00380,6,-0.749770,0.331349,0.545934,-0.173229,9.244480,-7.807762,35.344304
00381,6,-0.071645,-0.754586,-0.629511,-0.170829,6.571669,-2.312942,72.086341
00382,6,0.636067,0.204386,-0.596848,0.444317,-27.343629,5.213088,110.394910
00383,6,-0.066742,-0.980419,-0.183091,0.028300,14.732165,-28.826960,81.031276
00384,6,0.530020,0.575303,0.237254,0.576035,-27.329150,5.407671,99.486986
00385,6,-0.658119,-0.359779,0.422834,-0.508577,-17.778981,-7.498965,74.478420
00386,6,0.328312,-0.395498,0.210818,-0.831474,-5.814097,-44.680682,133.287256
00387,6,0.339714,0.379584,0.780936,-0.361455,20.557860,-15.088995,114.439168
00388,6,-0.481481,-0.136975,0.798697,-0.333912,49.895051,-32.558141,141.107988
00389,6,-0.050360,-0.177307,-0.696348,0.693633,13.029779,8.555800,63.915294
00390,6,-0.013583,-0.492261,0.161088,0.855304,-12.633018,21.289823,124.461876
00391,6,-0.273214,0.282073,0.623520,0.676027,-19.638412,-12.454182,130.526498
00392,6,-0.176262,0.367117,-0.731998,-0.546202,-29.654611,3.733579,97.836574
00393,6,0.427705,-0.544341,-0.392455,-0.605591,7.664269,-1.968066,116.453054
00394,6,0.881256,-0.451570,-0.019905,0.138115,-19.516975,10.538197,63.911905
00395,6,0.421347,0.003314,0.547884,-0.722689,-30.516610,-1.140948,123.385496
00396,6,-0.438356,0.154655,-0.016630,-0.885240,4.065163,-2.508424,107.005053
00397,6,-0.174875,0.758142,-0.591079,-0.212754,-41.941879,19.105210,129.758302
00398,6,-0.350167,0.678771,-0.631028,-0.135852,-5.943155,23.938887,82.120953
00399,6,-0.177356,0.823657,0.401620,0.358936,-8.262119,5.658672,108.302905
00400,6,0.189660,-0.558036,-0.701853,-0.400034,-11.274968,-33.633297,94.122930
00401,6,0.072157,-0.188711,-0.195623,-0.959642,7.611796,-14.738252,121.805735
00402,6,-0.412010,-0.861323,0.292931,-0.050614,9.241649,-8.768728,133.011095
00403,6,0.641429,0.352160,0.428556,0.529992,46.794518,41.301758,131.374321
00404,6,0.381835,0.582434,-0.266517,-0.666290,35.634947,-7.699036,115.989774
00405,6,-0.676357,0.393829,0.058584,0.619684,-27.795161,13.433364,108.828314
00406,6,0.771081,-0.017639,-0.079950,0.631451,9.390448,33.028945,132.885017
00407,6,0.238511,-0.429815,-0.845076,-0.210283,20.003948,1.790977,106.388432
00408,6,0.118850,-0.299051,0.684242,-0.654413,-21.624710,8.653075,70.951525
00409,6,-0.405843,0.698972,-0.526217,0.264246,29.827313,-15.039869,134.421424
00410,6,-0.112416,-0.747193,-0.153554,-0.636778,2.879396,4.580232,54.026348
00411,6,-0.584012,0.755627,-0.256485,0.148906,-40.797420,3.107635,137.458863
00412,6,0.076612,0.131921,0.157749,0.975624,10.246708,28.317895,122.704703
00413,6,-0.429106,0.277952,-0.671645,0.536194,-5.401922,-16.904816,87.385614
00414,6,0.765047,0.077606,0.313534,-0.557114,-7.441452,-9.212914,33.382924
00415,6,-0.074861,0.446156,0.248575,0.856476,22.343101,25.462149,138.697077
00416,6,0.532262,-0.618918,0.405554,-0.411296,-13.890322,26.930221,87.646596
00417,6,-0.556642,-0.824866,-0.071615,0.067955,31.153833,-31.160236,130.209206
00418,6,-0.520750,-0.397047,-0.285837,0.699622,-0.681179,42.765430,134.702759
00419,6,0.387750,0.533215,0.710455,0.246139,14.451022,-22.615297,63.739173
00420,6,-0.847207,0.195154,-0.406826,0.280442,8.983309,10.685775,69.482201
00421,6,-0.604624,-0.587330,-0.434575,-0.317202,32.722738,-43.661045,143.262479
00422,6,0.167785,-0.889392,-0.011232,-0.425093,41.241231,-11.414013,134.553730
00423,6,0.097762,0.771984,0.556491,0.291205,10.096012,-13.629893,104.074208
00424,6,0.620176,0.260421,-0.403961,0.619982,-28.933610,4.470808,119.694101
00425,6,-0.556022,0.728149,-0.068952,-0.394822,18.808268,-15.113840,112.024135
00426,6,-0.012478,0.520520,-0.159816,-0.838667,2.290127,18.380876,150.385949
00427,6,-0.606203,0.375427,0.464928,0.524799,-17.717778,-20.810683,95.266920
00428,6,-0.655482,-0.361187,-0.318350,0.581842,-17.069545,-25.030426,81.667743
00429,6,0.100687,-0.427762,0.847530,-0.297615,3.757226,9.756990,148.483237
00430,6,0.815792,-0.567472,0.016573,-0.110383,-7.332903,3.961012,123.598087
00431,6,-0.720487,0.545437,0.229758,-0.361399,27.930207,25.135834,142.851362
00432,6,0.855847,0.012383,-0.252882,0.451025,-14.210046,1.587683,147.600419
00433,6,0.746068,-0.435622,-0.142029,0.483160,34.335728,23.959663,128.609993
00434,6,0.660067,-0.180635,-0.529104,0.501728,-23.083304,-37.440108,103.020819
00435,6,-0.672030,0.003005,-0.310871,-0.672106,39.979855,16.347743,132.170102
00436,6,-0.443596,0.455865,0.758369,-0.142430,35.753261,22.588292,119.956577
00437,6,0.471338,0.438665,-0.234427,-0.728325,-21.121983,-3.751627,143.284136
00438,6,-0.673889,-0.287813,-0.500042,-0.461514,-6.514049,25.194319,73.953675
00439,6,-0.145380,-0.255762,-0.954457,0.049634,-16.789672,3.566286,116.574560
00440,6,0.516054,-0.134560,-0.094756,-0.840597,14.739183,-23.847342,152.056363
00441,6,0.631571,-0.332191,-0.533041,-0.454570,-43.537433,-1.955167,140.446257
00442,6,-0.154177,0.228751,0.873029,-0.402147,19.395119,-23.042335,144.195135
00443,6,-0.682133,0.508751,-0.252151,0.460746,51.147600,33.300128,155.005538
00444,6,0.706512,0.549675,-0.324797,-0.305295,7.851902,-18.252589,89.784991
00445,6,-0.313416,-0.617403,0.301469,0.655516,-13.233724,21.586217,127.004844
00446,6,0.787726,-0.588619,0.086538,0.159770,30.216077,30.659416,148.251229
00447,6,0.597336,0.547314,-0.111164,-0.575569,8.975213,-0.702839,65.962013
00448,6,0.763462,-0.512222,0.267392,-0.288540,-14.892809,33.908267,123.977158
00449,6,0.521525,0.413758,0.576376,0.473928,15.806865,20.192891,91.440015
00450,6,-0.714226,0.241030,0.567284,0.331624,33.119346,1.625727,115.294245
00451,6,-0.589979,0.602863,-0.086428,-0.530105,-36.891129,-25.608758,130.167857
00452,6,0.440655,0.889770,0.077776,0.089910,2.762904,-21.075315,95.895800
00453,6,-0.123723,-0.914717,-0.311113,-0.226261,37.043859,-36.160338,156.786104
00454,6,-0.818845,0.061453,-0.269893,0.502866,-5.366621,-24.358402,153.577211
00455,6,-0.383636,-0.803560,-0.281839,-0.357326,-26.945042,40.892672,152.122629
00456,6,-0.050756,-0.296723,-0.953554,0.010707,-35.504275,-28.935960,109.102961
00457,6,0.414796,-0.616111,-0.349831,0.570937,-36.151839,-50.283942,154.419134
00458,6,0.891386,0.162865,0.387499,-0.169559,13.490921,-19.088141,69.358536
00459,6,0.820161,0.534740,0.027110,0.201631,22.595649,9.827048,92.344183
00460,6,-0.131779,-0.854643,-0.161326,0.475598,-37.585209,41.557671,118.496074
00461,6,-0.507821,0.451776,-0.557878,-0.476224,-15.109973,-12.082561,123.298494
00462,6,0.769879,0.045937,-0.473586,0.425315,12.400817,-30.305728,135.395470
00463,6,0.287563,0.384170,0.069696,-0.874564,-36.977677,26.558606,155.463530
00464,6,-0.639317,-0.447495,0.192054,0.595094,18.924960,13.755590,125.573312
00465,6,-0.192060,-0.071124,0.828878,-0.520591,16.806164,-36.138041,149.839330
00466,6,-0.951563,0.004858,-0.306852,-0.018586,-50.678646,12.979131,150.458680
00467,6,0.701260,-0.171078,0.242469,0.648209,12.360498,48.791048,147.678580
00468,6,0.219401,-0.197578,0.906094,0.303017,-12.727812,-7.829309,35.897140
00469,6,-0.326496,-0.845411,-0.206183,-0.369011,1.257622,-30.898282,90.217083
00470,6,-0.015984,-0.977596,-0.172453,0.119626,50.914064,3.608456,155.280571
00471,6,-0.197097,-0.303534,-0.194077,0.911786,26.822944,55.685888,159.372674
00472,6,-0.472665,0.479759,-0.739030,0.015939,49.138757,41.478144,161.526499
00473,6,-0.271039,-0.376121,0.829843,0.310534,-53.354995,-22.545146,159.772694
00474,6,-0.605581,-0.552041,-0.544179,-0.179977,-44.205442,32.529925,130.998261
00475,6,-0.006276,0.034296,-0.744013,-0.667254,-38.505827,-35.663028,125.109712
00476,6,-0.720351,-0.040981,0.191939,-0.665262,35.718061,-33.604125,156.251932
00477,6,0.168871,-0.800970,0.571411,-0.058475,-4.837463,-23.678360,160.087763
00478,6,-0.713271,0.442287,0.533604,-0.104370,-41.243811,-25.369923,163.380998
00479,6,-0.356261,-0.615978,0.660190,-0.240414,-9.698096,-50.377501,171.982398
00480,6,-0.324102,0.181762,0.924007,-0.090174,15.362055,16.134931,52.075382
00481,6,-0.728757,0.343909,0.556326,0.202834,21.517976,7.702361,108.858202
00482,6,0.668185,-0.301158,-0.271161,-0.623942,58.990518,-20.578702,174.546765
00483,6,0.601083,-0.518425,-0.599226,0.104225,13.353697,31.019675,124.240787
00484,6,-0.775761,-0.492109,-0.390698,0.058132,2.774217,-50.062766,139.821285
00485,6,0.266844,0.388368,-0.875184,-0.109621,52.831588,-36.426792,159.789277
00486,6,-0.691564,-0.719232,0.063584,0.020040,49.968041,4.051499,159.608893
00487,6,0.245500,-0.312470,-0.002517,-0.917652,0.309198,16.928157,164.918514
00488,6,-0.277334,-0.012083,0.830720,-0.482540,-5.727573,17.833826,83.184402
00489,6,-0.871397,0.085068,-0.330967,0.351982,-38.078324,39.169343,117.254686
00490,6,0.480067,-0.527767,0.699127,-0.047115,14.547363,-12.351630,169.338297
00491,6,-0.339844,-0.744760,0.492791,0.294950,42.065577,17.425239,173.997843
00492,6,0.838606,0.189836,0.392602,-0.326444,-27.133821,41.077949,153.965989
00493,6,-0.463970,0.591782,-0.585988,0.301901,8.854968,59.355908,178.655227
00494,6,0.581204,0.750977,-0.212992,0.229932,-0.812935,-5.901352,168.418645
00495,6,0.667103,0.667130,-0.254224,-0.212795,-8.855000,-12.149711,107.500653
00496,6,0.610192,-0.694228,0.364937,-0.111950,35.341501,-18.155433,134.136244
00497,6,-0.273391,0.564023,-0.565447,0.536102,-33.232289,16.600230,113.131969
00498,6,0.010323,-0.023157,0.147638,0.988716,-48.922767,12.025259,178.064601
00499,6,0.523139,0.700201,0.232360,0.426676,17.133775,-59.662885,181.425926
00500,6,-0.898698,0.087071,-0.368966,0.220510,-3.086968,23.755804,178.993149
00501,6,-0.141303,-0.531682,0.432182,-0.714540,11.021690,-14.948006,70.461878
00502,6,-0.322351,0.651684,0.682970,0.070350,25.753279,-1.454268,114.010741
00503,6,0.361899,0.626090,0.680193,-0.119908,-29.907495,32.207202,126.659233
00504,6,0.651347,0.573351,0.373227,0.328202,8.879765,-0.832260,75.163377
00505,6,-0.657051,0.299689,0.680449,0.124338,41.736266,-42.165459,163.935164
00506,6,-0.416766,-0.430427,0.632597,-0.490775,-2.483984,23.848271,171.206654
00507,6,0.218301,-0.687641,-0.048416,-0.690761,-33.380978,47.735035,158.728051
00508,6,0.237994,0.430955,0.849398,-0.190159,-10.231292,-38.853660,158.068456
00509,6,-0.343935,0.186511,0.333286,0.857813,-45.018245,3.567226,143.489747
00510,6,0.742969,0.137182,0.575412,0.313176,18.296194,-24.932027,86.653229
00511,6,0.791552,-0.543354,0.068581,0.271126,-41.339412,-62.045633,180.930094
00512,6,-0.822476,0.417998,-0.177031,-0.342741,8.834051,24.878580,120.047459
00513,6,-0.163452,0.878956,0.444009,0.059798,26.012867,-25.815646,174.503487
00514,6,-0.682883,0.136426,-0.716144,0.046858,-26.064119,33.464720,120.170775
00515,6,-0.627670,-0.429461,0.630340,0.155772,-2.289104,-40.448045,139.872953
00516,6,-0.688210,0.235838,0.582654,-0.362301,1.409918,-17.035005,113.386339
00517,6,-0.111253,-0.199715,0.132910,0.964402,20.797517,28.011180,100.838282
00518,6,0.673454,-0.317387,0.560521,-0.362685,-23.818939,-46.150671,134.820866
00519,6,-0.846688,-0.197609,0.235218,0.434445,28.651987,-19.713987,79.387229
00520,6,0.645620,-0.499628,0.394893,0.421432,-27.201982,-12.392442,110.660744
00521,6,-0.700775,-0.266004,-0.151851,-0.644281,7.637916,2.845545,78.097442
00522,6,-0.659221,0.512321,0.192021,0.515832,11.504976,-10.327055,176.726531
00523,6,0.593510,-0.736431,0.307324,0.104722,51.404553,50.923354,160.685329
00524,6,0.804120,-0.035787,0.586039,-0.093105,-16.780118,-26.430278,110.648755
00525,6,-0.477537,0.056030,-0.215971,-0.849809,-13.857254,14.258976,172.788146
00526,6,0.475193,-0.468157,-0.380505,0.640497,18.132144,-19.706738,96.141317
00527,6,0.271769,-0.023302,0.810233,-0.518768,53.814264,24.246133,168.013345
00528,6,0.465895,-0.258916,-0.528174,0.661012,56.444556,52.091743,165.889111
00529,6,-0.737776,0.126890,-0.629731,-0.207422,-16.349391,12.513558,163.487068
00530,6,-0.822768,-0.520817,-0.003261,-0.227579,-38.399097,-61.689592,191.668765
00531,6,0.251429,0.628125,0.649398,-0.347166,23.868179,-6.042554,163.231755
00532,6,0.660556,-0.478499,0.056487,-0.575772,-45.313011,45.696221,140.493041
00533,6,-0.219148,-0.808772,0.456104,0.299719,62.387728,12.492537,190.601846
00534,6,-0.446635,0.701713,0.331346,-0.445338,-52.181612,27.504034,168.539886
00535,6,-0.541185,0.006367,-0.695048,-0.473272,31.852787,-0.924077,93.565036
00536,6,0.485188,0.241863,-0.495174,-0.678895,-18.842713,0.278450,66.104932
00537,6,-0.256672,-0.423012,-0.853326,-0.164364,-22.009108,-35.460037,140.900274
00538,6,0.397589,-0.828841,-0.267577,0.288702,-51.801843,-51.215684,190.612850
00539,6,0.754466,-0.145357,0.302496,-0.564047,-26.169053,64.014885,195.680738
00540,6,0.092799,-0.196236,-0.976039,-0.015061,-4.353869,50.824849,146.952714
00541,6,-0.623505,-0.390284,0.391799,-0.552642,26.705294,-31.619204,120.982805
00542,6,-0.132745,-0.506278,0.037283,-0.851276,-7.718651,-11.799659,64.615631
00543,6,0.432051,-0.330725,-0.445355,0.711064,-16.063546,63.158505,177.770088
00544,6,-0.585961,0.294587,0.724744,0.211220,53.502574,33.180791,203.137578
00545,6,-0.435271,0.141145,0.522896,-0.719164,47.281499,51.483428,200.259814
00546,6,0.705362,0.223150,0.228545,-0.632800,-68.762797,59.084843,204.992781
00547,6,0.528836,-0.291211,-0.653989,0.455881,35.719521,-9.496442,181.489216
00548,6,0.043247,-0.589959,0.800703,0.094623,-22.758036,-34.034870,137.107885
00549,6,0.305130,0.925479,0.224427,-0.004180,8.597088,-17.960027,69.315614
00550,6,-0.564441,-0.415574,-0.270037,-0.660140,6.703567,9.311771,152.240611
00551,6,-0.044625,0.292286,-0.817028,-0.495018,7.801394,-47.984149,173.485029
00552,6,0.103904,0.210273,-0.967944,0.089853,26.130832,-9.696561,127.820170
00553,6,-0.715798,-0.273373,-0.642573,-0.000601,-24.089250,8.244303,178.275639
00554,6,-0.007078,0.226838,-0.672116,0.704809,50.197350,-0.970005,167.760120
00555,6,0.095227,-0.912057,-0.199310,-0.345485,-43.344762,-21.604954,147.185574
00556,6,-0.312903,0.707133,-0.031589,0.633290,7.585622,7.188089,197.539211
00557,6,0.652338,0.310297,0.599188,-0.345174,24.064077,-44.672998,141.565758
00558,6,0.427942,-0.810353,-0.046887,0.397485,35.810940,31.350344,111.616499
00559,6,-0.308828,-0.543924,-0.714133,0.314304,51.381779,-56.595621,168.297475
00560,6,-0.090001,-0.317854,-0.763372,-0.555097,-24.097729,-45.290650,169.904970
00561,6,-0.104824,-0.730496,0.156578,-0.656407,50.302247,31.596335,207.940260
00562,6,0.764728,-0.564872,0.163457,0.263424,-66.072388,-46.811304,200.250324
00563,6,-0.521857,-0.686030,0.493024,0.118135,7.959310,-22.532755,145.256166
00564,6,-0.028330,-0.363484,-0.228593,-0.902675,54.288497,42.731643,187.058708
00565,6,-0.200976,-0.398058,-0.881767,-0.153770,-8.270818,-9.232751,173.460138
00566,6,-0.294065,-0.596341,-0.004307,-0.746916,3.824825,-5.294910,183.915811
00567,6,0.090246,0.751280,-0.568909,-0.322143,1.545403,42.068657,131.186698
00568,6,-0.417277,-0.339296,-0.326899,0.777107,12.948876,-21.688486,73.694542
00569,6,0.258070,0.109931,0.331222,0.900892,18.077131,47.527748,175.686341
00570,6,-0.851264,-0.452024,0.260465,-0.056413,-18.383271,-19.543702,148.973517
00571,6,-0.415186,0.115536,0.465762,0.772876,-17.455074,-34.942346,211.100884
00572,6,-0.090933,0.762723,0.628661,-0.121530,12.388628,-29.054704,182.029008
00573,6,-0.705125,-0.118871,-0.677735,0.171303,-42.635949,30.920928,154.810446
00574,6,-0.317630,0.451257,-0.445002,-0.705303,5.399615,39.367764,196.365501
00575,6,0.478127,-0.765684,0.249402,-0.350602,-38.405700,-43.995630,216.303681
00576,6,0.219537,-0.370623,0.127530,-0.893408,-3.867301,-9.632512,158.445270
00577,6,0.798878,0.507113,-0.120362,-0.300238,8.114451,47.521990,213.062211
00578,6,-0.078399,0.737795,0.148162,-0.653881,-1.256508,-1.138022,85.986137
00579,6,-0.480434,0.341950,0.722635,-0.360626,-54.850085,49.152567,193.755387
00580,6,0.634361,0.236634,-0.619238,-0.397661,-15.260882,18.589858,124.982095
00581,6,0.321629,0.286568,0.602785,-0.671628,-39.170643,-41.839249,190.742270
00582,6,-0.529228,0.181376,0.765876,-0.316945,1.116438,61.279362,187.653268
00583,6,0.337273,-0.289106,-0.665517,-0.599793,1.044422,34.865064,210.121856
00584,6,-0.418960,0.424597,-0.712886,-0.368758,-11.094181,36.705739,117.845881
00585,6,0.057397,-0.106763,-0.379439,0.917242,36.496694,-9.643182,193.834335
00586,6,0.059665,-0.825222,0.521019,-0.209732,30.693866,41.035154,160.696145
00587,6,-0.434047,-0.741899,-0.051204,-0.508494,33.289661,-22.027176,110.466976
00588,6,-0.164278,0.534368,0.604591,-0.567392,33.984055,35.104872,117.847200
00589,6,0.030469,0.836313,-0.305668,-0.454114,47.072062,-22.124675,165.555129
00590,6,0.805708,0.502008,0.226853,0.217624,57.172244,-64.329592,198.429641
00591,6,-0.907428,-0.085735,-0.302954,0.278287,8.006483,-17.144913,50.525659
00592,6,-0.365503,-0.117348,0.920482,0.073148,-3.654317,44.471899,188.199094
00593,6,-0.132955,0.624196,-0.635474,0.434597,-28.469466,-54.517116,195.868378
00594,6,0.644435,0.366809,-0.651366,-0.160859,12.201692,8.614647,65.866297
00595,6,0.329321,0.663139,-0.272256,-0.614549,-17.088749,-18.186284,120.043172
00596,6,0.411260,0.540095,0.176931,0.712642,-7.238793,-8.405898,83.942461
00597,6,0.303451,-0.121497,0.901584,0.283376,-47.900616,49.099019,162.790777
00598,6,0.406877,-0.567247,0.697373,-0.162335,45.789536,42.032748,139.332982
00599,6,0.494688,-0.633914,0.387290,-0.451046,64.646224,-27.822911,183.563918
00600,6,0.546572,-0.779870,0.255048,0.167372,-48.789479,-5.096829,142.942395
00601,6,0.953320,0.240901,0.141521,0.114536,34.759214,-33.356294,175.506459
00602,6,0.789384,0.485677,-0.349112,-0.138244,57.897764,27.785301,181.797393
00603,6,0.107304,0.604437,0.351754,0.706690,40.778553,28.579383,142.917394
00604,6,0.432884,0.207160,-0.066027,-0.874835,38.958592,47.465004,228.969268
00605,6,0.247321,-0.610642,-0.388157,-0.644425,-40.927867,48.076008,180.531330
00606,6,0.705591,0.025918,-0.248199,-0.663225,50.114634,-58.499880,199.567083
00607,6,-0.123096,0.319692,0.011125,-0.939426,14.136061,19.260828,72.703359
00608,6,-0.703485,-0.621222,0.179088,0.295159,54.832605,-69.515849,198.827291
00609,6,0.299689,-0.501828,0.714165,-0.385127,-10.777668,11.012934,32.498435
00610,6,0.669330,-0.553980,0.191724,-0.456448,-0.557236,26.592321,228.145198
00611,6,-0.170428,0.547304,-0.630097,0.523823,-1.710904,47.080862,184.783487
00612,6,0.198016,0.813804,0.545716,0.026578,-58.443853,-35.237216,234.603501
00613,6,0.313485,-0.001278,0.812908,-0.490821,-4.845680,-27.012259,192.712106
00614,6,0.310317,-0.510413,-0.227697,-0.768984,-4.743822,33.653642,152.975287
00615,6,-0.092666,0.693370,-0.242012,-0.672369,23.677390,70.317701,210.801917
00616,6,-0.325162,-0.539995,-0.773661,0.064216,10.291596,-1.067275,110.498910
00617,6,0.565290,0.661495,-0.479776,-0.112634,-57.290659,-55.157558,234.161462
00618,6,-0.422125,-0.837488,-0.261143,0.228537,-30.502797,5.174248,153.406275
00619,6,0.871634,0.427118,-0.231612,0.064649,7.202022,47.944334,226.292522
00620,6,-0.733375,0.564374,0.345116,-0.156646,-7.906821,48.155099,193.892124
00621,6,-0.381773,-0.050313,-0.102025,0.917229,-7.231663,33.800372,109.975532
00622,6,-0.404726,0.599397,0.312534,-0.615826,34.205260,-4.322082,177.183347
00623,6,0.114279,0.874922,-0.219379,-0.416323,-46.826212,67.772692,236.699990
00624,6,0.376985,-0.079434,-0.913845,-0.128293,58.230698,-11.867205,162.785821
00625,6,0.399513,-0.196573,-0.803813,-0.394503,-1.111600,-45.879898,141.014304
00626,6,-0.002660,-0.668613,-0.732649,-0.127181,-40.522225,31.117800,158.214978
00627,6,0.732739,0.191059,-0.569409,0.319943,-1.666681,-12.357093,241.702215
00628,6,0.288588,-0.630764,-0.151152,-0.704278,37.368869,38.908064,149.321475
00629,6,-0.554154,0.618169,0.057281,-0.554526,14.228979,-32.142129,120.599687
00630,6,0.341041,0.175067,-0.748906,0.540540,-30.918892,-57.777725,228.973225
00631,6,-0.798827,-0.481846,0.285261,0.219834,19.083446,43.767766,148.244796
00632,6,0.411344,-0.566343,0.649002,-0.298074,5.565062,-43.415683,209.080883
00633,6,0.641778,-0.219799,-0.645674,0.350591,-20.704316,-10.048959,199.355026
00634,6,0.134422,-0.303120,-0.691233,0.642064,38.353178,34.562550,119.446920
00635,6,0.337947,0.161788,-0.342093,-0.861736,17.391335,-42.558420,189.953434
00636,6,-0.477044,-0.163826,0.372338,-0.779073,13.101543,-3.142628,244.702969
00637,6,0.867501,-0.014128,-0.362470,-0.340379,-15.930799,0.884271,219.370819
00638,6,0.188435,0.096105,-0.637879,-0.740518,56.294546,1.993314,221.402500
00639,6,-0.294365,0.371309,0.616177,0.629131,23.730240,-27.808546,220.877356
00640,6,0.281851,-0.149512,0.781434,0.536252,60.305998,66.725957,246.138258
00641,6,-0.187607,-0.850524,-0.485813,-0.073478,-54.992264,-53.492996,176.021560
00642,6,-0.622309,0.674736,-0.372968,-0.135493,4.267228,-27.833871,101.517305
00643,6,-0.871715,-0.226406,-0.336861,-0.274552,38.680350,-64.783451,226.595869
00644,6,0.030068,0.646719,-0.742424,-0.172213,-53.666590,-25.770133,173.482271
00645,6,-0.366814,0.527251,-0.009227,0.766400,-31.723794,3.709113,96.855655
00646,6,0.363159,-0.336507,-0.569064,-0.656540,59.497044,-33.342614,230.564035
00647,6,0.022972,-0.748639,-0.615404,0.245540,13.830840,41.462840,115.016442
00648,6,0.663983,-0.338572,0.443735,-0.497588,-81.658096,6.755509,249.416885
00649,6,0.337075,0.392772,-0.640244,-0.567626,41.775570,4.391090,181.307125
00650,6,-0.220556,0.842507,-0.132781,-0.473188,19.979978,-35.120597,206.245462
00651,6,0.173963,-0.961733,-0.086215,0.193320,-76.041649,-77.820318,240.295135
00652,6,-0.564209,-0.308086,0.094669,0.760124,-28.881614,-80.360846,249.597908
00653,6,0.524182,-0.431342,-0.007495,-0.734249,-24.050343,28.195635,130.453839
00654,6,0.493154,0.136522,-0.564327,-0.647840,-66.476406,25.072320,255.399827
00655,6,-0.358118,-0.176636,-0.850102,0.343334,-0.807739,48.762467,209.545216
00656,6,-0.543007,-0.165305,-0.622713,-0.538559,-39.159534,24.199576,117.444425
00657,6,0.527475,0.350611,0.284581,-0.719622,-47.901851,71.247602,245.745857
00658,6,0.321253,0.586821,0.737856,0.089477,34.007680,-21.448432,118.159425
00659,6,0.204494,-0.792093,0.179447,-0.546416,40.120182,-12.901112,188.472767
00660,6,0.239885,-0.291580,0.218786,-0.899760,-36.632678,-67.977101,215.612355
00661,6,-0.873082,0.125329,0.077464,-0.464780,32.321051,27.140767,90.826563
00662,6,-0.879738,0.230103,0.362183,-0.204786,11.233124,47.359822,227.240103
00663,6,0.491846,-0.566790,-0.316193,0.580395,-36.258129,-21.681957,146.666422
00664,6,-0.314259,0.790015,-0.475858,-0.225115,-10.163747,-18.812871,192.633829
00665,6,0.536347,0.839876,0.071140,-0.043357,-48.019530,-40.193400,204.725948
00666,6,0.328845,-0.906516,0.196965,-0.176901,6.885027,21.952006,182.145479
00667,6,-0.680342,0.008834,-0.571215,-0.459097,13.469371,22.785505,245.340540
00668,6,-0.957449,0.021992,0.041170,0.284804,-17.508794,54.243551,163.109105
00669,6,-0.221262,-0.790177,-0.124565,0.557805,-6.934423,11.023483,240.133659
00670,6,-0.039372,0.506368,0.596757,-0.621226,81.731113,-5.671905,247.913007
00671,6,-0.772291,0.409524,-0.475450,-0.099016,65.591090,-6.787783,202.893048
00672,6,0.511332,-0.833981,0.154272,-0.138620,30.215985,-0.233503,98.590611
00673,6,-0.227904,-0.364218,0.599631,0.675165,-36.592946,36.622052,106.181311
00674,6,-0.133862,-0.164868,0.607682,-0.765259,14.780617,-58.258976,188.408741
00675,6,0.356646,-0.027743,-0.858095,-0.368384,32.696339,28.204948,201.497982
00676,6,0.762799,0.560125,-0.227688,-0.229251,26.238998,-21.790785,175.899764
00677,6,-0.430651,-0.299995,0.811619,-0.256550,-10.063992,61.940067,193.696938
00678,6,-0.173684,-0.667518,0.476722,-0.544968,-11.600156,-8.444243,125.624233
00679,6,-0.461220,0.243338,0.769530,0.368627,-39.836272,53.441621,160.919113
00680,6,-0.176474,-0.119430,0.296938,-0.930818,7.542723,39.359545,144.439543
00681,6,0.745211,0.399288,0.450602,0.286682,1.833625,20.377578,219.179680
00682,6,0.493568,-0.652657,-0.057881,0.571908,-88.394392,-5.850858,253.966346
00683,6,0.192586,0.181420,0.149868,-0.952647,57.488996,-37.539512,254.511333
00684,6,-0.185696,0.929987,-0.046731,-0.313778,32.564492,24.409552,250.311136
00685,6,-0.654183,0.670025,-0.350517,0.015797,-9.878650,-5.177422,61.320218
00686,6,0.213240,-0.448869,-0.615837,0.611384,-60.179189,46.035070,198.715732
00687,6,-0.492848,0.179038,-0.818492,-0.234769,-67.060442,3.948145,215.609517
00688,6,0.388162,-0.729701,-0.151839,0.542043,52.203355,37.538308,152.232761
00689,6,0.239089,-0.257280,-0.213028,-0.911736,-44.252758,3.326838,227.651570
00690,6,0.284807,0.023187,0.657476,0.697189,-72.978167,-45.704510,236.661853
00691,6,-0.244105,0.174279,-0.679106,-0.669966,-22.951209,-4.327039,229.967586
00692,6,0.767266,-0.273360,0.470337,-0.339647,-91.559143,11.446329,264.304939
00693,6,0.191748,0.512106,0.707858,-0.447121,19.942357,16.415446,272.126150
00694,6,0.797911,-0.324721,-0.407178,-0.303481,-22.824356,-56.217561,261.810153
00695,6,0.784185,-0.238251,0.430955,0.377583,-32.839691,-21.037191,195.875587
00696,6,0.190116,-0.474209,-0.854613,0.092836,-13.265632,-31.137423,126.288812
00697,6,0.145567,-0.228425,0.001959,-0.962615,43.761470,54.937606,230.724452
00698,6,-0.335487,-0.184451,0.809647,0.444858,53.523250,-44.044009,171.048646
00699,6,-0.703914,-0.195067,0.613941,0.299217,-1.953792,24.453773,159.312386
00700,6,-0.550677,-0.064583,0.722665,-0.412723,-10.397046,30.250356,104.432344
00701,6,-0.352274,-0.229322,-0.121713,0.899166,-45.058452,83.992605,239.957671
00702,6,-0.146146,0.334014,-0.928764,-0.066878,7.261652,-45.706121,161.456982
00703,6,-0.053356,-0.686749,-0.388999,0.611726,24.574497,-77.626917,233.453216
00704,6,-0.403507,-0.840821,0.140127,0.332515,-13.566086,51.796217,225.559697
00705,6,-0.089445,-0.547506,-0.434654,0.709445,-62.466874,77.220153,224.585938
00706,6,-0.845532,-0.291173,-0.222848,0.388114,-76.691888,40.729960,218.317670
00707,6,0.787175,0.059148,-0.564699,-0.240772,39.688044,68.462085,201.632675
00708,6,-0.371650,-0.830169,-0.403622,0.098920,28.572354,50.552763,222.639126
00709,6,-0.476220,-0.769753,0.084187,0.416662,74.366410,84.967537,280.581553
00710,6,0.113106,-0.734290,-0.400180,-0.536545,58.723211,-89.908217,255.076048
00711,6,0.782279,0.548668,0.115669,-0.271339,17.831961,14.838428,267.078585
00712,6,0.399579,0.710612,0.480512,0.323226,57.143615,53.295919,206.899599
00713,6,-0.285801,0.721361,0.605509,0.176959,61.768945,3.030146,216.127909
00714,6,0.420520,-0.598701,-0.630369,-0.259528,-32.619185,6.787857,215.021761
00715,6,0.792269,0.384007,0.076151,0.468028,-45.081134,43.959541,208.561023
00716,6,-0.001597,0.278411,-0.451360,0.847797,30.133452,18.681327,171.486120
00717,6,-0.271095,0.345228,-0.705467,-0.556455,2.054981,8.978371,89.234876
00718,6,0.694848,-0.282685,0.325838,-0.575417,-85.078774,-57.053693,275.230067
00719,6,-0.298135,-0.876773,-0.358693,-0.117151,14.439604,76.523706,271.296791
00720,6,-0.204520,0.302100,0.090104,0.926708,20.048908,-68.896960,271.744490
00721,6,-0.027508,-0.767396,-0.511170,0.386073,-12.519468,35.092531,125.373755
00722,6,-0.670029,-0.196379,-0.448686,-0.557832,48.651111,-69.300016,201.135007
00723,6,0.644218,0.601975,-0.211569,-0.421719,-0.897212,45.006662,235.159952
00724,6,-0.684280,0.718781,-0.013095,-0.122244,5.993457,-28.623596,142.165740
00725,6,0.772206,0.443446,0.235127,-0.389575,49.061625,-64.764755,195.727879
00726,6,-0.210690,-0.665124,-0.714274,0.055072,38.415356,-45.947625,147.816570
00727,6,0.240825,-0.517157,0.815223,0.099821,17.297921,63.406154,175.921871
00728,6,0.290103,0.257714,-0.911510,0.136282,4.038640,44.497872,192.778605
00729,6,-0.088269,-0.419299,0.658709,0.618465,13.197326,-42.731245,198.556099
00730,6,-0.042956,-0.685796,-0.723201,-0.069412,1.282354,42.436249,182.385094
00731,6,-0.004887,0.417995,0.179200,0.890586,10.441235,-39.864332,256.572807
00732,6,0.340964,-0.228689,0.859044,0.305759,-72.382074,-55.138029,248.470286
00733,6,0.124810,-0.155004,0.553730,-0.808566,-67.612470,-29.748239,216.446522
00734,6,-0.513880,0.066912,-0.506661,-0.689017,-3.900763,10.943750,221.200176
00735,6,0.634658,0.591711,0.336713,0.365665,-7.842558,51.955583,187.100186
00736,6,0.334044,-0.761987,-0.543365,0.112006,76.699813,-71.546085,246.115273
00737,6,0.818761,-0.473339,0.308977,0.100562,-16.646628,71.634237,231.677150
00738,6,0.322876,0.611110,-0.652273,0.311184,-50.246664,85.979807,279.927841
00739,6,0.634245,-0.476174,-0.487509,-0.365140,-33.277609,-55.561772,155.262894
00740,6,-0.775812,-0.300980,0.099045,-0.545634,-24.820251,48.334245,185.901373
00741,6,0.691360,-0.153567,-0.347480,0.614570,12.370174,33.576591,104.338053
00742,6,0.009521,0.012390,0.998325,-0.055699,-37.642105,34.979606,289.046515
00743,6,-0.109202,0.955254,0.210490,-0.176800,-20.180447,31.362562,251.816714
00744,6,-0.019085,-0.631418,0.768307,0.103208,-6.108543,51.049204,264.385504
00745,6,-0.119824,0.933991,-0.333715,-0.044024,-11.847188,-1.302361,269.335602
00746,6,0.054245,-0.096350,-0.159073,-0.981056,-32.251781,-20.366153,148.801583
00747,6,0.845788,0.417185,0.190615,-0.272517,45.994580,58.621103,176.948242
00748,6,-0.224117,0.445890,0.385706,-0.776006,31.562840,12.034096,284.326997
00749,6,0.798655,0.439546,-0.399228,-0.097806,-26.241906,19.895213,205.481983
