00000,17,-0.742628,0.416558,0.385599,-0.355383,0.428707,-0.174719,1.280958
00001,17,-0.742275,0.435602,0.381878,-0.336822,0.428243,-0.173562,1.278652
00002,17,-0.741177,0.454530,0.377892,-0.318209,0.427780,-0.172406,1.276347
00003,17,-0.739329,0.473326,0.373658,-0.299558,0.427316,-0.171249,1.274042
00004,17,-0.736726,0.491974,0.369189,-0.280883,0.426852,-0.170092,1.271737
00005,17,-0.733366,0.510455,0.364504,-0.262196,0.426388,-0.168935,1.269431
00006,17,-0.729246,0.528752,0.359616,-0.243512,0.425925,-0.167778,1.267126
00007,17,-0.724363,0.546848,0.354544,-0.224843,0.425461,-0.166621,1.264821
00008,17,-0.718717,0.564725,0.349303,-0.206202,0.424997,-0.165464,1.262516
00009,17,-0.712308,0.582364,0.343911,-0.187603,0.424533,-0.164307,1.260210
00010,17,-0.705137,0.599748,0.338385,-0.169058,0.424070,-0.163150,1.257905
00011,17,-0.697206,0.616857,0.332742,-0.150578,0.423606,-0.161993,1.255600
00012,17,-0.688519,0.633674,0.326999,-0.132177,0.423142,-0.160836,1.253295
00013,17,-0.679079,0.650180,0.321174,-0.113865,0.422678,-0.159680,1.250989
00014,17,-0.668891,0.666356,0.315285,-0.095655,0.422214,-0.158523,1.248684
00015,17,-0.657962,0.682184,0.309349,-0.077557,0.421751,-0.157366,1.246379
00016,17,-0.646298,0.697644,0.303384,-0.059582,0.421287,-0.156209,1.244074
00017,17,-0.633909,0.712717,0.297408,-0.041742,0.420823,-0.155052,1.241768
00018,17,-0.620802,0.727386,0.291438,-0.024045,0.420359,-0.153895,1.239463
00019,17,-0.606990,0.741631,0.285491,-0.006503,0.419896,-0.152738,1.237158
00020,17,-0.592482,0.755432,0.279586,0.010875,0.419432,-0.151581,1.234853
00021,17,-0.577292,0.768773,0.273739,0.028080,0.418968,-0.150424,1.232547
00022,17,-0.561433,0.781634,0.267968,0.045103,0.418504,-0.149267,1.230242
00023,17,-0.544921,0.793996,0.262289,0.061935,0.418041,-0.148111,1.227937
00024,17,-0.527770,0.805842,0.256719,0.078569,0.417577,-0.146954,1.225632
00025,17,-0.509997,0.817154,0.251274,0.094996,0.417113,-0.145797,1.223326
00026,17,-0.491621,0.827913,0.245970,0.111209,0.416649,-0.144640,1.221021
00027,17,-0.472660,0.838103,0.240823,0.127201,0.416185,-0.143483,1.218716
00028,17,-0.453135,0.847706,0.235847,0.142965,0.415722,-0.142326,1.216411
00029,17,-0.433067,0.856706,0.231058,0.158495,0.415258,-0.141169,1.214105
00030,17,-0.412478,0.865085,0.226469,0.173785,0.414794,-0.140012,1.211800
00031,17,-0.391390,0.872829,0.222094,0.188830,0.414330,-0.138855,1.209495
00032,17,-0.369828,0.879922,0.217947,0.203624,0.413867,-0.137698,1.207190
00033,17,-0.347818,0.886349,0.214039,0.218164,0.413403,-0.136542,1.204884
00034,17,-0.325384,0.892095,0.210383,0.232444,0.412939,-0.135385,1.202579
00035,17,-0.302555,0.897147,0.206990,0.246461,0.412475,-0.134228,1.200274
00036,17,-0.279357,0.901491,0.203870,0.260212,0.412011,-0.133071,1.197969
00037,17,-0.255820,0.905115,0.201032,0.273694,0.411548,-0.131914,1.195663
00038,17,-0.231973,0.908008,0.198486,0.286903,0.411084,-0.130757,1.193358
00039,17,-0.207846,0.910157,0.196240,0.299839,0.410620,-0.129600,1.191053
00040,17,-0.183470,0.911554,0.194301,0.312499,0.410156,-0.128443,1.188748
00041,17,-0.158876,0.912188,0.192675,0.324882,0.409693,-0.127286,1.186442
00042,17,-0.134097,0.912050,0.191369,0.336987,0.409229,-0.126129,1.184137
00043,17,-0.109165,0.911134,0.190386,0.348814,0.408765,-0.124973,1.181832
00044,17,-0.084113,0.909432,0.189730,0.360361,0.408301,-0.123816,1.179527
00045,17,-0.058976,0.906939,0.189403,0.371630,0.407838,-0.122659,1.177222
00046,17,-0.033786,0.903650,0.189409,0.382622,0.407374,-0.121502,1.174916
00047,17,-0.008580,0.899561,0.189746,0.393336,0.406910,-0.120345,1.172611
00048,17,0.016610,0.894669,0.190416,0.403775,0.406446,-0.119188,1.170306
00049,17,0.041748,0.888972,0.191416,0.413940,0.405982,-0.118031,1.168001
00050,17,0.066799,0.882470,0.192744,0.423832,0.405519,-0.116874,1.165695
00051,17,0.091729,0.875164,0.194398,0.433455,0.405055,-0.115717,1.163390
00052,17,0.116503,0.867055,0.196372,0.442810,0.404591,-0.114560,1.161085
00053,17,0.141086,0.858145,0.198662,0.451901,0.404127,-0.113403,1.158780
00054,17,0.165443,0.848440,0.201260,0.460731,0.403664,-0.112247,1.156474
00055,17,0.189540,0.837943,0.204160,0.469302,0.403200,-0.111090,1.154169
00056,17,0.213344,0.826661,0.207353,0.477619,0.402736,-0.109933,1.151864
00057,17,0.236821,0.814602,0.210831,0.485685,0.402272,-0.108776,1.149559
00058,17,0.259937,0.801774,0.214581,0.493504,0.401808,-0.107619,1.147253
00059,17,0.282661,0.788186,0.218594,0.501080,0.401345,-0.106462,1.144948
00060,17,0.304961,0.773850,0.222857,0.508418,0.400881,-0.105305,1.142643
00061,17,0.326805,0.758778,0.227358,0.515522,0.400417,-0.104148,1.140338
00062,17,0.348164,0.742982,0.232082,0.522396,0.399953,-0.102991,1.138032
00063,17,0.369008,0.726477,0.237014,0.529045,0.399490,-0.101834,1.135727
00064,17,0.389308,0.709278,0.242140,0.535473,0.399026,-0.100678,1.133422
00065,17,0.409038,0.691402,0.247444,0.541686,0.398562,-0.099521,1.131117
00066,17,0.428170,0.672865,0.252907,0.547688,0.398098,-0.098364,1.128811
00067,17,0.446679,0.653686,0.258514,0.553483,0.397635,-0.097207,1.126506
00068,17,0.464541,0.633884,0.264245,0.559077,0.397171,-0.096050,1.124201
00069,17,0.481734,0.613480,0.270083,0.564474,0.396707,-0.094893,1.121896
00070,17,0.498235,0.592494,0.276008,0.569678,0.396243,-0.093736,1.119590
00071,17,0.514024,0.570948,0.282000,0.574694,0.395779,-0.092579,1.117285
00072,17,0.529082,0.548866,0.288040,0.579527,0.395316,-0.091422,1.114980
00073,17,0.543391,0.526270,0.294107,0.584181,0.394852,-0.090265,1.112675
00074,17,0.556936,0.503184,0.300181,0.588659,0.394388,-0.089109,1.110369
00075,17,0.569701,0.479633,0.306241,0.592966,0.393924,-0.087952,1.108064
00076,17,0.581673,0.455642,0.312267,0.597106,0.393461,-0.086795,1.105759
00077,17,0.592840,0.431238,0.318236,0.601083,0.392997,-0.085638,1.103454
00078,17,0.603191,0.406446,0.324128,0.604899,0.392533,-0.084481,1.101148
00079,17,0.612718,0.381294,0.329922,0.608558,0.392069,-0.083324,1.098843
00080,17,0.621414,0.355808,0.335596,0.612063,0.391606,-0.082167,1.096538
00081,17,0.629271,0.330015,0.341130,0.615416,0.391142,-0.081010,1.094233
00082,17,0.636287,0.303944,0.346503,0.618621,0.390678,-0.079853,1.091927
00083,17,0.642457,0.277623,0.351695,0.621679,0.390214,-0.078696,1.089622
00084,17,0.647780,0.251078,0.356684,0.624593,0.389750,-0.077540,1.087317
00085,17,0.652257,0.224340,0.361452,0.627364,0.389287,-0.076383,1.085012
00086,17,0.655889,0.197434,0.365977,0.629992,0.388823,-0.075226,1.082706
00087,17,0.658677,0.170391,0.370242,0.632481,0.388359,-0.074069,1.080401
00088,17,0.660627,0.143238,0.374227,0.634830,0.387895,-0.072912,1.078096
00089,17,0.661744,0.116003,0.377914,0.637039,0.387432,-0.071755,1.075791
00090,17,0.662035,0.088714,0.381285,0.639110,0.386968,-0.070598,1.073485
00091,17,0.661507,0.061399,0.384323,0.641041,0.386504,-0.069441,1.071180
00092,17,0.660171,0.034085,0.387012,0.642833,0.386040,-0.068284,1.068875
00093,17,0.658035,0.006800,0.389335,0.644485,0.385576,-0.067127,1.066570
00094,17,0.655113,-0.020430,0.391277,0.645996,0.385113,-0.065971,1.064264
00095,17,0.651417,-0.047578,0.392824,0.647365,0.384649,-0.064814,1.061959
00096,17,0.646960,-0.074618,0.393962,0.648590,0.384185,-0.063657,1.059654
00097,17,0.641758,-0.101524,0.394677,0.649669,0.383721,-0.062500,1.057349
00098,17,0.635826,-0.128271,0.394958,0.650600,0.383258,-0.061343,1.055043
00099,17,0.629180,-0.154834,0.394793,0.651381,0.382794,-0.060186,1.052738
