00000,18,-0.793158,-0.562982,0.075473,0.219670,-0.801715,-0.808825,2.464828
00001,18,-0.772375,-0.596179,0.036436,0.216054,-0.808454,-0.809900,2.483592
00002,18,-0.749869,-0.627100,-0.003320,0.210785,-0.815193,-0.810975,2.502356
00003,18,-0.725740,-0.655589,-0.043698,0.203947,-0.821932,-0.812050,2.521119
00004,18,-0.700090,-0.681502,-0.084593,0.195633,-0.828671,-0.813125,2.539883
00005,18,-0.673025,-0.704707,-0.125898,0.185943,-0.835410,-0.814200,2.558647
00006,18,-0.644652,-0.725083,-0.167500,0.174990,-0.842149,-0.815275,2.577411
00007,18,-0.615081,-0.742525,-0.209283,0.162889,-0.848888,-0.816350,2.596174
00008,18,-0.584422,-0.756939,-0.251127,0.149766,-0.855627,-0.817425,2.614938
00009,18,-0.552785,-0.768248,-0.292909,0.135753,-0.862366,-0.818500,2.633702
00010,18,-0.520281,-0.776388,-0.334502,0.120983,-0.869105,-0.819575,2.652466
00011,18,-0.487022,-0.781312,-0.375779,0.105599,-0.875844,-0.820650,2.671229
00012,18,-0.453116,-0.782987,-0.416609,0.089743,-0.882583,-0.821725,2.689993
00013,18,-0.418674,-0.781396,-0.456860,0.073560,-0.889322,-0.822800,2.708757
00014,18,-0.383801,-0.776538,-0.496401,0.057199,-0.896061,-0.823875,2.727521
00015,18,-0.348603,-0.768428,-0.535098,0.040806,-0.902800,-0.824950,2.746284
00016,18,-0.313182,-0.757096,-0.572819,0.024530,-0.909539,-0.826025,2.765048
00017,18,-0.277639,-0.742588,-0.609432,0.008515,-0.916278,-0.827101,2.783812
00018,18,-0.242069,-0.724966,-0.644807,-0.007095,-0.923017,-0.828176,2.802575
00019,18,-0.206566,-0.704307,-0.678816,-0.022160,-0.929756,-0.829251,2.821339
00020,18,-0.171220,-0.680702,-0.711332,-0.036545,-0.936495,-0.830326,2.840103
00021,18,-0.136116,-0.654256,-0.742233,-0.050118,-0.943234,-0.831401,2.858867
00022,18,-0.101335,-0.625089,-0.771399,-0.062755,-0.949973,-0.832476,2.877630
00023,18,-0.066955,-0.593333,-0.798715,-0.074340,-0.956713,-0.833551,2.896394
00024,18,-0.033048,-0.559134,-0.824071,-0.084760,-0.963452,-0.834626,2.915158
00025,18,0.000318,-0.522647,-0.847360,-0.093915,-0.970191,-0.835701,2.933922
00026,18,0.033079,-0.484041,-0.868484,-0.101711,-0.976930,-0.836776,2.952685
00027,18,0.065178,-0.443493,-0.887349,-0.108066,-0.983669,-0.837851,2.971449
00028,18,0.096561,-0.401189,-0.903867,-0.112906,-0.990408,-0.838926,2.990213
00029,18,0.127179,-0.357325,-0.917959,-0.116168,-0.997147,-0.840001,3.008977
00030,18,0.156988,-0.312103,-0.929553,-0.117801,-1.003886,-0.841076,3.027740
00031,18,0.185949,-0.265731,-0.938584,-0.117766,-1.010625,-0.842151,3.046504
00032,18,0.214029,-0.218422,-0.944997,-0.116034,-1.017364,-0.843226,3.065268
00033,18,0.241197,-0.170394,-0.948743,-0.112588,-1.024103,-0.844301,3.084032
00034,18,0.267428,-0.121866,-0.949784,-0.107425,-1.030842,-0.845376,3.102795
00035,18,0.292700,-0.073062,-0.948091,-0.100553,-1.037581,-0.846451,3.121559
00036,18,0.316998,-0.024202,-0.943644,-0.091993,-1.044320,-0.847526,3.140323
00037,18,0.340308,0.024490,-0.936431,-0.081776,-1.051059,-0.848601,3.159086
00038,18,0.362621,0.072795,-0.926453,-0.069947,-1.057798,-0.849676,3.177850
00039,18,0.383931,0.120494,-0.913717,-0.056562,-1.064537,-0.850751,3.196614
00040,18,0.404236,0.167374,-0.898243,-0.041690,-1.071276,-0.851826,3.215378
00041,18,0.423536,0.213227,-0.880060,-0.025408,-1.078015,-0.852901,3.234141
00042,18,0.441836,0.257849,-0.859205,-0.007807,-1.084754,-0.853976,3.252905
00043,18,0.459139,0.301044,-0.835728,0.011014,-1.091493,-0.855051,3.271669
00044,18,0.475455,0.342626,-0.809686,0.030945,-1.098232,-0.856126,3.290433
00045,18,0.490793,0.382415,-0.781147,0.051869,-1.104971,-0.857201,3.309196
00046,18,0.505164,0.420241,-0.750187,0.073658,-1.111710,-0.858276,3.327960
00047,18,0.518582,0.455948,-0.716892,0.096179,-1.118449,-0.859351,3.346724
00048,18,0.531058,0.489386,-0.681357,0.119291,-1.125188,-0.860426,3.365488
00049,18,0.542609,0.520423,-0.643685,0.142846,-1.131927,-0.861501,3.384251
00050,18,0.553248,0.548935,-0.603987,0.166692,-1.138666,-0.862576,3.403015
00051,18,0.562991,0.574813,-0.562383,0.190674,-1.145405,-0.863651,3.421779
00052,18,0.571852,0.597963,-0.518997,0.214632,-1.152145,-0.864726,3.440543
00053,18,0.579845,0.618304,-0.473964,0.238404,-1.158884,-0.865801,3.459306
00054,18,0.586986,0.635769,-0.427423,0.261827,-1.165623,-0.866876,3.478070
00055,18,0.593287,0.650308,-0.379520,0.284738,-1.172362,-0.867951,3.496834
00056,18,0.598759,0.661882,-0.330403,0.306973,-1.179101,-0.869027,3.515598
00057,18,0.603415,0.670472,-0.280230,0.328372,-1.185840,-0.870102,3.534361
00058,18,0.607264,0.676071,-0.229159,0.348777,-1.192579,-0.871177,3.553125
00059,18,0.610313,0.678687,-0.177353,0.368031,-1.199318,-0.872252,3.571889
00060,18,0.612571,0.678345,-0.124978,0.385986,-1.206057,-0.873327,3.590652
00061,18,0.614041,0.675084,-0.072201,0.402496,-1.212796,-0.874402,3.609416
00062,18,0.614727,0.668955,-0.019192,0.417423,-1.219535,-0.875477,3.628180
00063,18,0.614630,0.660026,0.033878,0.430636,-1.226274,-0.876552,3.646944
00064,18,0.613751,0.648377,0.086840,0.442012,-1.233013,-0.877627,3.665707
00065,18,0.612087,0.634102,0.139522,0.451439,-1.239752,-0.878702,3.684471
00066,18,0.609635,0.617307,0.191756,0.458811,-1.246491,-0.879777,3.703235
00067,18,0.606388,0.598109,0.243374,0.464035,-1.253230,-0.880852,3.721999
00068,18,0.602339,0.576638,0.294211,0.467029,-1.259969,-0.881927,3.740762
00069,18,0.597480,0.553031,0.344106,0.467723,-1.266708,-0.883002,3.759526
00070,18,0.591800,0.527439,0.392900,0.466057,-1.273447,-0.884077,3.778290
00071,18,0.585289,0.500019,0.440440,0.461986,-1.280186,-0.885152,3.797054
00072,18,0.577933,0.470934,0.486575,0.455477,-1.286925,-0.886227,3.815817
00073,18,0.569719,0.440357,0.531163,0.446511,-1.293664,-0.887302,3.834581
00074,18,0.560633,0.408465,0.574065,0.435082,-1.300403,-0.888377,3.853345
00075,18,0.550659,0.375440,0.615151,0.421198,-1.307142,-0.889452,3.872109
00076,18,0.539784,0.341468,0.654296,0.404882,-1.313881,-0.890527,3.890872
00077,18,0.527992,0.306738,0.691383,0.386168,-1.320620,-0.891602,3.909636
00078,18,0.515269,0.271438,0.726303,0.365107,-1.327359,-0.892677,3.928400
00079,18,0.501599,0.235761,0.758956,0.341762,-1.334098,-0.893752,3.947163
00080,18,0.486970,0.199895,0.789249,0.316209,-1.340838,-0.894827,3.965927
00081,18,0.471370,0.164029,0.817098,0.288539,-1.347577,-0.895902,3.984691
00082,18,0.454787,0.128350,0.842431,0.258854,-1.354316,-0.896977,4.003455
00083,18,0.437213,0.093039,0.865181,0.227268,-1.361055,-0.898052,4.022218
00084,18,0.418639,0.058273,0.885294,0.193909,-1.367794,-0.899127,4.040982
00085,18,0.399061,0.024226,0.902723,0.158914,-1.374533,-0.900202,4.059746
00086,18,0.378476,-0.008939,0.917435,0.122432,-1.381272,-0.901277,4.078510
00087,18,0.356884,-0.041062,0.929401,0.084620,-1.388011,-0.902352,4.097273
00088,18,0.334290,-0.071993,0.938607,0.045646,-1.394750,-0.903427,4.116037
00089,18,0.310698,-0.101591,0.945047,0.005685,-1.401489,-0.904502,4.134801
00090,18,0.286121,-0.129726,0.948723,-0.035081,-1.408228,-0.905577,4.153565
00091,18,0.260571,-0.156276,0.949649,-0.076463,-1.414967,-0.906652,4.172328
00092,18,0.234066,-0.181130,0.947849,-0.118267,-1.421706,-0.907727,4.191092
00093,18,0.206630,-0.204191,0.943354,-0.160293,-1.428445,-0.908802,4.209856
00094,18,0.178287,-0.225372,0.936205,-0.202341,-1.435184,-0.909877,4.228620
00095,18,0.149071,-0.244597,0.926452,-0.244207,-1.441923,-0.910952,4.247383
00096,18,0.119015,-0.261806,0.914154,-0.285683,-1.448662,-0.912028,4.266147
00097,18,0.088162,-0.276949,0.899378,-0.326567,-1.455401,-0.913103,4.284911
00098,18,0.056555,-0.289991,0.882198,-0.366652,-1.462140,-0.914178,4.303674
00099,18,0.024246,-0.300908,0.862696,-0.405736,-1.468879,-0.915253,4.322438
