00000,5,-0.754748,-0.009027,-0.544384,0.365950,-3.016432,-10.135935,94.061525
00001,5,-0.748077,0.038136,-0.588432,0.304423,-3.098821,-9.798086,93.916623
00002,5,-0.734184,0.090735,-0.626622,0.245123,-3.181209,-9.460237,93.771720
00003,5,-0.713508,0.148164,-0.658303,0.188655,-3.263598,-9.122387,93.626818
00004,5,-0.686520,0.209794,-0.682855,0.135591,-3.345986,-8.784538,93.481915
00005,5,-0.653721,0.274950,-0.699691,0.086499,-3.428375,-8.446689,93.337013
00006,5,-0.615650,0.342885,-0.708268,0.041953,-3.510764,-8.108840,93.192110
00007,5,-0.572899,0.412752,-0.708106,0.002546,-3.593152,-7.770991,93.047208
00008,5,-0.526135,0.483581,-0.698829,-0.031118,-3.675541,-7.433142,92.902305
00009,5,-0.476112,0.554276,-0.680205,-0.058442,-3.757929,-7.095293,92.757403
00010,5,-0.423683,0.623621,-0.652202,-0.078874,-3.840318,-6.757443,92.612500
00011,5,-0.369797,0.690318,-0.615026,-0.091939,-3.922706,-6.419594,92.467598
00012,5,-0.315489,0.753037,-0.569152,-0.097296,-4.005095,-6.081745,92.322695
00013,5,-0.261843,0.810486,-0.515333,-0.094771,-4.087483,-5.743896,92.177793
00014,5,-0.209952,0.861487,-0.454574,-0.084394,-4.169872,-5.406047,92.032890
00015,5,-0.160868,0.905042,-0.388086,-0.066407,-4.252260,-5.068198,91.887988
00016,5,-0.115561,0.940384,-0.317208,-0.041259,-4.334649,-4.730349,91.743085
00017,5,-0.074875,0.967001,-0.243332,-0.009574,-4.417037,-4.392499,91.598183
00018,5,-0.039514,0.984631,-0.167817,0.027881,-4.499426,-4.054650,91.453280
00019,5,-0.010034,0.993233,-0.091933,0.070246,-4.581814,-3.716801,91.308378
00020,5,0.013144,0.992948,-0.016817,0.116610,-4.664203,-3.378952,91.163476
00021,5,0.029714,0.984047,0.056547,0.166040,-4.746591,-3.041103,91.018573
00022,5,0.039459,0.966892,0.127316,0.217608,-4.828980,-2.703254,90.873671
00023,5,0.042229,0.941893,0.194775,0.270399,-4.911368,-2.365405,90.728768
00024,5,0.037922,0.909496,0.258297,0.323513,-4.993757,-2.027556,90.583866
00025,5,0.026477,0.870166,0.317318,0.376056,-5.076145,-1.689706,90.438963
00026,5,0.007874,0.824397,0.371294,0.427138,-5.158534,-1.351857,90.294061
00027,5,-0.017850,0.772727,0.419685,0.475855,-5.240923,-1.014008,90.149158
00028,5,-0.050581,0.715761,0.461931,0.521293,-5.323311,-0.676159,90.004256
00029,5,-0.090093,0.654201,0.497456,0.562531,-5.405700,-0.338310,89.859353
00030,5,-0.136020,0.588868,0.525683,0.598656,-5.488088,-0.000461,89.714451
00031,5,-0.187820,0.520729,0.546062,0.628793,-5.570477,0.337388,89.569548
00032,5,-0.244764,0.450890,0.558116,0.652146,-5.652865,0.675238,89.424646
00033,5,-0.305923,0.380593,0.561491,0.668047,-5.735254,1.013087,89.279743
00034,5,-0.370194,0.311172,0.556012,0.676002,-5.817642,1.350936,89.134841
00035,5,-0.436340,0.244003,0.541719,0.675729,-5.900031,1.688785,88.989938
00036,5,-0.503047,0.180434,0.518895,0.667184,-5.982419,2.026634,88.845036
00037,5,-0.568999,0.121716,0.488062,0.650554,-6.064808,2.364483,88.700133
00038,5,-0.632944,0.068941,0.449954,0.626235,-6.147196,2.702332,88.555231
00039,5,-0.693748,0.022999,0.405479,0.594786,-6.229585,3.040182,88.410328
00040,5,-0.750438,-0.015439,0.355660,0.556874,-6.311973,3.378031,88.265426
00041,5,-0.802213,-0.045915,0.301584,0.513217,-6.394362,3.715880,88.120523
00042,5,-0.848440,-0.068168,0.244355,0.464536,-6.476750,4.053729,87.975621
00043,5,-0.888630,-0.082091,0.185065,0.411520,-6.559139,4.391578,87.830718
00044,5,-0.922414,-0.087701,0.124772,0.354813,-6.641527,4.729427,87.685816
00045,5,-0.949509,-0.085103,0.064502,0.295008,-6.723916,5.067276,87.540913
00046,5,-0.969688,-0.074461,0.005246,0.232662,-6.806304,5.405126,87.396011
00047,5,-0.982764,-0.055992,-0.052019,0.168321,-6.888693,5.742975,87.251108
00048,5,-0.988575,-0.029959,-0.106328,0.102550,-6.971082,6.080824,87.106206
00049,5,-0.986983,0.003318,-0.156712,0.035962,-7.053470,6.418673,86.961303
00050,5,-0.977895,0.043439,-0.202207,-0.030748,-7.135859,6.756522,86.816401
00051,5,-0.961278,0.089899,-0.241857,-0.096782,-7.218247,7.094371,86.671498
00052,5,-0.937196,0.142060,-0.274746,-0.161232,-7.300636,7.432220,86.526596
00053,5,-0.905848,0.199132,-0.300030,-0.223086,-7.383024,7.770070,86.381693
00054,5,-0.867598,0.260161,-0.316990,-0.281259,-7.465413,8.107919,86.236791
00055,5,-0.823006,0.324039,-0.325079,-0.334637,-7.547801,8.445768,86.091888
00056,5,-0.772833,0.389532,-0.323969,-0.382148,-7.630190,8.783617,85.946986
00057,5,-0.718026,0.455326,-0.313585,-0.422824,-7.712578,9.121466,85.802084
00058,5,-0.659680,0.520094,-0.294111,-0.455875,-7.794967,9.459315,85.657181
00059,5,-0.598989,0.582553,-0.265975,-0.480730,-7.877355,9.797164,85.512279
00060,5,-0.537172,0.641522,-0.229812,-0.497073,-7.959744,10.135014,85.367376
00061,5,-0.475421,0.695964,-0.186402,-0.504839,-8.042132,10.472863,85.222474
00062,5,-0.414843,0.745003,-0.136615,-0.504193,-8.124521,10.810712,85.077571
00063,5,-0.356430,0.787925,-0.081353,-0.495492,-8.206909,11.148561,84.932669
00064,5,-0.301043,0.824160,-0.021501,-0.479239,-8.289298,11.486410,84.787766
00065,5,-0.249419,0.853254,0.042096,-0.456043,-8.371686,11.824259,84.642864
00066,5,-0.202183,0.874842,0.108649,-0.426577,-8.454075,12.162108,84.497961
00067,5,-0.159875,0.888622,0.177413,-0.391555,-8.536463,12.499958,84.353059
00068,5,-0.122969,0.894332,0.247672,-0.351719,-8.618852,12.837807,84.208156
00069,5,-0.091901,0.891751,0.318711,-0.307827,-8.701241,13.175656,84.063254
00070,5,-0.067075,0.880693,0.389786,-0.260667,-8.783629,13.513505,83.918351
00071,5,-0.048870,0.861033,0.460095,-0.211058,-8.866018,13.851354,83.773449
00072,5,-0.037632,0.832736,0.528750,-0.159864,-8.948406,14.189203,83.628546
00073,5,-0.033653,0.795892,0.594776,-0.108000,-9.030795,14.527052,83.483644
00074,5,-0.037141,0.750763,0.657108,-0.056435,-9.113183,14.864902,83.338741
00075,5,-0.048188,0.697820,0.714623,-0.006177,-9.195572,15.202751,83.193839
00076,5,-0.066736,0.637777,0.766188,0.041744,-9.277960,15.540600,83.048936
00077,5,-0.092541,0.571593,0.810720,0.086315,-9.360349,15.878449,82.904034
00078,5,-0.125167,0.500458,0.847262,0.126579,-9.442737,16.216298,82.759131
00079,5,-0.163987,0.425745,0.875048,0.161679,-9.525126,16.554147,82.614229
00080,5,-0.208204,0.348941,0.893559,0.190903,-9.607514,16.891996,82.469326
