00000,5,-0.583322,-0.237593,-0.700579,-0.335371,23.168555,26.411242,95.643291
00001,5,-0.744846,-0.542370,0.342080,-0.184446,-23.975942,-17.983949,96.189169
00002,5,0.000381,-0.835753,-0.048787,-0.546934,-24.432940,13.756095,100.958847
00003,5,0.214928,-0.354840,0.682073,-0.602222,-0.161571,10.057022,92.336539
00004,5,0.257121,0.961959,0.008496,-0.091930,-17.903006,-1.528734,92.310941
00005,5,-0.201483,0.778095,-0.513268,0.300880,28.569357,10.972250,98.476550
00006,5,0.683855,-0.163135,-0.104293,-0.703458,-11.191211,-20.630230,88.593261
00007,5,-0.280529,0.734357,-0.592514,0.175926,-21.077066,7.848570,87.617503
00008,5,0.627291,0.407113,0.403151,-0.527479,-13.979598,24.331888,84.342031
00009,5,-0.401256,0.691687,-0.472911,0.370023,-14.889813,30.646617,98.363469
00010,5,-0.119612,0.544837,0.498390,-0.663666,-20.775104,31.772039,93.303291
00011,5,0.499410,-0.804937,-0.295303,0.124349,13.348263,-9.255089,88.554312
00012,5,-0.767010,-0.006129,0.532200,-0.358359,-14.792737,-11.833018,91.531791
00013,5,-0.323198,0.824232,-0.212561,-0.413524,-16.028714,31.029413,102.983332
00014,5,-0.379489,-0.237574,-0.594829,0.667627,-15.304773,32.913701,101.949457
00015,5,0.147945,0.927991,0.326262,0.102463,-24.243846,2.473924,103.318192
00016,5,-0.475931,-0.871619,0.109911,0.041103,21.956635,17.954682,88.365500
00017,5,-0.670855,-0.234070,-0.588025,-0.386511,16.692965,0.782929,91.016108
00018,5,0.952174,-0.172552,-0.222596,0.118496,-11.666072,-28.303563,89.106838
00019,5,-0.413543,0.076470,-0.888503,-0.183566,24.903448,-23.345659,87.402608
00020,5,-0.373686,-0.445373,0.811715,0.055861,14.917960,-26.572637,93.186861
00021,5,-0.055925,-0.218636,0.944483,0.238795,15.579589,12.777442,90.334162
00022,5,0.507454,-0.551258,0.662212,0.008995,-19.035000,-1.544152,84.587218
00023,5,-0.441464,0.234617,0.597421,0.627018,-26.084948,11.550639,85.435973
00024,5,0.768015,-0.076609,0.616945,0.153827,-9.989937,-6.651033,90.177065
00025,5,0.283176,0.738024,0.258949,-0.555048,10.192798,-28.674578,95.655129
00026,5,0.805642,0.261062,-0.418922,-0.327556,6.591950,-25.924208,85.177620
00027,5,-0.603906,0.243467,-0.222554,-0.725597,21.313899,-26.338629,90.384294
00028,5,0.899051,0.362146,0.104096,0.222986,23.016690,-26.619453,83.913155
00029,5,-0.483245,-0.163414,-0.170910,0.842947,-4.604268,-22.425491,84.146789
00030,5,-0.626155,0.199196,0.691163,0.300907,-14.013213,-5.339978,85.656621
00031,5,0.316240,0.875260,-0.065906,-0.359956,-10.132818,29.647690,92.096943
00032,5,-0.430247,0.227053,-0.769216,0.414296,28.625187,-10.032636,95.176985
00033,5,0.314940,0.099410,0.737547,-0.589028,-17.304806,20.955057,86.209814
00034,5,0.641607,0.475443,0.310457,0.515664,-8.257573,-13.847532,101.230446
00035,5,-0.215655,0.491507,0.802616,-0.260233,-29.626432,-18.594926,90.602362
00036,5,-0.483909,0.438902,0.239762,0.718130,13.847814,-27.108178,99.433987
00037,5,0.238662,-0.734918,0.576206,0.266313,22.622138,30.353656,92.390540
00038,5,0.290964,-0.015330,0.630288,-0.719612,6.370738,17.041903,95.988251
00039,5,-0.140071,-0.643921,-0.724770,0.201132,28.347359,28.742049,105.308770
00040,5,0.585962,-0.179987,0.482085,-0.625977,-12.330745,-22.683033,94.699607
00041,5,0.650861,-0.566127,-0.296350,0.409947,-14.932715,14.284155,88.283595
00042,5,0.749753,-0.528700,-0.280974,-0.281781,-11.864965,11.193038,86.687219
00043,5,-0.067746,0.964952,-0.190812,0.166942,-32.043538,12.588263,103.091880
00044,5,-0.692287,-0.390495,-0.585943,-0.157871,-15.168858,29.188541,86.442554
00045,5,0.120891,-0.810248,0.553746,0.149162,-8.060843,-23.995469,84.484108
00046,5,-0.091135,0.231334,0.900353,-0.357134,-16.360180,22.816873,88.398079
00047,5,-0.676869,0.297942,-0.428142,0.519397,3.548243,14.931679,90.964158
00048,5,-0.020764,-0.634187,-0.770297,0.063382,34.302026,10.430109,101.982943
00049,5,-0.300239,0.341265,-0.889767,-0.041344,-28.254380,-28.261728,90.203805
00050,5,0.107383,0.593688,0.511664,-0.611721,-1.585571,-5.507659,96.617061
00051,5,0.462316,-0.406172,-0.578838,-0.535009,-13.639020,17.880588,91.540995
00052,5,0.414843,0.847508,0.247532,-0.219916,-1.308250,17.264142,90.258863
00053,5,0.188318,0.302240,-0.475621,-0.804346,26.678520,-1.368280,87.693718
00054,5,-0.426671,-0.158392,-0.860664,0.228301,-0.537691,-25.383184,87.410144
00055,5,-0.526961,-0.737395,0.401633,-0.131343,-8.183660,17.523062,93.234061
00056,5,0.422070,0.860575,-0.063408,-0.277933,23.430456,11.629191,99.089934
00057,5,-0.307249,-0.364164,0.584058,0.657160,30.663695,11.795141,91.644121
00058,5,0.206519,0.901422,-0.359841,0.123708,-12.914277,2.766275,90.972698
00059,5,0.869714,-0.363955,0.065350,-0.326900,23.151664,-11.232376,85.811984
00060,5,0.971165,-0.177784,-0.144206,-0.066601,-25.982452,-27.437639,103.995738
00061,5,0.185107,0.661635,0.216887,-0.693494,-5.327068,-1.484109,83.432855
00062,5,-0.962278,0.062217,-0.052315,0.259641,34.263614,-8.250096,100.969882
00063,5,-0.576365,-0.037455,-0.659022,-0.481758,16.971322,17.786077,89.227266
00064,5,0.668473,0.741204,0.004830,0.061124,-6.188334,-7.500868,96.959407
00065,5,-0.427614,0.714762,-0.377441,0.404722,10.631753,10.206969,104.758611
00066,5,0.811350,0.186696,0.483371,-0.270570,19.902062,23.973055,82.917995
00067,5,0.571652,-0.271171,-0.702720,-0.325368,1.488615,-18.137598,83.133679
00068,5,-0.268106,-0.828132,-0.485513,0.081198,-27.454150,-21.169194,86.686031
00069,5,0.961363,-0.059757,-0.043266,0.265214,29.366910,-29.319172,101.341909
00070,5,0.665357,-0.086167,-0.231588,0.704444,-25.975990,27.787480,91.707175
00071,5,0.574772,0.314269,0.330011,0.679680,-12.982184,8.742252,92.610155
00072,5,0.863082,0.296059,0.395760,-0.103985,18.734244,-13.222049,90.938769
00073,5,0.454821,0.845985,0.271522,0.061024,-9.416881,21.519645,85.805623
00074,5,-0.300056,-0.025770,-0.929319,0.213702,-4.355928,-23.181140,103.295661
00075,5,0.776570,0.014129,0.167672,-0.607146,-22.806760,-13.441245,103.622448
00076,5,-0.143414,0.386270,0.910829,0.024863,-32.852871,19.265441,102.691577
00077,5,0.544350,0.145007,0.155935,-0.811382,-32.656669,35.061610,104.693571
00078,5,0.342776,-0.633063,0.418063,-0.554039,15.062611,1.025509,91.221103
00079,5,-0.330887,-0.694077,0.591591,-0.242468,6.782605,7.943849,98.348422
00080,5,0.062607,0.162905,0.962382,-0.208240,-15.767907,-6.672783,104.173581
00081,5,0.095074,0.086361,0.347547,0.928824,-5.143063,29.562101,90.195416
00082,5,-0.536426,0.171649,-0.478664,0.673546,-29.220022,25.951192,99.425294
00083,5,0.359640,0.299053,-0.855234,-0.223162,1.338555,-11.320245,88.406006
00084,5,-0.331744,-0.836163,0.099077,0.425396,24.121219,-19.588473,90.308908
00085,5,0.885765,-0.358716,-0.227121,-0.187511,11.197487,-13.497754,96.456871
00086,5,0.621739,0.681019,-0.375339,-0.093669,-6.446537,0.058854,103.300171
00087,5,-0.373735,-0.211824,-0.049860,-0.901647,1.566739,20.299895,102.030481
00088,5,0.040809,-0.465886,0.879834,-0.084718,-13.177114,26.460683,104.953270
00089,5,0.536422,-0.561077,0.404509,0.483546,-2.389452,10.793100,88.568528
00090,5,0.564921,-0.531298,-0.025126,0.630837,-15.770388,34.688882,104.245953
00091,5,-0.293036,-0.267824,-0.904685,0.154740,-22.967788,35.229343,105.439449
00092,5,-0.919848,-0.250294,-0.271271,-0.132832,-10.719735,4.083787,89.480920
00093,5,-0.136359,0.373514,0.636554,0.660827,9.587373,0.828907,97.986411
00094,5,0.475563,0.736406,0.427782,0.220339,10.999322,-2.635509,84.500686
00095,5,0.216527,-0.344231,-0.470046,0.783376,-21.178234,21.053069,88.653106
00096,5,-0.793987,-0.531001,-0.133758,-0.264067,28.671144,0.339449,97.126143
00097,5,-0.443230,0.141396,0.885110,-0.011587,4.057781,-32.277091,98.085996
00098,5,0.007187,0.935008,-0.331226,-0.126484,-23.872238,29.156777,86.672664
00099,5,0.918348,0.086123,-0.370749,-0.108470,-24.380365,-5.397083,85.427076
00100,5,-0.727315,-0.563462,0.249815,-0.301853,-28.444687,5.994694,100.636768
00101,5,-0.025781,-0.653729,0.534581,-0.534973,-20.121744,-17.632390,91.779967
00102,5,0.006002,0.692408,-0.696671,-0.187573,18.603803,14.391329,103.822834
00103,5,-0.178413,0.184062,-0.867463,0.426378,12.518090,11.332705,105.918475
00104,5,-0.543054,-0.633530,0.482030,-0.267167,-2.202298,33.729729,105.737803
00105,5,-0.921284,0.025523,0.283739,-0.264719,-16.567486,30.200687,96.747979
00106,5,-0.759804,0.586581,-0.161413,-0.229275,13.449619,29.901439,89.323476
00107,5,0.414293,0.868220,-0.260367,-0.082240,14.443911,-18.350216,86.677316
00108,5,0.075002,-0.435609,0.690181,0.572948,17.159560,-28.971144,97.340363
00109,5,0.035509,-0.521431,-0.119819,0.844093,-26.700376,6.503428,102.371000
00110,5,0.539116,0.652051,-0.384789,0.368945,-20.779031,27.656234,92.816033
00111,5,0.734245,0.088755,-0.094465,-0.666396,20.784877,32.499011,101.951138
00112,5,0.578112,0.110746,-0.467704,-0.659375,-1.861612,13.791416,97.662024
00113,5,-0.693188,-0.164069,-0.329574,0.619639,-26.108851,20.817065,92.740414
00114,5,-0.689014,0.096779,0.658032,0.287903,6.051111,26.097286,89.829363
00115,5,-0.203952,-0.976907,-0.051809,0.037046,-24.928940,-22.344883,84.591500
00116,5,-0.676636,0.690830,-0.169179,-0.190516,-31.566424,8.158291,105.487757
00117,5,-0.080938,-0.100349,-0.569374,0.811907,23.458249,-5.703426,82.659458
00118,5,0.267852,-0.552450,0.257665,-0.746098,-30.936743,18.840025,97.598413
00119,5,-0.778018,0.538829,0.304273,-0.108488,22.171027,29.282121,102.052335
00120,5,-0.638908,-0.186403,-0.009959,-0.746292,-5.639610,29.016445,89.327167
00121,5,0.062418,-0.778014,-0.384297,-0.493066,-20.289575,-24.019732,105.383282
00122,5,-0.255828,0.153571,-0.133211,-0.945105,-25.908789,16.458419,95.027443
00123,5,0.290088,-0.050292,0.560679,-0.773924,-8.412237,0.765178,86.731753
00124,5,0.556193,0.298203,-0.646665,-0.428426,14.580383,27.355649,90.804686
00125,5,0.966717,0.220933,0.106940,0.072181,17.379042,9.522278,87.489031
00126,5,-0.379406,0.324124,0.674405,0.544217,23.865741,27.025265,92.717155
00127,5,0.447522,-0.412918,0.768974,-0.194684,7.770382,-23.465639,86.495279
00128,5,0.316016,-0.626369,-0.410892,-0.582206,28.243897,-19.821148,95.724932
00129,5,-0.491043,0.673605,0.453862,-0.314869,7.555134,24.334232,98.148594
00130,5,0.461633,-0.802986,0.355581,-0.125185,11.139294,26.914422,88.719240
00131,5,0.187771,0.265299,-0.644529,0.692055,19.586382,-35.248883,103.950887
00132,5,-0.458792,-0.232517,0.814926,-0.267099,-27.796820,-22.938498,84.166623
00133,5,-0.691172,0.219147,0.000367,-0.688662,-26.486828,18.470094,92.467801
00134,5,-0.233454,0.519532,0.346056,-0.745541,35.375228,-30.210340,106.316124
00135,5,0.085369,0.904082,0.332026,-0.255160,33.768846,-25.164691,106.205965
00136,5,-0.197747,-0.649275,0.621814,0.390751,-9.921617,22.196883,84.279802
00137,5,-0.575885,0.713070,0.311059,-0.251258,-7.117130,25.834589,98.277271
00138,5,0.319568,0.070984,0.807130,0.491304,6.260629,-25.075115,88.672160
00139,5,0.841152,-0.397201,0.362848,-0.055098,11.702442,25.877316,96.979890
00140,5,0.075207,-0.743315,-0.516739,-0.418100,14.106265,20.230792,96.577180
00141,5,0.833877,-0.372021,0.125145,0.388058,23.784811,6.640605,93.992483
00142,5,-0.269712,0.854646,-0.389179,0.213014,20.394552,17.414855,92.385742
00143,5,0.112027,0.000138,0.602881,-0.789927,-12.599961,-4.396916,94.771710
00144,5,0.127112,0.738119,-0.262912,0.608195,-18.143847,27.972976,100.374628
00145,5,0.292432,0.667023,-0.665528,0.163208,-19.984823,0.937118,87.527089
00146,5,-0.577124,-0.251780,-0.557521,-0.541021,26.295761,-24.135391,101.312190
00147,5,-0.781752,-0.273091,0.326256,-0.455898,27.798737,2.826101,94.884197
00148,5,-0.306348,-0.437042,-0.009116,0.845614,10.631205,9.132688,92.752874
00149,5,0.394344,0.653075,-0.292560,0.576536,6.113319,-21.362093,86.651827
00150,5,-0.227849,-0.549460,-0.764185,-0.249400,27.377077,2.446646,82.461641
00151,5,-0.071012,-0.074801,0.958934,-0.264212,-4.175233,-14.085683,105.599719
00152,5,0.317775,-0.226131,-0.844530,0.366950,-15.277371,17.685989,92.012063
00153,5,-0.975733,-0.169134,-0.121399,0.067826,-25.306813,-11.848676,91.022891
00154,5,-0.860736,-0.261925,-0.143414,0.412264,27.982675,17.842786,105.030129
00155,5,0.702299,-0.143264,-0.553196,-0.424529,-25.677448,4.148308,93.211625
00156,5,-0.455968,0.425634,-0.772618,0.118277,-8.562134,11.481545,105.591858
00157,5,0.736005,-0.372408,0.473927,-0.308225,23.467682,-14.993835,85.435274
00158,5,-0.831778,-0.024827,-0.550549,-0.066517,-28.439386,-24.898662,91.467906
00159,5,0.196093,-0.595025,-0.584654,0.515434,8.027226,29.092096,103.059802
00160,5,0.677450,0.155268,-0.380550,-0.610029,-3.049953,-29.922778,106.331583
00161,5,-0.368702,0.010783,0.890878,-0.265102,-27.004049,-11.339664,103.862263
00162,5,0.454282,0.838518,0.219122,0.206157,-4.210369,-26.531717,95.301103
00163,5,-0.337298,0.174538,0.925025,0.009771,27.279630,5.160977,88.169711
00164,5,-0.102998,-0.809073,-0.554642,0.164818,22.388156,0.935892,90.146921
00165,5,-0.192816,-0.854697,-0.396222,0.274451,13.029625,6.716866,93.919034
00166,5,-0.906682,0.069168,0.301998,-0.286254,-30.143757,5.763677,99.043872
00167,5,0.836034,-0.146159,-0.517124,-0.110760,30.724706,-28.824083,98.921240
00168,5,-0.403982,-0.800691,0.008116,0.442297,-27.300720,28.111089,105.125456
00169,5,0.585290,-0.735883,-0.219184,-0.260518,31.036094,-18.694109,98.168234
00170,5,0.823363,0.547089,-0.146721,0.035221,-18.987358,-7.221852,87.932225
00171,5,0.142151,-0.563078,-0.792455,-0.186417,22.491086,-32.100409,96.390812
00172,5,0.946463,0.044790,0.183715,0.261629,-13.472366,13.419659,96.534427
00173,5,0.076201,-0.172818,0.042966,0.981061,-27.167436,12.149566,100.055801
00174,5,-0.711355,-0.171338,-0.550567,-0.401863,13.970091,-2.461045,91.686237
00175,5,-0.837096,0.248025,-0.257124,-0.414295,21.416293,-9.942063,85.445583
00176,5,-0.044246,-0.189659,0.307592,0.931375,-4.782845,25.355263,95.061355
00177,5,0.561455,0.723629,-0.055985,0.397486,-7.233100,18.331821,89.286822
00178,5,-0.231039,0.218599,0.020658,0.947844,-15.882602,-9.672836,97.605664
00179,5,0.249474,-0.151728,0.731437,-0.616231,7.257931,28.531125,98.091664
00180,5,-0.678377,0.012926,-0.157174,0.717589,1.819067,0.930238,98.003512
00181,5,-0.122268,-0.161719,-0.978148,-0.046079,15.157780,-1.558245,83.925930
00182,5,0.178677,-0.744873,0.102904,-0.634546,29.084866,8.836184,89.599678
00183,5,-0.142155,-0.015652,0.825956,0.545292,-22.975761,-1.563408,103.437214
00184,5,-0.688145,-0.703291,0.175493,0.032248,-8.696773,14.616221,93.544550
00185,5,-0.036077,-0.975848,-0.070308,-0.203656,-10.463947,18.129442,96.920490
00186,5,-0.135941,0.509413,-0.727426,-0.439169,-16.559604,-12.109625,82.999589
00187,5,0.993090,-0.035106,0.067566,0.089306,-9.701382,6.998855,98.424905
00188,5,-0.449225,0.264115,0.710545,-0.472827,-21.742053,-22.414447,102.203147
00189,5,-0.074151,0.967568,0.005332,-0.241424,0.378443,-18.169758,82.937919
00190,5,-0.214956,-0.541663,0.220575,-0.782139,20.303708,-28.523521,90.417267
00191,5,0.691056,0.328245,-0.259489,0.589375,28.355315,4.467786,94.215554
00192,5,-0.909529,0.269241,0.069344,0.308962,28.649894,8.602413,101.701979
00193,5,0.175807,-0.099336,-0.725158,-0.658309,-24.089536,-25.522110,82.873210
00194,5,-0.507597,-0.762498,-0.364907,0.166687,-28.975734,29.956980,99.740387
00195,5,-0.202593,-0.954652,0.217444,-0.017706,-13.611221,17.101929,102.085854
00196,5,-0.371460,0.177941,0.907878,0.078180,-26.001366,28.938547,89.188244
00197,5,-0.154974,-0.609558,-0.645290,0.433615,-4.652216,-30.686587,98.029301
00198,5,0.278064,0.575826,-0.530039,0.556924,-15.804236,18.661091,82.915157
00199,5,-0.262812,0.940968,0.200819,0.071977,11.926324,-23.688112,93.809925
00200,5,-0.569645,-0.288850,-0.236147,-0.732329,0.949809,-30.771624,102.175854
00201,5,0.155649,-0.255566,0.405340,-0.863805,21.118877,1.554661,83.941086
00202,5,-0.190924,-0.125277,-0.951565,-0.205858,-32.221579,2.108819,100.576419
00203,5,0.835989,-0.433457,-0.277343,0.190571,2.254994,-21.768210,86.358341
00204,5,0.138346,-0.470353,0.725207,0.483428,-26.571909,-28.443970,96.523338
00205,5,-0.799031,0.173659,-0.572548,-0.059838,-8.251102,1.712075,85.319669
00206,5,-0.424636,-0.261821,0.788443,-0.359849,-11.477831,-12.815327,90.990137
00207,5,0.660016,0.546118,-0.017360,-0.515589,-4.979302,-17.200208,99.237506
00208,5,0.452206,-0.052169,-0.560112,0.692143,3.336961,-6.186815,92.741097
00209,5,-0.393883,0.538222,0.593450,-0.450545,-13.542860,-26.109700,98.856466
00210,5,-0.051914,-0.078374,0.975142,-0.200651,-5.921245,15.659439,93.378726
00211,5,0.859540,0.375119,-0.290889,0.189369,-22.008967,28.295399,99.387623
00212,5,-0.382471,0.704759,-0.490478,-0.341265,29.542905,-4.434129,99.187322
00213,5,0.628754,0.479750,0.512221,0.334870,-17.193995,-7.301707,98.139126
00214,5,-0.258803,0.723386,0.639949,0.014113,0.019389,-14.150216,99.726437
00215,5,0.729462,-0.053865,0.553900,0.397717,-13.756847,-12.588288,98.513771
00216,5,0.264226,-0.682157,0.362687,-0.577326,31.215358,29.634772,101.243428
00217,5,0.234239,-0.879928,0.340830,0.233867,16.484596,27.246205,94.913879
00218,5,0.090887,0.566396,-0.784367,0.236017,9.120465,-17.982956,101.582063
00219,5,-0.914175,-0.353060,0.153013,0.127355,-22.106246,-26.334369,90.789472
00220,5,-0.035259,-0.574846,0.615025,-0.538566,-2.517880,9.473857,98.885167
00221,5,0.469995,-0.431424,0.754091,0.155963,-12.964159,24.718869,95.461795
00222,5,0.243103,-0.061362,-0.802677,0.541151,-0.010406,9.679955,102.183592
00223,5,-0.794608,-0.163075,0.446936,0.377165,-1.916222,1.613156,103.279501
00224,5,0.055142,0.204862,-0.140770,-0.967044,-8.655222,27.743385,91.248827
00225,5,-0.396115,0.205394,-0.776793,0.444408,19.270559,31.431921,103.248375
00226,5,-0.023524,-0.204509,0.382446,-0.900754,-8.621701,-18.934502,89.485133
00227,5,0.125603,-0.422238,-0.897740,-0.001201,-6.400197,-14.026559,89.223975
00228,5,0.923122,0.040990,-0.268447,0.272218,17.082522,1.839772,94.145976
00229,5,0.098662,-0.001449,0.347131,0.932611,13.056684,-6.436810,82.854440
00230,5,0.105083,-0.015632,-0.993958,0.027580,28.524457,-8.222223,97.258916
00231,5,-0.794293,-0.026226,-0.574773,-0.195053,24.467180,26.329061,98.848372
00232,5,-0.313657,0.853992,-0.090706,-0.405079,-5.478681,-29.210237,93.398695
00233,5,-0.712007,-0.137272,0.028466,0.688034,22.559951,8.158969,100.960196
00234,5,-0.313697,-0.258101,-0.858145,0.313951,1.514737,-8.000546,82.478784
00235,5,-0.277730,-0.802103,0.517455,0.108339,2.608756,28.156379,96.332466
00236,5,-0.779516,0.479386,-0.347650,-0.204164,-0.038264,-2.730056,92.630718
00237,5,-0.145013,0.077221,0.723533,-0.670454,0.982411,-22.583274,85.948732
00238,5,0.915485,-0.282788,-0.286029,-0.010264,5.607089,-5.557010,104.950039
00239,5,-0.053054,0.814193,-0.296488,0.496356,-31.811085,16.465866,103.880424
00240,5,0.503242,0.276330,-0.818345,0.026479,-21.808994,-13.154226,100.391964
00241,5,-0.204187,0.081135,0.868333,0.444659,-0.494549,-29.886702,101.713209
00242,5,0.643897,-0.388440,0.611314,0.246589,23.022634,26.577489,106.035903
00243,5,-0.587484,-0.464264,-0.610830,-0.257311,-12.854358,-8.794972,106.119056
00244,5,0.430783,0.281284,0.176785,-0.839078,23.954720,-5.179290,86.949062
00245,5,-0.947943,-0.241003,-0.198259,-0.063363,31.156350,-23.161509,94.681274
00246,5,-0.590563,0.211781,0.496247,0.600103,28.488694,-10.652331,89.644647
00247,5,0.784063,-0.505784,-0.020457,-0.359179,12.478566,-23.549449,88.470048
00248,5,0.102048,-0.703561,-0.223421,0.666837,9.828362,-22.877776,96.928285
00249,5,0.489349,0.008889,-0.866058,-0.101989,12.627514,-7.707492,87.329351
00250,5,0.672108,0.333514,-0.187918,0.633818,-30.426028,15.368985,97.621667
00251,5,-0.074856,0.464337,0.206034,0.858101,-18.000207,-7.486984,106.153311
00252,5,-0.402605,0.628673,-0.466955,0.473954,10.943164,-6.765426,93.118791
00253,5,0.106935,0.912176,-0.291884,0.267028,7.082728,-8.080854,85.326332
00254,5,0.284154,-0.086971,0.931024,-0.211864,13.945502,7.374815,90.050475
00255,5,-0.446436,0.096994,-0.638196,-0.619672,12.101682,18.601270,83.685335
00256,5,0.297370,0.410993,0.227747,-0.831136,23.158844,1.306562,97.108785
00257,5,0.425571,-0.104448,-0.693116,-0.572337,-0.589859,-9.535037,88.731604
00258,5,-0.324827,0.426104,0.337183,0.774099,-27.793320,18.980765,86.641128
00259,5,-0.321414,0.430022,-0.484625,-0.690589,14.439170,-1.151654,95.856607
00260,5,-0.018126,0.563802,0.763387,-0.314704,-8.287645,-28.502468,90.421069
00261,5,0.137266,-0.277072,0.295021,0.904075,-13.197055,-13.118797,104.969465
00262,5,0.419674,-0.771715,-0.223309,-0.422448,17.794312,-2.029232,90.877313
00263,5,-0.515354,-0.809593,0.224752,-0.168692,31.029311,18.383007,105.841641
00264,5,-0.433504,-0.820839,0.363008,0.080759,-2.944024,34.367151,103.022230
00265,5,0.714025,0.216472,0.594464,0.299869,-7.334458,22.440319,90.794055
00266,5,-0.758970,-0.334501,0.512921,0.221326,-25.942373,6.571527,87.811565
00267,5,-0.586714,0.548815,0.465831,-0.370905,-6.983615,22.160314,102.340267
00268,5,0.076505,0.348241,-0.410829,-0.839103,31.460757,19.348288,98.253627
00269,5,-0.041071,0.726028,-0.273111,-0.629768,24.218814,-19.048695,83.337522
00270,5,-0.366004,0.908859,0.140458,0.142438,-24.659587,-17.602274,89.735667
00271,5,-0.135279,-0.561610,-0.789126,0.208746,-29.642845,1.908142,98.358615
00272,5,0.471122,0.133737,-0.645001,-0.586628,-19.634436,-5.563069,83.977880
00273,5,-0.060934,0.872696,-0.438074,0.206833,1.350774,-16.855341,95.069209
00274,5,-0.725544,-0.071892,-0.683965,0.024696,33.963892,32.414225,99.818699
00275,5,-0.077261,-0.294657,0.630585,-0.713842,-23.150271,20.640951,88.507943
00276,5,-0.514642,0.572110,-0.370537,-0.520130,-27.175076,-22.839400,85.617049
00277,5,-0.747065,0.459838,0.122135,-0.464247,-26.808508,15.879856,90.509512
00278,5,-0.001087,0.873906,0.287091,-0.392259,8.647517,5.147324,100.293615
00279,5,-0.969150,-0.227551,-0.044499,0.083593,-16.015985,9.000469,83.878345
00280,5,0.067848,-0.266069,-0.573832,0.771571,-5.289209,8.945182,86.635197
00281,5,-0.637945,0.051739,-0.117004,-0.759381,13.712524,25.073072,99.108743
00282,5,-0.709495,-0.282085,-0.351801,0.541555,-7.126871,7.665442,83.694166
00283,5,0.085705,0.576724,-0.275050,0.764455,-13.329000,24.670656,103.656477
00284,5,0.657602,-0.235723,0.585005,0.412023,12.682809,20.542996,93.981712
00285,5,-0.937645,-0.313798,-0.139639,-0.053417,-24.166032,-22.792848,103.495088
00286,5,0.285038,0.449234,-0.394502,0.749207,-34.617114,33.121559,101.996628
00287,5,-0.755721,-0.126646,-0.214208,0.605773,-5.664459,-14.389872,92.397951
00288,5,0.682790,-0.526993,-0.418007,0.285213,-24.816468,-6.354811,94.002746
00289,5,0.449285,-0.574658,0.522551,-0.441419,8.353288,20.031756,102.066981
00290,5,-0.720313,0.356844,-0.526976,0.275876,-31.123614,19.670800,95.695555
00291,5,0.262956,-0.110411,-0.188323,0.939786,-18.017919,-2.591076,82.734454
00292,5,0.205236,0.106346,-0.229767,0.945397,-28.479905,7.631480,89.085112
00293,5,-0.920969,-0.191889,-0.176203,-0.289735,19.900881,24.514568,83.415828
00294,5,-0.734317,0.579106,0.159221,0.316328,-17.055569,-20.297990,82.521079
00295,5,-0.233794,-0.744430,0.298749,-0.549466,-7.400788,22.753763,89.583182
00296,5,-0.068797,-0.546749,-0.693135,-0.464646,-15.060184,-11.731984,83.727035
00297,5,0.708250,-0.654884,0.036340,0.261131,25.665475,15.287876,83.103765
00298,5,-0.476529,-0.647268,0.590829,-0.069897,27.990457,-13.244819,106.311460
00299,5,-0.695678,-0.475212,0.237057,-0.483745,-26.588836,4.552942,84.915891
00300,5,0.336582,0.461857,0.798718,0.188279,-2.548794,-11.071557,93.419317
00301,5,0.179888,-0.840451,0.398619,-0.319976,20.752342,5.298179,97.896118
00302,5,-0.319749,-0.129790,0.929942,0.126977,21.420851,-17.869793,92.440485
00303,5,0.511253,0.093469,-0.854226,-0.013447,13.586478,33.393258,98.644699
00304,5,0.819174,0.234061,0.066988,-0.519310,24.061963,23.313407,82.610393
00305,5,0.058420,0.252587,0.113822,-0.959078,-16.525812,-22.142666,82.898387
00306,5,-0.164968,-0.940422,0.260967,-0.142436,30.259410,-29.767577,104.279068
00307,5,0.931057,-0.024417,0.357954,0.066380,19.150289,14.945387,90.431957
00308,5,-0.083538,0.393916,0.329986,-0.853792,16.143524,2.525351,102.688368
00309,5,0.575362,0.038800,0.532746,-0.619382,-27.517811,-12.273075,88.687408
00310,5,-0.022687,0.522349,0.831432,-0.188036,-23.526906,-28.422499,98.751614
00311,5,-0.833070,0.212047,0.149773,0.488465,-17.306005,-13.469951,97.884610
00312,5,-0.662485,0.066183,-0.690903,-0.281756,-10.193721,-24.543234,101.045467
00313,5,-0.415835,-0.810746,-0.241671,-0.333717,2.558627,21.492982,102.480319
00314,5,0.200634,-0.442724,-0.181733,0.854818,30.537054,-18.805805,100.452682
00315,5,0.641424,-0.628179,0.353963,-0.262063,-5.552900,28.422186,87.263147
00316,5,0.143077,0.060509,0.533466,0.831434,21.592784,-3.680016,101.662005
00317,5,0.362156,0.122536,0.852223,-0.357133,24.243373,-11.433544,84.838546
00318,5,-0.384998,0.452606,-0.513895,0.618738,-27.424431,-16.097640,84.128952
00319,5,0.528126,0.654930,-0.418493,0.342072,12.788244,-0.772925,85.966348
00320,5,0.074257,-0.253794,0.319353,0.909993,-7.716358,7.295090,92.608124
00321,5,0.121986,-0.947904,0.079824,-0.283240,-19.615486,-13.392373,90.644476
00322,5,0.542555,-0.361193,0.563688,-0.507375,6.722748,8.300253,90.541608
00323,5,0.021600,-0.418957,-0.896125,0.144803,14.851162,-28.634080,91.677054
00324,5,0.195808,-0.442078,-0.474599,0.735515,-30.538447,-28.378087,89.476537
00325,5,0.003435,-0.682748,-0.284850,-0.672832,-21.138782,-20.269687,85.610715
00326,5,0.054326,0.272197,-0.783688,-0.555690,-15.976987,-22.975656,83.628924
00327,5,-0.474444,-0.801876,0.298185,-0.207324,0.374342,19.220631,99.814902
00328,5,-0.814284,0.432368,0.301588,0.242992,-23.800542,-21.403755,102.156562
00329,5,-0.440727,0.651948,-0.194896,-0.585439,22.649997,8.508959,89.280286
00330,5,-0.150256,0.314650,-0.825298,-0.444186,-15.887170,33.218349,102.208841
00331,5,-0.164639,0.188554,-0.776192,0.578677,17.585706,-4.334747,94.463362
00332,5,0.042298,0.399770,0.913688,0.059735,-14.871523,-12.972871,87.438158
00333,5,-0.160554,-0.591116,-0.581565,0.535337,-24.607769,-22.840432,96.379845
00334,5,0.030536,0.760887,-0.478926,0.436747,14.592690,10.770351,102.788087
00335,5,-0.584147,0.161863,0.696055,-0.384811,24.097967,26.709071,90.008845
00336,5,0.276039,-0.331514,-0.478294,0.764942,-13.351007,-11.953122,97.716470
00337,5,-0.500231,-0.361466,0.002141,-0.786833,-5.240264,-35.314560,103.260728
00338,5,-0.204146,0.459419,0.863631,0.037426,-16.180249,26.218673,101.289894
00339,5,-0.257666,0.480104,-0.751357,-0.372250,-29.221273,7.191445,86.227813
00340,5,0.287505,-0.916718,0.238392,0.141909,-8.346812,3.983698,95.210829
00341,5,-0.672905,0.589396,-0.375866,0.241943,-18.130033,19.615291,101.567316
00342,5,-0.165587,-0.274207,-0.702337,-0.635700,23.181431,-19.653812,93.018164
00343,5,0.089034,0.470822,-0.305636,-0.822791,25.274632,2.112540,83.250022
00344,5,-0.229167,0.652010,-0.202764,-0.693724,-30.819195,15.071563,91.439245
00345,5,-0.237639,0.099613,0.964952,-0.049726,-32.554794,26.315894,99.417892
00346,5,-0.231819,-0.281880,-0.733346,-0.573592,26.815525,-4.431262,105.316365
00347,5,0.107115,-0.071491,-0.356505,0.925375,33.183441,31.868754,99.948784
00348,5,-0.201501,-0.555270,-0.026201,-0.806466,-24.471058,7.841039,97.905497
00349,5,-0.851158,0.270391,0.444272,0.071003,20.248826,6.884646,85.970048
00350,5,0.429376,0.067415,-0.758223,-0.485993,6.891329,-25.915955,93.688962
00351,5,-0.813456,-0.156508,-0.426839,-0.362772,13.674508,-29.455427,98.431099
00352,5,-0.902577,-0.029188,0.113526,-0.414264,15.786648,-14.977635,83.043629
00353,5,0.379302,0.326930,0.456465,0.735450,26.140438,21.839283,91.451727
00354,5,-0.058395,-0.565439,0.631539,0.527282,-8.312916,-4.331484,98.458859
00355,5,-0.048585,-0.891344,0.442026,-0.088081,3.955620,-17.056346,84.229452
00356,5,0.332035,0.863087,-0.238010,-0.296961,2.876093,-7.992714,90.627402
00357,5,-0.562798,0.125730,-0.721455,-0.383344,16.655933,-1.975804,84.019749
00358,5,0.433992,-0.522434,-0.733968,-0.002233,-22.911600,-17.721477,94.397991
00359,5,0.634116,0.047163,-0.301279,0.710566,11.670752,-4.358391,91.536877
00360,5,0.233908,-0.141141,-0.947333,-0.167109,18.741169,29.343301,97.129301
00361,5,-0.823036,-0.220508,-0.402440,-0.334708,19.495860,-30.176815,96.642914
00362,5,0.633855,0.357464,0.681082,-0.081080,-2.728922,-5.796625,87.960844
00363,5,0.214128,0.861992,0.229264,-0.398193,-14.000442,22.183301,94.022380
00364,5,0.405933,-0.749941,0.498561,0.155704,-24.865252,-22.942563,84.119972
00365,5,-0.612907,0.383776,0.412427,0.554044,-5.872150,22.538328,104.274226
00366,5,0.177925,-0.526491,0.234467,-0.797605,-35.387919,-0.317837,104.381212
00367,5,-0.233474,-0.337396,0.736890,-0.537258,-21.334444,-13.578220,91.666690
00368,5,0.003844,0.197037,-0.824311,0.530729,15.213159,-30.318076,91.859509
00369,5,0.114825,-0.274604,0.948673,0.106901,-9.635194,27.283119,90.337703
00370,5,-0.695463,-0.383748,-0.427809,0.431333,17.510544,11.675908,84.400680
00371,5,-0.738081,0.552260,0.200356,-0.331817,25.362816,2.920442,101.613889
00372,5,0.099188,0.100335,-0.986349,-0.084908,31.009642,-14.405566,100.078996
00373,5,0.384417,0.391828,0.051101,-0.834316,14.154354,-1.571310,82.920966
00374,5,-0.819664,-0.477778,0.228188,-0.218652,4.773315,-13.055406,92.413069
00375,5,-0.320769,0.179640,-0.102959,0.924249,5.755813,-1.456013,98.018173
00376,5,-0.265019,0.144631,0.814230,-0.495859,-30.928455,1.012752,92.020058
00377,5,0.251427,0.045871,0.174911,0.950835,-1.694056,-22.876227,101.589435
00378,5,0.153999,-0.739246,0.055297,0.653255,27.320339,-17.330803,84.741161
00379,5,0.032243,0.972606,-0.229953,-0.010954,-22.315183,-26.288281,88.493032
00380,5,0.713358,-0.483052,-0.148736,0.485447,12.377034,31.688542,94.552341
00381,5,-0.328282,-0.933130,-0.075626,-0.125617,14.478477,-1.340897,105.179901
00382,5,-0.251189,0.446237,0.775849,-0.368558,24.617486,-3.219520,105.296559
00383,5,0.108875,0.595457,-0.685205,0.405058,23.694264,12.394796,105.095195
00384,5,-0.746226,0.565688,0.345380,-0.062097,20.198296,-10.736889,84.286052
00385,5,0.841952,-0.253953,-0.364547,0.306155,10.481914,1.517891,93.782922
00386,5,0.634520,0.363825,0.501569,0.462001,-17.205251,25.027198,87.492852
00387,5,-0.553663,-0.088110,0.602871,-0.567662,-25.340747,-14.841825,100.717958
00388,5,0.512954,0.228016,0.448663,0.695405,-12.907179,1.193252,83.381049
00389,5,-0.024676,-0.275822,0.882146,-0.380960,-32.800663,18.683393,105.076232
00390,5,-0.675238,-0.549424,0.312595,-0.380093,26.751907,-14.516260,92.838111
00391,5,0.334684,-0.433380,0.822096,-0.155970,-11.100504,16.644138,106.406875
00392,5,-0.570220,-0.007547,-0.262056,-0.778536,-28.259566,-4.195204,103.396863
00393,5,-0.891373,0.302620,-0.324674,-0.091990,12.128779,5.265168,94.501397
00394,5,-0.613965,0.031147,-0.499013,-0.610789,5.867757,6.029411,97.185598
00395,5,0.007160,-0.779426,0.093678,-0.619409,-15.438515,-2.773951,96.859247
00396,5,-0.057120,0.603100,-0.420040,0.675703,14.214394,-21.592665,103.565226
00397,5,-0.827851,-0.537693,-0.039223,-0.154953,9.783168,23.861494,105.779665
00398,5,-0.499799,0.543177,0.669740,0.081290,-9.206906,31.643636,102.664593
00399,5,-0.781514,-0.372439,-0.301496,0.399530,26.044224,-28.846528,99.835802
00400,5,-0.768429,-0.593519,0.206187,-0.121404,1.260832,-5.177829,105.859188
00401,5,0.820532,-0.485757,-0.162822,0.253489,-11.742161,19.659954,85.088178
00402,5,-0.807506,0.098375,0.581567,-0.006054,0.377087,1.009171,99.783379
00403,5,0.370211,0.368012,0.760258,0.386676,24.545912,-21.259386,84.080335
00404,5,-0.206098,-0.237700,-0.909104,-0.273044,29.526701,-30.177333,88.338906
00405,5,0.275786,0.893450,-0.286165,-0.209284,-4.962041,-18.915171,101.600249
00406,5,-0.061311,-0.196311,-0.651676,-0.730083,29.653288,-14.979618,92.362648
00407,5,-0.148509,-0.678262,0.426907,-0.579359,-16.742070,15.716366,95.486410
00408,5,0.181388,-0.142966,0.058926,-0.971178,-13.907222,-20.443690,91.141918
00409,5,0.535664,0.449113,-0.095087,0.708745,29.536688,24.153631,98.945046
00410,5,-0.157144,-0.292036,0.802171,-0.496530,30.495796,-9.502248,100.813899
00411,5,-0.856636,0.169728,-0.385864,0.297450,11.548398,33.525943,103.004952
00412,5,-0.865046,-0.133449,0.456899,0.158523,26.276045,22.198674,90.737991
00413,5,0.296741,-0.652507,0.237212,0.655675,-1.603998,-5.661604,90.571684
00414,5,0.391034,0.577887,0.277583,-0.660369,23.194022,21.545139,100.667849
00415,5,-0.662400,0.540499,-0.516739,-0.045485,6.749294,-12.091492,101.842613
00416,5,-0.163797,0.533217,-0.570032,0.603253,-21.128538,18.955367,87.064946
00417,5,0.519756,-0.764605,-0.131211,0.357795,-31.298423,22.895774,99.628776
00418,5,0.348053,-0.170143,-0.855938,-0.342463,-24.331139,-10.885323,86.615467
00419,5,-0.368202,0.444424,0.815723,0.038864,-28.171223,22.172843,100.384728
00420,5,0.690909,-0.422527,-0.568874,-0.143174,-16.578518,4.070989,100.350778
00421,5,0.827704,0.453638,0.145169,-0.296724,-0.378618,-10.184187,92.518266
00422,5,0.667270,0.472771,0.520846,0.244862,-18.489353,13.031371,100.238294
00423,5,0.124536,-0.372915,-0.294208,-0.871130,-14.752403,7.912055,82.938830
00424,5,-0.568536,0.233101,0.700099,-0.363720,9.417447,-0.513172,98.665635
00425,5,-0.051190,0.965844,0.242480,-0.075681,15.221530,26.084389,103.178995
00426,5,-0.087280,0.230403,0.963683,0.103008,-29.791124,-10.195482,96.537795
00427,5,0.701150,0.705006,0.020710,-0.104527,18.313641,-2.971565,98.184758
00428,5,0.926876,-0.171939,-0.072586,0.325681,16.439428,5.989769,83.327275
00429,5,-0.210772,0.210020,-0.549409,0.780779,16.196137,-18.491649,86.153477
00430,5,0.196560,-0.769186,-0.115714,0.596931,-10.535182,-9.085532,91.162577
00431,5,0.691335,-0.432939,-0.553142,-0.169273,-18.901944,-5.946829,99.850409
00432,5,-0.139511,0.155711,0.093659,-0.973406,13.462558,-9.256453,89.972631
00433,5,-0.242589,0.421765,-0.591662,-0.642807,31.860708,-21.136135,99.164579
00434,5,0.079064,0.636913,0.631074,0.435701,5.687286,-5.334958,87.694034
00435,5,-0.569350,0.613417,0.531799,-0.129419,26.222359,4.637973,106.189410
00436,5,0.694844,0.576053,-0.424693,0.070635,33.005993,7.573660,101.300310
00437,5,-0.252237,-0.071054,0.000442,-0.965053,24.927006,28.030460,87.954599
00438,5,0.530296,0.224768,-0.088251,0.812698,-20.884035,-25.624105,100.548131
00439,5,0.286968,0.226814,0.535863,-0.760957,11.176713,-14.576275,95.959903
00440,5,0.585147,0.288407,-0.661341,0.370205,-24.767822,-16.376571,94.258101
00441,5,-0.093238,0.079865,0.523386,-0.843205,-1.186725,-0.860594,97.421284
00442,5,-0.291258,0.553971,-0.403233,0.667599,27.191336,-3.302740,84.635436
00443,5,-0.184852,0.194664,0.860572,-0.432842,-9.625016,-3.379184,102.626337
00444,5,-0.154140,-0.940690,0.084263,-0.290246,-16.202964,-12.704694,86.608797
00445,5,-0.055875,-0.830827,0.546635,-0.088289,-28.432035,6.993264,84.559639
00446,5,-0.543357,-0.120928,-0.474923,0.681607,-15.963948,-8.134813,85.239294
00447,5,-0.516135,-0.299832,0.354770,0.719614,-17.755997,12.705027,91.834581
00448,5,-0.499029,-0.161594,0.782350,-0.335834,6.188315,22.774581,102.641625
00449,5,0.209482,0.808348,-0.349154,-0.425186,-6.235260,-16.813747,87.074877
00450,5,-0.350352,0.160744,0.161615,0.908458,26.211514,-1.116625,104.465249
00451,5,-0.415655,0.013444,-0.845703,-0.334420,-3.213676,25.251776,103.379579
00452,5,-0.231756,-0.752853,0.602150,-0.130063,-3.315180,-15.406934,90.380280
00453,5,-0.608813,-0.405514,-0.653518,-0.194473,9.167516,-1.302384,91.833429
00454,5,0.734635,-0.051728,-0.413273,-0.535576,-20.786005,22.559700,92.202141
00455,5,0.196106,0.567389,0.754911,0.264048,17.134184,32.859018,99.627511
00456,5,-0.040780,0.610018,0.068086,-0.788403,-18.874304,-19.643495,94.662824
00457,5,-0.082183,0.975327,-0.018644,0.204049,-23.063736,2.581477,85.238232
00458,5,-0.207943,-0.030200,-0.905520,-0.368620,-5.232436,22.196826,90.211894
00459,5,-0.828470,0.423869,-0.364450,0.033882,3.643936,10.722497,103.187490
00460,5,0.219532,-0.901127,-0.130840,-0.350225,-23.492917,-17.769985,98.293118
00461,5,0.306553,0.859337,-0.133194,-0.387071,-18.544222,-11.352206,84.995520
00462,5,0.382172,-0.199971,0.198130,0.880171,7.633277,-11.439731,101.410314
00463,5,0.011805,0.755860,0.438808,-0.485781,-10.379051,21.733252,101.865251
00464,5,0.358113,0.587667,-0.624177,-0.369871,-7.623582,-24.950820,98.213061
00465,5,-0.429856,-0.421097,0.663720,0.444271,10.278971,-5.464519,95.049694
00466,5,-0.584594,0.131685,-0.755503,0.264811,32.458318,-26.154342,99.337973
00467,5,0.153549,-0.641072,0.629643,-0.411095,18.691357,-19.395205,91.067819
00468,5,0.814745,-0.087932,0.434112,-0.374174,10.981581,12.887737,83.095803
00469,5,-0.261590,-0.325469,0.666544,-0.617543,0.728451,29.207835,85.459513
00470,5,-0.254356,0.394355,-0.196778,0.860852,-11.798721,-22.377750,100.370266
00471,5,-0.046041,0.849785,-0.244335,-0.464808,1.441707,-26.197397,99.619625
00472,5,-0.205472,0.207771,-0.370790,-0.881548,-4.530793,-12.057366,86.225961
00473,5,0.342155,0.343662,-0.741252,0.464081,-4.909826,18.854189,86.260663
00474,5,-0.676018,-0.120888,0.309589,-0.657678,7.203389,9.759158,83.107199
00475,5,-0.330545,-0.942536,0.024995,-0.041728,20.416718,10.556127,86.175546
00476,5,0.494983,-0.642936,-0.572614,0.117208,17.502581,-24.589518,103.185253
00477,5,-0.428365,-0.322951,-0.734521,-0.415553,-32.589115,-23.165786,95.485347
00478,5,0.831576,-0.090725,-0.135445,-0.530947,-29.758849,-15.999725,106.193413
00479,5,-0.101379,-0.048900,-0.188136,0.975672,31.351139,1.492104,100.206276
00480,5,0.097882,0.478369,-0.818868,0.301723,26.767256,4.683309,84.656325
00481,5,-0.175966,-0.228853,-0.688803,0.664990,24.902466,19.153141,97.317161
00482,5,-0.148276,0.852771,0.249593,0.434165,13.903036,7.355292,93.565540
00483,5,-0.314125,0.355159,0.604435,-0.640193,-15.495342,-27.757475,87.990032
00484,5,0.173586,0.004200,-0.033195,0.984250,5.825612,-11.529017,102.707681
00485,5,0.114039,-0.024541,0.537679,-0.835041,10.380666,-4.175010,105.614586
00486,5,-0.366738,0.407719,0.552473,-0.627728,-20.628205,21.456129,89.578491
00487,5,-0.096738,-0.607616,0.302900,0.727802,18.578738,-28.341592,86.469845
00488,5,-0.369917,0.181747,0.562488,-0.716755,0.504192,2.634324,98.676201
00489,5,-0.139180,-0.173794,-0.452875,-0.863324,-30.709791,-14.848769,93.939677
00490,5,0.831396,-0.457711,-0.268942,0.164170,28.999508,-28.733706,94.841209
00491,5,0.919659,-0.111267,0.352014,-0.133912,-21.135691,-5.465039,102.351646
00492,5,-0.583533,0.108110,-0.664197,-0.454581,-30.312487,20.832211,100.889078
00493,5,0.477467,-0.646051,-0.383716,0.455419,11.134267,3.174098,93.552884
00494,5,0.198311,0.282412,0.749584,0.564835,-30.942648,-19.344471,91.293508
00495,5,-0.311686,-0.833040,-0.354252,-0.288796,-26.080744,12.616888,92.233470
00496,5,0.067883,-0.967571,0.025585,-0.241958,22.620291,14.350429,83.367371
00497,5,0.092011,-0.866176,-0.322890,-0.370155,-12.875432,21.628796,92.834980
00498,5,-0.107133,0.035689,-0.900488,0.419965,-3.158424,10.928483,82.464268
00499,5,-0.954756,-0.012908,0.043165,0.293958,-31.687059,20.888632,96.457002
00500,5,-0.364030,0.708937,-0.603550,0.024856,24.114066,21.833219,100.006433
00501,5,-0.548894,0.605692,-0.313373,0.483373,24.925204,5.307764,97.276379
00502,5,-0.448599,0.035505,0.575123,0.683178,15.880244,-6.701817,101.512747
00503,5,0.316999,-0.113377,-0.860338,0.382721,26.473345,-31.934332,105.688888
00504,5,-0.557895,-0.133501,-0.768174,0.284324,-12.169992,21.810891,87.665482
00505,5,-0.129710,-0.222490,0.187709,0.947860,22.681605,12.725430,89.786567
00506,5,-0.726922,0.403348,0.155724,-0.533521,23.934710,-10.394800,83.943146
00507,5,0.796251,-0.357816,0.483811,0.062288,18.083287,-10.835085,97.824123
00508,5,-0.033291,-0.188813,0.500148,-0.844448,-15.960452,-6.263176,87.831856
00509,5,-0.887836,0.038634,-0.287855,-0.356923,19.983732,-9.490225,96.130268
00510,5,0.453126,0.367356,-0.345689,-0.735000,-17.849233,13.010009,101.808737
00511,5,0.458890,-0.575325,0.305246,0.604356,-21.237108,-2.860858,89.587071
00512,5,-0.616117,-0.040478,-0.078098,-0.782727,-27.339648,32.039227,104.196983
00513,5,-0.034597,0.010402,0.755144,0.654563,-9.177259,5.227108,91.271388
00514,5,0.674618,-0.090252,0.727521,0.086364,-16.384512,-24.479950,82.772804
00515,5,-0.424832,0.796219,0.204260,0.379250,29.723677,-24.698877,92.090148
00516,5,0.709175,-0.161801,0.441340,0.525462,-31.662446,-17.012768,103.246072
00517,5,0.295051,0.090844,0.723469,-0.617483,-0.001523,23.512413,102.415789
00518,5,-0.023019,0.063983,-0.997650,0.008427,-18.236565,20.507270,92.569909
00519,5,0.566392,0.437699,0.105051,0.690350,-1.053589,-9.613430,87.395024
00520,5,-0.518698,0.294020,-0.794604,0.114492,8.764214,32.205403,95.795667
00521,5,0.454414,0.747059,-0.327775,0.357734,14.081762,17.550040,104.036198
00522,5,-0.093182,-0.173756,-0.143597,-0.969797,11.049088,-33.242411,105.524039
00523,5,0.247893,0.026770,-0.167439,0.953832,3.984852,17.970158,92.649853
00524,5,0.502627,-0.130537,-0.097708,0.848988,-29.418569,-23.304898,105.050287
00525,5,0.562190,0.556057,-0.067447,0.608436,-1.516065,31.732607,104.311698
00526,5,-0.339100,-0.654754,0.152702,0.658019,-7.754172,-31.584421,94.325455
00527,5,0.538689,0.664805,-0.164390,0.490739,-0.549314,-32.229016,101.046425
00528,5,-0.588352,-0.738900,-0.223523,-0.240635,-17.454678,-6.776003,98.624795
00529,5,-0.624765,-0.550995,-0.498427,-0.240091,2.183742,-10.745739,98.120755
00530,5,-0.668486,-0.361403,-0.069339,0.646302,10.220887,-4.007746,106.378331
00531,5,-0.035457,0.478574,0.856719,0.189053,-22.564236,-20.608201,102.209204
00532,5,0.379631,-0.838345,0.271429,-0.281752,23.949983,-3.403028,92.917926
00533,5,0.083762,-0.808813,-0.581044,0.034556,-9.774596,0.542940,91.582354
00534,5,-0.833317,0.546096,0.067629,0.052803,-0.383603,-15.182974,100.487554
00535,5,0.556412,0.795288,0.211564,-0.114734,18.232807,4.008787,91.607323
00536,5,0.738570,0.498385,-0.286820,0.351940,-11.794682,-35.170068,104.088982
00537,5,0.674554,-0.613133,0.202881,0.357608,-6.887981,14.582087,96.107745
00538,5,-0.865134,0.069580,-0.134287,-0.478194,-25.095560,20.197367,97.104215
00539,5,0.533130,0.814791,0.164027,-0.158059,24.845817,29.838507,94.689269
00540,5,0.789830,-0.251252,-0.122037,-0.546029,11.940126,-1.672042,99.664513
00541,5,0.283027,-0.547185,0.699061,-0.363040,-1.746734,-9.588190,83.029964
00542,5,-0.264460,-0.828709,0.046356,0.491074,22.149395,-3.745692,84.523385
00543,5,0.060727,-0.919162,-0.010424,-0.389030,15.859875,3.217712,85.121236
00544,5,-0.343308,0.499570,0.425123,0.672191,2.980921,11.287353,95.486057
00545,5,0.893346,0.448916,-0.001105,0.020180,2.072538,23.367466,91.204026
00546,5,-0.849911,-0.011056,-0.100242,-0.517186,14.353156,12.077927,95.101393
00547,5,0.723567,0.404101,0.465646,0.310365,29.435141,-0.208852,103.094103
00548,5,-0.372007,-0.073074,-0.700084,0.605106,-15.691649,-19.105025,82.886005
00549,5,0.002226,-0.167782,0.676302,-0.717258,7.829749,-4.070190,87.967962
00550,5,0.735680,0.501932,-0.054080,0.451570,15.799037,24.391929,92.253233
00551,5,0.423934,0.076133,-0.841835,-0.325266,19.715604,10.666924,95.832454
00552,5,-0.207928,-0.427770,0.695337,0.538781,-11.524853,0.438310,100.105807
00553,5,-0.361184,0.850480,0.301491,-0.235229,-25.024726,-4.455226,85.662235
00554,5,-0.945344,0.223435,0.086013,-0.221368,26.469583,-11.348896,98.270673
00555,5,0.530007,0.652422,-0.540296,0.038980,23.326956,-2.875967,88.961461
00556,5,0.476918,-0.744733,-0.073359,-0.461022,-5.949872,-21.679888,97.525789
00557,5,0.563609,-0.250588,0.439576,0.652934,-27.033757,5.691167,96.533098
00558,5,-0.337139,-0.913788,-0.175018,0.143865,17.777414,-8.204281,102.806846
00559,5,-0.590033,0.081487,0.217903,-0.773136,-20.401212,21.986873,85.112056
00560,5,-0.053287,-0.231729,0.653424,-0.718679,-11.261108,16.918672,97.274854
00561,5,-0.223117,0.117757,-0.941336,-0.224140,-14.695901,31.546686,102.142794
00562,5,0.480783,-0.548563,0.320493,-0.604327,-1.356644,-1.658918,87.861459
00563,5,0.430338,-0.676831,0.396033,0.447065,14.544808,10.154750,90.251790
00564,5,0.061606,0.278768,0.762456,-0.580650,-19.873389,-17.079944,83.231467
00565,5,0.780863,0.263785,0.323406,-0.464843,-21.088654,-18.333367,101.094894
00566,5,0.293759,0.175056,0.462681,-0.817917,-5.239855,25.496959,100.759998
00567,5,-0.666278,-0.265564,0.507734,0.477237,2.926606,-22.075431,93.610190
00568,5,0.665863,-0.707426,-0.141794,-0.189918,-13.234027,14.652288,89.592387
00569,5,0.095486,-0.438442,-0.430164,0.783332,26.480599,20.064223,94.210010
00570,5,0.147534,0.683818,0.289683,0.653231,1.267413,-6.212428,104.727525
00571,5,-0.724807,0.638503,0.086607,-0.243861,27.312729,31.729025,101.766846
00572,5,-0.798859,0.389543,-0.451048,-0.081471,-16.862005,-6.300608,84.871483
00573,5,0.254717,-0.090096,0.055373,0.961216,4.973324,-29.864233,96.145203
00574,5,-0.623488,-0.411064,-0.148663,0.648220,18.101720,15.819017,95.077095
00575,5,-0.475972,0.315809,0.649273,-0.502156,29.085007,28.621360,102.748473
00576,5,0.474132,0.408410,0.405974,-0.666022,13.265961,-15.609897,96.278178
00577,5,0.140172,-0.151676,-0.223252,-0.952630,3.163939,-27.081562,91.767643
00578,5,-0.607141,-0.479396,0.428154,0.467166,8.952290,-4.656988,85.721396
00579,5,0.404343,0.486226,0.139880,0.761921,-19.657978,-19.055475,93.700527
00580,5,-0.519066,-0.260879,0.731040,-0.357900,-23.693370,29.168521,98.950019
00581,5,-0.337468,-0.470333,-0.787269,0.212390,16.178114,-24.617250,85.128111
00582,5,-0.250997,0.755678,-0.563490,0.220066,10.922751,3.479641,84.229455
00583,5,0.064063,-0.662719,0.102856,-0.739000,8.457336,28.766578,105.297985
00584,5,-0.714185,0.518730,0.406496,-0.235841,14.984778,17.058968,94.572670
00585,5,0.262868,0.356612,-0.779516,-0.442813,0.166163,-10.237628,93.156639
00586,5,0.860125,-0.061353,-0.421964,-0.279942,5.392163,-24.726280,103.140023
00587,5,0.907937,0.047314,0.034239,-0.415017,-24.801265,27.364227,99.819713
00588,5,0.010869,-0.609007,0.751977,-0.252036,0.147678,11.587855,102.739292
00589,5,0.515925,-0.837280,0.151769,-0.098743,-25.728423,12.369130,88.934043
00590,5,-0.776973,-0.003682,0.546779,-0.311982,-14.908310,-28.801404,86.984320
00591,5,0.155575,-0.770809,-0.490215,0.375951,24.327839,6.466107,89.675569
00592,5,-0.563775,-0.277474,0.575353,0.523579,-22.633435,25.504457,104.413702
00593,5,-0.331028,0.003790,0.296512,0.895816,-14.381937,-5.952475,83.066735
00594,5,-0.308550,0.688067,0.557299,-0.347532,1.914188,-31.718073,102.840351
00595,5,0.520228,0.284396,-0.282084,-0.754261,18.772308,-23.349697,98.482152
00596,5,0.661705,0.530043,0.269901,0.456458,-23.157896,-9.799127,102.341562
00597,5,-0.421886,-0.217631,0.776812,0.413779,-2.589967,-14.615423,104.459675
00598,5,0.005716,-0.919734,-0.204896,-0.334775,10.384740,-16.786982,86.676794
00599,5,-0.004788,-0.842276,0.183396,0.506867,24.623517,-6.703688,85.286437
00600,5,0.114311,0.195657,0.765238,0.602547,29.913038,-30.307244,94.695695
00601,5,-0.216517,-0.166531,0.812955,-0.514288,-4.923857,17.086750,104.811172
00602,5,0.868337,-0.449434,0.175121,-0.115466,14.649918,-19.155205,95.787547
00603,5,-0.653672,-0.022108,0.689766,-0.310560,-15.938579,-25.520182,85.137970
00604,5,-0.713590,0.086958,-0.672223,-0.177043,-33.771672,3.027023,100.605119
00605,5,-0.704448,-0.574210,-0.216050,-0.356872,-4.438492,2.092147,89.047802
00606,5,0.486673,0.111771,-0.729111,-0.468031,23.735673,-28.826135,95.612756
00607,5,-0.304151,-0.171064,0.620639,-0.702166,3.623788,-25.226438,83.928979
00608,5,-0.792596,0.430434,0.096202,0.421027,-8.552620,-7.955428,85.687986
00609,5,-0.567883,0.653206,-0.169851,-0.471149,1.970752,-28.100902,89.219893
00610,5,0.201222,0.292692,0.159171,-0.921144,11.333415,17.552542,95.505971
00611,5,-0.868263,0.389007,0.201988,-0.232367,16.078011,7.657155,83.880948
00612,5,0.601908,-0.623783,0.422859,0.264182,-29.000049,-6.158475,99.021290
00613,5,-0.123058,0.910007,-0.361370,-0.161727,1.787615,25.742308,92.194191
00614,5,0.458131,0.637028,-0.024562,-0.619441,-18.748060,-14.745199,104.106704
00615,5,0.812027,-0.112526,0.522243,-0.234971,-18.287718,-17.536366,104.566565
00616,5,0.336088,0.005874,0.452654,-0.825902,7.086481,21.333959,83.841078
00617,5,-0.137557,-0.334584,0.812135,-0.457785,-15.318397,-1.090957,101.301847
00618,5,-0.155801,-0.086173,0.980478,0.083441,30.428855,33.914179,103.279581
00619,5,-0.286094,0.548843,0.598223,-0.508970,26.046264,8.771519,87.856886
00620,5,0.716362,-0.185981,0.445218,-0.504001,-9.811455,6.860211,105.512297
00621,5,0.276189,-0.079551,-0.771226,0.567981,2.883732,-12.106328,94.050787
00622,5,0.442006,0.498656,0.141673,0.732053,-10.499712,23.145027,93.180491
00623,5,-0.070998,0.141692,0.217318,0.963149,-33.440827,-27.055224,100.534894
00624,5,0.131387,-0.439333,-0.317132,0.830152,34.646047,-3.489610,102.844826
00625,5,-0.811493,0.134122,0.077444,-0.563465,-24.429275,-9.954542,86.961250
00626,5,0.897313,-0.215617,-0.338556,-0.183625,-26.781095,-1.995018,90.150993
00627,5,0.892068,0.266774,0.143611,-0.335295,16.044610,33.603570,102.536053
00628,5,0.345915,-0.282361,0.681687,0.579584,0.930562,23.208380,105.995464
00629,5,0.024204,-0.401675,-0.151649,0.902815,-2.776494,22.682337,89.952837
00630,5,0.110033,-0.236863,-0.476980,-0.839213,25.643719,16.605653,84.003930
00631,5,0.309571,-0.368114,-0.830778,-0.280117,1.501022,13.922557,83.503279
00632,5,-0.117238,-0.411041,-0.874289,-0.230044,0.730459,11.964399,86.946889
00633,5,0.807032,-0.546991,0.172051,-0.141065,17.357632,10.655920,83.919405
00634,5,-0.707472,-0.063890,-0.656180,0.254614,28.551167,-18.739412,85.502765
00635,5,-0.640044,0.670371,0.174324,0.332501,-8.161481,7.176225,106.158669
00636,5,-0.102522,-0.196737,-0.508569,-0.831950,1.133366,8.270972,82.963661
00637,5,-0.052821,-0.838901,-0.078544,0.535991,-8.966061,-27.423282,100.868890
00638,5,-0.911175,0.263824,-0.280298,0.146934,26.808506,20.475008,97.419736
00639,5,0.684059,0.275966,-0.381858,0.556858,15.284752,-3.522033,91.114731
00640,5,0.416683,0.478189,-0.690602,-0.347532,-5.240177,-8.868768,88.853332
00641,5,-0.400743,-0.036683,-0.479374,0.779910,7.982037,6.875114,85.914177
00642,5,-0.404569,-0.446730,-0.311547,0.734640,-25.121651,-4.845651,104.446893
00643,5,0.635773,-0.558520,0.223360,-0.483692,18.847081,-19.054584,99.407711
00644,5,-0.402987,0.713421,0.206844,-0.534648,-12.699152,3.010352,99.096573
00645,5,-0.073008,0.779546,0.315558,0.536098,-34.884098,4.968835,103.477006
00646,5,0.572045,-0.219030,-0.734985,0.290839,12.973946,7.447065,86.594026
00647,5,-0.964403,0.155487,-0.011459,-0.213587,18.491416,-1.982477,106.040867
00648,5,0.189525,-0.155239,0.790193,-0.561761,-14.224521,-36.088569,106.080670
00649,5,-0.450073,-0.804320,-0.377684,0.088647,23.441640,20.674771,88.134320
00650,5,0.299577,0.159380,-0.148340,0.928895,-0.473994,-22.540387,92.509108
00651,5,-0.840615,0.263429,-0.413915,-0.229447,0.862314,-2.076626,84.275274
00652,5,0.547313,0.348908,0.573833,0.499428,15.314651,1.678232,87.086555
00653,5,0.280231,0.864317,0.049221,0.414734,31.648994,-15.833321,94.423666
00654,5,-0.879044,-0.228981,-0.349264,0.229921,-13.837515,-14.327079,86.961615
00655,5,-0.890399,0.112830,0.131131,0.421027,-22.044233,13.758384,105.532377
00656,5,-0.369224,0.313774,0.790419,0.374778,4.962045,17.334615,96.316413
00657,5,-0.689692,0.695320,-0.072957,-0.188498,-15.573908,27.319819,104.128124
00658,5,-0.038803,-0.332025,0.508881,-0.793281,2.857312,-28.616848,89.981869
00659,5,0.390971,0.026389,-0.565780,0.725492,28.367033,25.190127,92.730299
00660,5,0.013065,0.593009,0.437993,-0.675523,21.507471,-2.613226,83.183813
00661,5,-0.175758,-0.081135,0.542075,-0.817729,-21.411416,-21.465189,96.360543
00662,5,-0.586552,0.435903,-0.546082,0.409561,3.708459,23.299996,88.383568
00663,5,0.216661,-0.723319,0.608758,-0.243477,-9.659326,-8.954118,99.247104
00664,5,0.966395,-0.107867,0.176464,-0.152664,8.556850,2.986267,89.382163
00665,5,-0.169138,-0.440734,0.409097,0.780888,22.544291,-18.590266,92.630607
00666,5,0.756339,0.027396,-0.447178,0.476690,-16.269297,19.121501,104.693418
00667,5,0.440044,-0.766806,-0.289558,-0.366777,-25.737074,2.353473,101.604575
00668,5,0.691359,0.111577,0.115973,-0.704360,-27.873153,-8.508893,96.186007
00669,5,0.520304,-0.801855,-0.214365,0.200898,-16.028047,-4.033469,97.960087
00670,5,-0.031450,-0.608201,-0.354099,0.709730,-6.000921,-0.723869,84.131398
00671,5,-0.542887,0.794894,-0.149624,-0.225899,-14.429639,3.791731,98.165191
00672,5,-0.622464,-0.101323,0.303003,-0.714466,15.258726,1.664465,95.213239
00673,5,-0.282753,0.734717,-0.609552,-0.093208,30.459654,28.117250,91.775679
00674,5,-0.037221,0.594460,0.780887,0.188277,33.993699,17.862689,106.107426
00675,5,-0.092623,-0.279395,0.426575,-0.855215,5.008388,23.680248,101.906030
00676,5,0.203749,0.904297,0.073204,-0.367932,8.572302,-0.158038,84.172663
00677,5,0.311926,-0.568770,0.424859,-0.631426,33.321863,-20.555555,102.128987
00678,5,0.882226,0.007356,0.189346,0.431011,-8.847111,23.998378,92.645452
00679,5,0.252077,0.638936,0.506063,0.521649,-33.939166,-11.429491,101.139668
00680,5,-0.268814,-0.930264,-0.229923,0.097377,-18.422836,1.354796,94.270662
00681,5,0.393381,0.287870,0.840857,-0.235249,-25.531788,-18.265030,100.713051
00682,5,0.075311,-0.765834,-0.400590,-0.497347,-26.160270,22.147995,83.556139
00683,5,0.871881,0.022896,-0.025677,-0.488509,11.677611,-7.079277,88.251827
00684,5,-0.204062,0.300918,-0.928818,-0.071445,5.982476,26.435564,95.634335
00685,5,0.167472,-0.369266,0.877979,0.254457,-17.072943,22.607764,86.387084
00686,5,-0.685580,0.496136,-0.008545,-0.532688,-20.596605,9.121921,105.255781
00687,5,0.682927,-0.401130,0.377109,0.480097,28.351210,21.496513,101.218018
00688,5,-0.506922,-0.317170,0.464976,-0.652863,-35.639300,-15.776503,104.716798
00689,5,0.436370,0.845442,-0.291532,0.099085,9.411602,4.710069,91.086779
00690,5,-0.475486,0.418110,-0.682036,0.365956,3.380750,34.076117,105.708101
00691,5,-0.914874,0.385639,0.108297,0.050588,-31.853680,33.412071,99.467390
00692,5,-0.024640,-0.675637,0.076331,-0.732858,-33.429813,-12.117771,102.770818
00693,5,0.384181,-0.051647,-0.882723,0.265588,12.153979,20.356210,98.824687
00694,5,0.365493,0.881977,-0.277441,-0.107509,-23.358266,-22.934665,87.857774
00695,5,-0.135500,0.006830,0.378890,-0.915443,15.773397,27.281782,83.477149
00696,5,0.725569,0.217826,0.468403,-0.454643,-15.919666,-9.892995,95.977965
00697,5,-0.823863,0.406195,-0.388140,-0.074847,0.814703,-14.278118,90.217128
00698,5,0.320611,0.414648,0.831381,0.184613,7.098954,-13.204400,92.957353
00699,5,-0.634091,0.693425,0.295051,0.173306,14.228774,-27.802163,101.587032
00700,5,0.612097,-0.039005,-0.747631,-0.254685,-21.152197,20.328690,84.136708
00701,5,0.479855,0.088100,0.572127,0.659278,-4.484718,7.704125,101.497459
00702,5,-0.335648,-0.425648,-0.588917,0.599451,20.134756,-16.941475,83.645800
00703,5,-0.938391,0.061818,0.260200,-0.218855,-21.804937,2.390946,86.513035
00704,5,0.655003,0.512295,-0.532870,-0.156761,-25.200402,12.912519,82.833512
00705,5,-0.272693,-0.002606,0.810971,-0.517647,-11.028021,-26.507190,90.255467
00706,5,0.163085,0.933088,0.314899,0.059904,2.189493,31.886558,104.138606
00707,5,0.071646,-0.355040,-0.918570,-0.158250,-4.152937,11.096002,84.634051
00708,5,-0.585945,-0.080215,-0.177856,-0.786512,-17.588440,-15.200470,86.684619
00709,5,-0.240809,0.396825,0.854642,-0.232655,34.337071,1.351966,104.039721
00710,5,-0.065785,-0.362654,0.160014,0.915724,14.459826,-8.117715,104.121462
00711,5,-0.166384,0.858364,0.475648,-0.096367,17.755667,-10.209109,101.706732
00712,5,0.367819,0.450743,-0.785545,-0.210852,-18.843533,-9.367483,90.895109
00713,5,0.018322,0.843651,0.530321,-0.081718,23.877390,-5.565779,99.020724
00714,5,0.587821,-0.781816,0.008602,0.207742,-13.123433,6.453671,99.312365
00715,5,-0.480552,-0.103458,-0.849362,0.192223,8.977048,-13.620138,102.956539
00716,5,0.739547,-0.506642,-0.273734,0.348502,-27.166139,32.111866,102.538393
00717,5,-0.461171,0.586685,-0.077387,-0.661161,-32.376152,-20.846080,98.535630
00718,5,-0.715826,0.217323,0.227163,-0.623507,21.614143,-5.573732,105.473087
00719,5,0.167787,-0.021985,-0.969461,0.177508,0.149458,7.898616,83.241052
00720,5,0.269365,-0.476097,-0.595963,-0.587879,-16.657316,7.291245,90.889239
00721,5,-0.425940,0.142708,0.888495,0.093735,5.607980,2.805108,86.349377
00722,5,-0.245195,0.780953,-0.554801,-0.148954,13.449552,-21.206574,85.515489
00723,5,0.276442,-0.077394,0.538153,-0.792453,-18.257780,1.006585,83.257091
00724,5,0.720450,0.505486,-0.398385,-0.258313,-2.325276,23.241380,100.117934
00725,5,0.236079,-0.066367,-0.963308,0.109088,-25.255001,-29.518585,94.010577
00726,5,0.016249,0.538512,-0.771257,0.338973,-18.821483,-20.845333,85.005382
00727,5,0.525787,0.431778,-0.525545,0.510802,5.547309,-5.870007,98.173256
00728,5,0.370664,0.456654,0.156316,0.793499,30.111076,23.796671,96.186425
00729,5,0.397258,-0.038322,-0.827309,-0.395319,-3.004437,19.469815,84.388900
00730,5,-0.432369,0.204049,0.079910,-0.874663,-1.028147,28.160052,100.072150
00731,5,0.282652,-0.577658,-0.029554,0.765210,28.139334,-3.312416,86.062668
00732,5,0.604069,-0.540914,0.506257,0.293627,15.876344,-2.504253,103.635435
00733,5,0.628412,-0.074018,0.742990,-0.218138,-16.568382,19.013597,85.012425
00734,5,0.834228,0.025342,-0.549211,0.042304,3.976992,11.588190,90.004814
00735,5,-0.199375,0.035677,-0.371415,0.906106,-26.098647,-1.938089,102.418311
00736,5,-0.748925,0.272149,0.388928,-0.462365,-3.796011,-6.025880,90.218416
00737,5,0.732589,0.426986,-0.015584,-0.529862,1.677479,-4.301569,98.561732
00738,5,0.595160,0.180913,0.093425,-0.777385,-5.546074,-33.776829,102.179486
00739,5,0.684968,-0.364102,-0.618524,0.125206,-14.731698,5.918306,95.025302
00740,5,-0.230162,0.797130,0.373683,-0.414692,-19.771989,23.019488,88.303363
00741,5,0.193497,0.328765,0.818687,-0.429212,-6.026037,9.610815,90.333870
00742,5,-0.650826,-0.186760,-0.680083,-0.281129,19.618659,-21.363271,88.905884
00743,5,0.253446,-0.132687,0.918888,0.271670,-4.408975,9.560655,83.188501
00744,5,-0.154057,0.654829,-0.111769,-0.731418,19.752121,-5.858558,91.146461
00745,5,-0.665459,-0.096007,-0.132494,0.728280,21.238681,-4.807242,102.263282
00746,5,0.574116,0.530902,0.255207,-0.568685,-28.403852,-20.402658,84.682673
00747,5,0.497773,0.257882,-0.638448,0.527355,26.711270,-7.296541,95.496975
00748,5,0.132787,0.360213,0.629132,-0.675875,8.634845,22.503895,83.235923
00749,5,-0.384221,0.363382,0.560914,0.636948,-0.424941,11.119750,84.129356
