00000,17,-0.710485,-0.331154,0.408037,-0.468032,-0.533416,0.325257,1.720692
00001,17,-0.680882,-0.335685,0.420431,-0.496944,-0.532916,0.311384,1.732662
00002,17,-0.649753,-0.340124,0.432710,-0.524308,-0.532417,0.297511,1.744632
00003,17,-0.617175,-0.344396,0.444896,-0.550049,-0.531917,0.283638,1.756602
00004,17,-0.583233,-0.348422,0.457007,-0.574096,-0.531417,0.269765,1.768572
00005,17,-0.548016,-0.352121,0.469056,-0.596386,-0.530918,0.255892,1.780542
00006,17,-0.511617,-0.355410,0.481052,-0.616864,-0.530418,0.242019,1.792512
00007,17,-0.474133,-0.358204,0.493003,-0.635481,-0.529918,0.228146,1.804482
00008,17,-0.435667,-0.360419,0.504909,-0.652195,-0.529419,0.214273,1.816452
00009,17,-0.396325,-0.361970,0.516768,-0.666975,-0.528919,0.200400,1.828422
00010,17,-0.356214,-0.362773,0.528572,-0.679794,-0.528419,0.186527,1.840392
00011,17,-0.315449,-0.362743,0.540308,-0.690635,-0.527920,0.172654,1.852362
00012,17,-0.274142,-0.361801,0.551959,-0.699491,-0.527420,0.158781,1.864332
00013,17,-0.232414,-0.359866,0.563503,-0.706360,-0.526920,0.144908,1.876302
00014,17,-0.190381,-0.356863,0.574914,-0.711250,-0.526421,0.131034,1.888272
00015,17,-0.148167,-0.352719,0.586160,-0.714180,-0.525921,0.117161,1.900242
00016,17,-0.105892,-0.347366,0.597203,-0.715173,-0.525421,0.103288,1.912212
00017,17,-0.063680,-0.340741,0.608003,-0.714263,-0.524922,0.089415,1.924182
00018,17,-0.021652,-0.332787,0.618515,-0.711493,-0.524422,0.075542,1.936152
00019,17,0.020069,-0.323453,0.628689,-0.706912,-0.523922,0.061669,1.948122
00020,17,0.061362,-0.312695,0.638471,-0.700579,-0.523423,0.047796,1.960092
00021,17,0.102108,-0.300476,0.647804,-0.692559,-0.522923,0.033923,1.972062
00022,17,0.142190,-0.286768,0.656628,-0.682924,-0.522423,0.020050,1.984032
00023,17,0.181495,-0.271551,0.664878,-0.671756,-0.521924,0.006177,1.996002
00024,17,0.219911,-0.254813,0.672490,-0.659140,-0.521424,-0.007696,2.007972
00025,17,0.257334,-0.236553,0.679395,-0.645169,-0.520924,-0.021569,2.019942
00026,17,0.293662,-0.216778,0.685525,-0.629941,-0.520425,-0.035442,2.031912
00027,17,0.328799,-0.195507,0.690808,-0.613557,-0.519925,-0.049315,2.043882
00028,17,0.362654,-0.172766,0.695176,-0.596125,-0.519426,-0.063188,2.055852
00029,17,0.395145,-0.148593,0.698556,-0.577754,-0.518926,-0.077061,2.067822
00030,17,0.426194,-0.123037,0.700881,-0.558557,-0.518426,-0.090934,2.079792
00031,17,0.455733,-0.096154,0.702082,-0.538648,-0.517927,-0.104807,2.091762
00032,17,0.483700,-0.068012,0.702094,-0.518144,-0.517427,-0.118680,2.103732
00033,17,0.510040,-0.038687,0.700854,-0.497158,-0.516927,-0.132554,2.115702
00034,17,0.534710,-0.008266,0.698301,-0.475806,-0.516428,-0.146427,2.127672
00035,17,0.557673,0.023158,0.694381,-0.454203,-0.515928,-0.160300,2.139642
00036,17,0.578900,0.055482,0.689041,-0.432457,-0.515428,-0.174173,2.151612
00037,17,0.598372,0.088597,0.682234,-0.410679,-0.514929,-0.188046,2.163582
00038,17,0.616079,0.122385,0.673921,-0.388971,-0.514429,-0.201919,2.175552
00039,17,0.632018,0.156726,0.664064,-0.367434,-0.513929,-0.215792,2.187522
00040,17,0.646196,0.191491,0.652636,-0.346162,-0.513430,-0.229665,2.199492
00041,17,0.658627,0.226548,0.639612,-0.325243,-0.512930,-0.243538,2.211462
00042,17,0.669332,0.261762,0.624977,-0.304759,-0.512430,-0.257411,2.223432
00043,17,0.678343,0.296997,0.608721,-0.284786,-0.511931,-0.271284,2.235402
00044,17,0.685694,0.332111,0.590842,-0.265390,-0.511431,-0.285157,2.247372
00045,17,0.691429,0.366964,0.571345,-0.246632,-0.510931,-0.299030,2.259342
00046,17,0.695597,0.401418,0.550243,-0.228564,-0.510432,-0.312903,2.271312
00047,17,0.698252,0.435331,0.527554,-0.211229,-0.509932,-0.326776,2.283282
00048,17,0.699453,0.468567,0.503305,-0.194663,-0.509432,-0.340649,2.295252
00049,17,0.699264,0.500992,0.477529,-0.178893,-0.508933,-0.354522,2.307222
00050,17,0.697751,0.532473,0.450267,-0.163938,-0.508433,-0.368395,2.319192
00051,17,0.694984,0.562883,0.421565,-0.149808,-0.507934,-0.382269,2.331162
00052,17,0.691035,0.592100,0.391477,-0.136505,-0.507434,-0.396142,2.343132
00053,17,0.685978,0.620006,0.360061,-0.124025,-0.506934,-0.410015,2.355102
00054,17,0.679888,0.646489,0.327384,-0.112354,-0.506435,-0.423888,2.367072
00055,17,0.672838,0.671446,0.293516,-0.101473,-0.505935,-0.437761,2.379042
00056,17,0.664906,0.694777,0.258533,-0.091354,-0.505435,-0.451634,2.391012
00057,17,0.656164,0.716392,0.222515,-0.081964,-0.504936,-0.465507,2.402982
00058,17,0.646686,0.736208,0.185547,-0.073263,-0.504436,-0.479380,2.414952
00059,17,0.636544,0.754148,0.147720,-0.065207,-0.503936,-0.493253,2.426922
00060,17,0.625807,0.770145,0.109125,-0.057745,-0.503437,-0.507126,2.438892
00061,17,0.614541,0.784140,0.069859,-0.050824,-0.502937,-0.520999,2.450862
00062,17,0.602811,0.796082,0.030022,-0.044384,-0.502437,-0.534872,2.462832
00063,17,0.590678,0.805929,-0.010285,-0.038364,-0.501938,-0.548745,2.474802
00064,17,0.578198,0.813647,-0.050957,-0.032700,-0.501438,-0.562618,2.486772
00065,17,0.565425,0.819209,-0.091890,-0.027325,-0.500938,-0.576491,2.498742
00066,17,0.552409,0.822600,-0.132975,-0.022168,-0.500439,-0.590364,2.510712
00067,17,0.539194,0.823810,-0.174103,-0.017162,-0.499939,-0.604237,2.522682
00068,17,0.525822,0.822839,-0.215167,-0.012235,-0.499439,-0.618110,2.534652
00069,17,0.512329,0.819696,-0.256055,-0.007316,-0.498940,-0.631983,2.546622
00070,17,0.498746,0.814396,-0.296658,-0.002335,-0.498440,-0.645857,2.558592
00071,17,0.485101,0.806963,-0.336867,0.002777,-0.497940,-0.659730,2.570562
00072,17,0.471416,0.797430,-0.376573,0.008090,-0.497441,-0.673603,2.582532
00073,17,0.457710,0.785835,-0.415667,0.013668,-0.496941,-0.687476,2.594502
00074,17,0.443995,0.772225,-0.454042,0.019577,-0.496442,-0.701349,2.606472
00075,17,0.430280,0.756654,-0.491593,0.025876,-0.495942,-0.715222,2.618442
00076,17,0.416570,0.739183,-0.528217,0.032624,-0.495442,-0.729095,2.630412
00077,17,0.402865,0.719879,-0.563813,0.039876,-0.494943,-0.742968,2.642382
00078,17,0.389160,0.698815,-0.598280,0.047680,-0.494443,-0.756841,2.654352
00079,17,0.375446,0.676073,-0.631522,0.056083,-0.493943,-0.770714,2.666322
00080,17,0.361713,0.651736,-0.663447,0.065125,-0.493444,-0.784587,2.678292
00081,17,0.347943,0.625896,-0.693965,0.074842,-0.492944,-0.798460,2.690262
00082,17,0.334119,0.598650,-0.722989,0.085263,-0.492444,-0.812333,2.702232
00083,17,0.320216,0.570098,-0.750436,0.096413,-0.491945,-0.826206,2.714202
00084,17,0.306209,0.540346,-0.776229,0.108309,-0.491445,-0.840079,2.726172
00085,17,0.292071,0.509502,-0.800294,0.120962,-0.490945,-0.853952,2.738142
00086,17,0.277771,0.477680,-0.822562,0.134377,-0.490446,-0.867825,2.750112
00087,17,0.263277,0.444995,-0.842969,0.148552,-0.489946,-0.881698,2.762082
00088,17,0.248554,0.411568,-0.861457,0.163477,-0.489446,-0.895572,2.774052
00089,17,0.233568,0.377518,-0.877973,0.179136,-0.488947,-0.909445,2.786022
00090,17,0.218281,0.342970,-0.892470,0.195505,-0.488447,-0.923318,2.797992
00091,17,0.202658,0.308047,-0.904908,0.212552,-0.487947,-0.937191,2.809962
00092,17,0.186660,0.272875,-0.915253,0.230238,-0.487448,-0.951064,2.821932
00093,17,0.170253,0.237579,-0.923477,0.248517,-0.486948,-0.964937,2.833902
00094,17,0.153400,0.202284,-0.929560,0.267335,-0.486448,-0.978810,2.845872
00095,17,0.136066,0.167115,-0.933488,0.286633,-0.485949,-0.992683,2.857842
00096,17,0.118219,0.132194,-0.935256,0.306340,-0.485449,-1.006556,2.869812
00097,17,0.099828,0.097643,-0.934866,0.326384,-0.484949,-1.020429,2.881782
00098,17,0.080865,0.063580,-0.932325,0.346682,-0.484450,-1.034302,2.893752
00099,17,0.061306,0.030118,-0.927652,0.367147,-0.483950,-1.048175,2.905722
