00000,21,-0.363416,0.174838,-0.914844,-0.020530,-0.099342,0.058365,0.281794
00001,21,-0.364609,0.149871,-0.918764,0.021713,-0.099737,0.058509,0.282792
00002,21,-0.364866,0.124993,-0.920397,0.064174,-0.100132,0.058654,0.283790
00003,21,-0.364210,0.100268,-0.919730,0.106746,-0.100528,0.058798,0.284787
00004,21,-0.362669,0.075759,-0.916752,0.149322,-0.100923,0.058943,0.285785
00005,21,-0.360271,0.051525,-0.911463,0.191792,-0.101319,0.059087,0.286783
00006,21,-0.357049,0.027626,-0.903867,0.234047,-0.101714,0.059232,0.287780
00007,21,-0.353035,0.004119,-0.893972,0.275977,-0.102109,0.059376,0.288778
00008,21,-0.348264,-0.018941,-0.881796,0.317474,-0.102505,0.059520,0.289776
00009,21,-0.342773,-0.041503,-0.867360,0.358428,-0.102900,0.059665,0.290774
00010,21,-0.336601,-0.063516,-0.850692,0.398732,-0.103295,0.059809,0.291771
00011,21,-0.329788,-0.084934,-0.831828,0.438279,-0.103691,0.059954,0.292769
00012,21,-0.322373,-0.105710,-0.810807,0.476962,-0.104086,0.060098,0.293767
00013,21,-0.314400,-0.125804,-0.787674,0.514679,-0.104481,0.060243,0.294764
00014,21,-0.305912,-0.145177,-0.762483,0.551327,-0.104877,0.060387,0.295762
00015,21,-0.296951,-0.163791,-0.735289,0.586806,-0.105272,0.060531,0.296760
00016,21,-0.287562,-0.181615,-0.706157,0.621020,-0.105668,0.060676,0.297757
00017,21,-0.277790,-0.198617,-0.675154,0.653874,-0.106063,0.060820,0.298755
00018,21,-0.267679,-0.214771,-0.642353,0.685277,-0.106458,0.060965,0.299753
00019,21,-0.257274,-0.230052,-0.607833,0.715140,-0.106854,0.061109,0.300751
00020,21,-0.246620,-0.244441,-0.571677,0.743379,-0.107249,0.061254,0.301748
00021,21,-0.235760,-0.257919,-0.533973,0.769914,-0.107644,0.061398,0.302746
00022,21,-0.224739,-0.270471,-0.494812,0.794669,-0.108040,0.061542,0.303744
00023,21,-0.213601,-0.282087,-0.454292,0.817570,-0.108435,0.061687,0.304741
00024,21,-0.202386,-0.292758,-0.412511,0.838550,-0.108830,0.061831,0.305739
00025,21,-0.191137,-0.302479,-0.369575,0.857547,-0.109226,0.061976,0.306737
00026,21,-0.179895,-0.311248,-0.325589,0.874502,-0.109621,0.062120,0.307734
00027,21,-0.168698,-0.319066,-0.280665,0.889362,-0.110017,0.062265,0.308732
00028,21,-0.157585,-0.325937,-0.234914,0.902079,-0.110412,0.062409,0.309730
00029,21,-0.146591,-0.331868,-0.188453,0.912612,-0.110807,0.062554,0.310728
00030,21,-0.135752,-0.336867,-0.141399,0.920922,-0.111203,0.062698,0.311725
00031,21,-0.125100,-0.340949,-0.093871,0.926980,-0.111598,0.062842,0.312723
00032,21,-0.114668,-0.344126,-0.045991,0.930759,-0.111993,0.062987,0.313721
00033,21,-0.104485,-0.346418,0.002119,0.932241,-0.112389,0.063131,0.314718
00034,21,-0.094577,-0.347843,0.050337,0.931411,-0.112784,0.063276,0.315716
00035,21,-0.084971,-0.348425,0.098537,0.928262,-0.113180,0.063420,0.316714
00036,21,-0.075689,-0.348186,0.146597,0.922793,-0.113575,0.063565,0.317712
00037,21,-0.066753,-0.347155,0.194392,0.915008,-0.113970,0.063709,0.318709
00038,21,-0.058181,-0.345358,0.241799,0.904917,-0.114366,0.063853,0.319707
00039,21,-0.049991,-0.342827,0.288695,0.892539,-0.114761,0.063998,0.320705
00040,21,-0.042196,-0.339593,0.334958,0.877894,-0.115156,0.064142,0.321702
00041,21,-0.034807,-0.335689,0.380469,0.861013,-0.115552,0.064287,0.322700
00042,21,-0.027836,-0.331150,0.425108,0.841931,-0.115947,0.064431,0.323698
00043,21,-0.021288,-0.326012,0.468760,0.820687,-0.116342,0.064576,0.324695
00044,21,-0.015169,-0.320311,0.511311,0.797328,-0.116738,0.064720,0.325693
00045,21,-0.009481,-0.314085,0.552649,0.771907,-0.117133,0.064865,0.326691
00046,21,-0.004223,-0.307372,0.592665,0.744481,-0.117529,0.065009,0.327689
00047,21,0.000605,-0.300212,0.631255,0.715115,-0.117924,0.065153,0.328686
00048,21,0.005008,-0.292643,0.668318,0.683875,-0.118319,0.065298,0.329684
00049,21,0.008994,-0.284705,0.703756,0.650837,-0.118715,0.065442,0.330682
00050,21,0.012570,-0.276439,0.737476,0.616079,-0.119110,0.065587,0.331679
00051,21,0.015748,-0.267882,0.769388,0.579683,-0.119505,0.065731,0.332677
00052,21,0.018540,-0.259076,0.799409,0.541739,-0.119901,0.065876,0.333675
00053,21,0.020961,-0.250058,0.827458,0.502339,-0.120296,0.066020,0.334672
00054,21,0.023027,-0.240867,0.853463,0.461578,-0.120692,0.066164,0.335670
00055,21,0.024757,-0.231541,0.877352,0.419557,-0.121087,0.066309,0.336668
00056,21,0.026170,-0.222117,0.899064,0.376381,-0.121482,0.066453,0.337666
00057,21,0.027287,-0.212631,0.918540,0.332155,-0.121878,0.066598,0.338663
00058,21,0.028131,-0.203117,0.935729,0.286991,-0.122273,0.066742,0.339661
00059,21,0.028727,-0.193611,0.950583,0.241000,-0.122668,0.066887,0.340659
00060,21,0.029098,-0.184143,0.963064,0.194299,-0.123064,0.067031,0.341656
00061,21,0.029271,-0.174746,0.973137,0.147005,-0.123459,0.067175,0.342654
00062,21,0.029273,-0.165449,0.980776,0.099237,-0.123854,0.067320,0.343652
00063,21,0.029130,-0.156279,0.985959,0.051116,-0.124250,0.067464,0.344650
00064,21,0.028873,-0.147264,0.988672,0.002764,-0.124645,0.067609,0.345647
00065,21,0.028528,-0.138427,0.988906,-0.045695,-0.125041,0.067753,0.346645
00066,21,0.028124,-0.129792,0.986661,-0.094140,-0.125436,0.067898,0.347643
00067,21,0.027691,-0.121379,0.981942,-0.142445,-0.125831,0.068042,0.348640
00068,21,0.027258,-0.113206,0.974759,-0.190488,-0.126227,0.068187,0.349638
00069,21,0.026853,-0.105292,0.965132,-0.238145,-0.126622,0.068331,0.350636
00070,21,0.026505,-0.097650,0.953084,-0.285294,-0.127017,0.068475,0.351633
00071,21,0.026241,-0.090294,0.938647,-0.331813,-0.127413,0.068620,0.352631
00072,21,0.026090,-0.083233,0.921858,-0.377584,-0.127808,0.068764,0.353629
00073,21,0.026077,-0.076478,0.902760,-0.422488,-0.128204,0.068909,0.354627
00074,21,0.026229,-0.070033,0.881402,-0.466409,-0.128599,0.069053,0.355624
00075,21,0.026571,-0.063904,0.857841,-0.509233,-0.128994,0.069198,0.356622
00076,21,0.027126,-0.058093,0.832138,-0.550850,-0.129390,0.069342,0.357620
00077,21,0.027916,-0.052601,0.804358,-0.591153,-0.129785,0.069486,0.358617
00078,21,0.028963,-0.047425,0.774576,-0.630035,-0.130180,0.069631,0.359615
00079,21,0.030287,-0.042562,0.742867,-0.667398,-0.130576,0.069775,0.360613
00080,21,0.031904,-0.038006,0.709315,-0.703142,-0.130971,0.069920,0.361611
00081,21,0.033832,-0.033750,0.674008,-0.737176,-0.131366,0.070064,0.362608
00082,21,0.036086,-0.029786,0.637037,-0.769412,-0.131762,0.070209,0.363606
00083,21,0.038677,-0.026101,0.598498,-0.799764,-0.132157,0.070353,0.364604
00084,21,0.041616,-0.022684,0.558493,-0.828154,-0.132553,0.070498,0.365601
00085,21,0.044912,-0.019520,0.517124,-0.854508,-0.132948,0.070642,0.366599
00086,21,0.048571,-0.016595,0.474500,-0.878757,-0.133343,0.070786,0.367597
00087,21,0.052599,-0.013890,0.430732,-0.900839,-0.133739,0.070931,0.368594
00088,21,0.056996,-0.011389,0.385933,-0.920694,-0.134134,0.071075,0.369592
00089,21,0.061763,-0.009072,0.340220,-0.938271,-0.134529,0.071220,0.370590
00090,21,0.066898,-0.006919,0.293711,-0.953525,-0.134925,0.071364,0.371588
00091,21,0.072396,-0.004908,0.246527,-0.966415,-0.135320,0.071509,0.372585
00092,21,0.078251,-0.003019,0.198791,-0.976908,-0.135716,0.071653,0.373583
00093,21,0.084452,-0.001228,0.150625,-0.984976,-0.136111,0.071797,0.374581
00094,21,0.090989,0.000488,0.102154,-0.990598,-0.136506,0.071942,0.375578
00095,21,0.097849,0.002152,0.053503,-0.993760,-0.136902,0.072086,0.376576
00096,21,0.105014,0.003788,0.004798,-0.994452,-0.137297,0.072231,0.377574
00097,21,0.112467,0.005418,-0.043837,-0.992673,-0.137692,0.072375,0.378571
00098,21,0.120189,0.007069,-0.092276,-0.988428,-0.138088,0.072520,0.379569
00099,21,0.128156,0.008762,-0.140394,-0.981727,-0.138483,0.072664,0.380567
