00000,5,0.085607,0.597986,-0.630644,0.487206,-10.631135,15.202325,85.409652
00001,5,0.167713,0.481947,-0.719002,0.471839,-10.600637,15.433559,85.459403
00002,5,0.247008,0.353224,-0.786363,0.442549,-10.570139,15.664793,85.509154
00003,5,0.321121,0.215571,-0.830971,0.399869,-10.539641,15.896027,85.558905
00004,5,0.387782,0.072973,-0.851735,0.344738,-10.509143,16.127261,85.608656
00005,5,0.444891,-0.070481,-0.848262,0.278483,-10.478644,16.358495,85.658407
00006,5,0.490590,-0.210717,-0.820852,0.202777,-10.448146,16.589729,85.708158
00007,5,0.523311,-0.343790,-0.770485,0.119599,-10.417648,16.820963,85.757909
00008,5,0.541834,-0.465992,-0.698780,0.031181,-10.387150,17.052197,85.807660
00009,5,0.545319,-0.573950,-0.607947,-0.060050,-10.356652,17.283431,85.857411
00010,5,0.533351,-0.664715,-0.500726,-0.151531,-10.326154,17.514665,85.907162
00011,5,0.505953,-0.735846,-0.380305,-0.240639,-10.295655,17.745899,85.956913
00012,5,0.463602,-0.785484,-0.250231,-0.324760,-10.265157,17.977133,86.006664
00013,5,0.407224,-0.812402,-0.114299,-0.401378,-10.234659,18.208367,86.056414
00014,5,0.338170,-0.816041,0.023563,-0.468145,-10.204161,18.439601,86.106165
00015,5,0.258178,-0.796518,0.159412,-0.522961,-10.173663,18.670835,86.155916
00016,5,0.169330,-0.754610,0.289405,-0.564032,-10.143165,18.902069,86.205667
00017,5,0.073994,-0.691724,0.409905,-0.589930,-10.112666,19.133303,86.255418
00018,5,-0.025237,-0.609849,0.517578,-0.599631,-10.082168,19.364537,86.305169
00019,5,-0.125610,-0.511496,0.609479,-0.592560,-10.051670,19.595771,86.354920
00020,5,-0.224286,-0.399629,0.683133,-0.568612,-10.021172,19.827005,86.404671
00021,5,-0.318421,-0.277579,0.736609,-0.528170,-9.990674,20.058239,86.454422
00022,5,-0.405248,-0.148939,0.768575,-0.472103,-9.960176,20.289473,86.504173
00023,5,-0.482168,-0.017461,0.778335,-0.401747,-9.929678,20.520707,86.553924
00024,5,-0.546826,0.113066,0.765843,-0.318871,-9.899179,20.751941,86.603675
00025,5,-0.597183,0.238923,0.731697,-0.225622,-9.868681,20.983175,86.653426
00026,5,-0.631577,0.356569,0.677106,-0.124475,-9.838183,21.214409,86.703177
00027,5,-0.648775,0.462735,0.603850,-0.018161,-9.807685,21.445643,86.752928
00028,5,-0.648011,0.554509,0.514225,0.090396,-9.777187,21.676877,86.802679
00029,5,-0.629018,0.629417,0.410973,0.198164,-9.746689,21.908111,86.852430
00030,5,-0.592047,0.685489,0.297206,0.302076,-9.716190,22.139345,86.902181
00031,5,-0.537873,0.721319,0.176311,0.399128,-9.685692,22.370579,86.951932
00032,5,-0.467777,0.736102,0.051847,0.486464,-9.655194,22.601813,87.001683
00033,5,-0.383513,0.729659,-0.072564,0.561468,-9.624696,22.833047,87.051434
00034,5,-0.287262,0.702428,-0.193347,0.621843,-9.594198,23.064281,87.101185
00035,5,-0.181570,0.655442,-0.307081,0.665677,-9.563700,23.295515,87.150935
00036,5,-0.069277,0.590291,-0.410586,0.691501,-9.533201,23.526749,87.200686
00037,5,0.046553,0.509065,-0.501013,0.698333,-9.502703,23.757983,87.250437
00038,5,0.162711,0.414296,-0.575916,0.685712,-9.472205,23.989217,87.300188
00039,5,0.275931,0.308881,-0.633320,0.653726,-9.441707,24.220451,87.349939
00040,5,0.382980,0.195998,-0.671777,0.603013,-9.411209,24.451685,87.399690
00041,5,0.480756,0.079006,-0.690407,0.534760,-9.380711,24.682919,87.449441
00042,5,0.566380,-0.038653,-0.688923,0.450669,-9.350212,24.914153,87.499192
00043,5,0.637288,-0.153566,-0.667631,0.352914,-9.319714,25.145388,87.548943
00044,5,0.691305,-0.262447,-0.627412,0.244072,-9.289216,25.376622,87.598694
00045,5,0.726706,-0.362232,-0.569682,0.127061,-9.258718,25.607856,87.648445
00046,5,0.742272,-0.450158,-0.496349,0.005058,-9.228220,25.839090,87.698196
00047,5,0.737321,-0.523836,-0.409743,-0.118583,-9.197722,26.070324,87.747947
00048,5,0.711742,-0.581315,-0.312557,-0.240417,-9.167223,26.301558,87.797698
00049,5,0.666009,-0.621140,-0.207762,-0.357001,-9.136725,26.532792,87.847449
00050,5,0.601172,-0.642386,-0.098517,-0.464999,-9.106227,26.764026,87.897200
00051,5,0.518843,-0.644690,0.011928,-0.561277,-9.075729,26.995260,87.946951
00052,5,0.421143,-0.628256,0.120332,-0.643002,-9.045231,27.226494,87.996702
00053,5,0.310648,-0.593835,0.223562,-0.707726,-9.014733,27.457728,88.046453
00054,5,0.190314,-0.542696,0.318685,-0.753457,-8.984234,27.688962,88.096204
00055,5,0.063396,-0.476580,0.403049,-0.778717,-8.953736,27.920196,88.145955
00056,5,-0.066634,-0.397639,0.474347,-0.782583,-8.923238,28.151430,88.195705
00057,5,-0.196179,-0.308371,0.530683,-0.764718,-8.892740,28.382664,88.245456
00058,5,-0.321613,-0.211549,0.570622,-0.725397,-8.862242,28.613898,88.295207
00059,5,-0.439380,-0.110133,0.593229,-0.665501,-8.831744,28.845132,88.344958
00060,5,-0.546105,-0.007182,0.598098,-0.586510,-8.801245,29.076366,88.394709
00061,5,-0.638691,0.094246,0.585357,-0.490455,-8.770747,29.307600,88.444460
00062,5,-0.714416,0.191182,0.555658,-0.379868,-8.740249,29.538834,88.494211
00063,5,-0.771013,0.280842,0.510149,-0.257705,-8.709751,29.770068,88.543962
00064,5,-0.806730,0.360700,0.450426,-0.127264,-8.679253,30.001302,88.593713
00065,5,-0.820381,0.428556,0.378482,0.007899,-8.648755,30.232536,88.643464
00066,5,-0.811387,0.482595,0.296640,0.144066,-8.618256,30.463770,88.693215
00067,5,-0.779792,0.521431,0.207488,0.277452,-8.587758,30.695004,88.742966
00068,5,-0.726279,0.544150,0.113793,0.404311,-8.557260,30.926238,88.792717
00069,5,-0.652156,0.550334,0.018425,0.521040,-8.526762,31.157472,88.842468
00070,5,-0.559328,0.540067,-0.075743,0.624292,-8.496264,31.388706,88.892219
00071,5,-0.450239,0.513933,-0.165915,0.711075,-8.465766,31.619940,88.941970
00072,5,-0.327808,0.472983,-0.249467,0.778841,-8.435267,31.851174,88.991721
00073,5,-0.195337,0.418697,-0.324014,0.825559,-8.404769,32.082408,89.041472
00074,5,-0.056430,0.352932,-0.387484,0.849770,-8.374271,32.313642,89.091223
