00000,24,0.130761,0.942114,-0.085549,0.296655,1.313228,1.931915,10.080722
00001,24,0.102141,0.939865,-0.129887,0.298915,1.298706,1.943833,10.065733
00002,24,0.073461,0.935695,-0.174354,0.297791,1.284184,1.955751,10.050744
00003,24,0.044953,0.929597,-0.218691,0.293263,1.269662,1.967668,10.035754
00004,24,0.016854,0.921584,-0.262633,0.285346,1.255140,1.979586,10.020765
00005,24,-0.010600,0.911690,-0.305916,0.274088,1.240618,1.991504,10.005776
00006,24,-0.037177,0.899966,-0.348281,0.259575,1.226096,2.003422,9.990787
00007,24,-0.062657,0.886482,-0.389481,0.241924,1.211574,2.015340,9.975798
00008,24,-0.086832,0.871327,-0.429281,0.221284,1.197052,2.027257,9.960809
00009,24,-0.109515,0.854603,-0.467465,0.197830,1.182529,2.039175,9.945819
00010,24,-0.130538,0.836423,-0.503839,0.171760,1.168007,2.051093,9.930830
00011,24,-0.149756,0.816913,-0.538232,0.143291,1.153485,2.063011,9.915841
00012,24,-0.167053,0.796203,-0.570495,0.112649,1.138963,2.074929,9.900852
00013,24,-0.182333,0.774426,-0.600506,0.080069,1.124441,2.086846,9.885863
00014,24,-0.195529,0.751718,-0.628164,0.045791,1.109919,2.098764,9.870874
00015,24,-0.206597,0.728213,-0.653393,0.010049,1.095397,2.110682,9.855885
00016,24,-0.215513,0.704041,-0.676133,-0.026925,1.080875,2.122600,9.840895
00017,24,-0.222275,0.679326,-0.696345,-0.064909,1.066353,2.134518,9.825906
00018,24,-0.226899,0.654190,-0.714002,-0.103692,1.051831,2.146435,9.810917
00019,24,-0.229416,0.628746,-0.729093,-0.143074,1.037309,2.158353,9.795928
00020,24,-0.229870,0.603100,-0.741613,-0.182866,1.022787,2.170271,9.780939
00021,24,-0.228314,0.577355,-0.751566,-0.222896,1.008265,2.182189,9.765950
00022,24,-0.224810,0.551604,-0.758962,-0.263002,0.993743,2.194107,9.750960
00023,24,-0.219428,0.525938,-0.763813,-0.303034,0.979221,2.206024,9.735971
00024,24,-0.212241,0.500443,-0.766133,-0.342855,0.964699,2.217942,9.720982
00025,24,-0.203323,0.475203,-0.765938,-0.382336,0.950177,2.229860,9.705993
00026,24,-0.192754,0.450297,-0.763241,-0.421357,0.935655,2.241778,9.691004
00027,24,-0.180611,0.425807,-0.758056,-0.459803,0.921133,2.253696,9.676015
00028,24,-0.166973,0.401810,-0.750396,-0.497568,0.906611,2.265614,9.661026
00029,24,-0.151918,0.378388,-0.740274,-0.534544,0.892089,2.277531,9.646036
00030,24,-0.135523,0.355622,-0.727702,-0.570628,0.877567,2.289449,9.631047
00031,24,-0.117864,0.333596,-0.712691,-0.605717,0.863045,2.301367,9.616058
00032,24,-0.099016,0.312398,-0.695256,-0.639705,0.848523,2.313285,9.601069
00033,24,-0.079055,0.292117,-0.675414,-0.672483,0.834000,2.325203,9.586080
00034,24,-0.058057,0.272847,-0.653187,-0.703939,0.819478,2.337120,9.571091
00035,24,-0.036096,0.254685,-0.628604,-0.733955,0.804956,2.349038,9.556101
00036,24,-0.013249,0.237730,-0.601701,-0.762407,0.790434,2.360956,9.541112
00037,24,0.010403,0.222084,-0.572526,-0.789167,0.775912,2.372874,9.526123
00038,24,0.034780,0.207852,-0.541142,-0.814097,0.761390,2.384792,9.511134
00039,24,0.059796,0.195136,-0.507625,-0.837056,0.746868,2.396709,9.496145
00040,24,0.085361,0.184039,-0.472073,-0.857898,0.732346,2.408627,9.481156
00041,24,0.111380,0.174662,-0.434602,-0.876475,0.717824,2.420545,9.466166
00042,24,0.137752,0.167098,-0.395353,-0.892636,0.703302,2.432463,9.451177
00043,24,0.164372,0.161436,-0.354490,-0.906232,0.688780,2.444381,9.436188
00044,24,0.191127,0.157751,-0.312204,-0.917122,0.674258,2.456298,9.421199
00045,24,0.217900,0.156109,-0.268711,-0.925172,0.659736,2.468216,9.406210
00046,24,0.244568,0.156559,-0.224254,-0.930261,0.645214,2.480134,9.391221
00047,24,0.271005,0.159133,-0.179099,-0.932286,0.630692,2.492052,9.376232
00048,24,0.297082,0.163843,-0.133533,-0.931164,0.616170,2.503970,9.361242
00049,24,0.322671,0.170680,-0.087862,-0.926840,0.601648,2.515888,9.346253
00050,24,0.347644,0.179612,-0.042402,-0.919285,0.587126,2.527805,9.331264
00051,24,0.371877,0.190585,0.002520,-0.908503,0.572604,2.539723,9.316275
00052,24,0.395252,0.203520,0.046579,-0.894531,0.558082,2.551641,9.301286
00053,24,0.417659,0.218320,0.089453,-0.877437,0.543560,2.563559,9.286297
00054,24,0.438998,0.234865,0.130834,-0.857322,0.529038,2.575477,9.271307
00055,24,0.459179,0.253020,0.170429,-0.834320,0.514516,2.587394,9.256318
00056,24,0.478125,0.272636,0.207970,-0.808588,0.499994,2.599312,9.241329
00057,24,0.495775,0.293550,0.243217,-0.780308,0.485472,2.611230,9.226340
00058,24,0.512075,0.315595,0.275959,-0.749683,0.470949,2.623148,9.211351
00059,24,0.526989,0.338599,0.306019,-0.716928,0.456427,2.635066,9.196362
00060,24,0.540490,0.362389,0.333254,-0.682266,0.441905,2.646983,9.181373
00061,24,0.552561,0.386795,0.357552,-0.645928,0.427383,2.658901,9.166383
00062,24,0.563196,0.411653,0.378836,-0.608141,0.412861,2.670819,9.151394
00063,24,0.572394,0.436804,0.397056,-0.569133,0.398339,2.682737,9.136405
00064,24,0.580162,0.462102,0.412191,-0.529124,0.383817,2.694655,9.121416
00065,24,0.586509,0.487407,0.424243,-0.488323,0.369295,2.706572,9.106427
00066,24,0.591447,0.512592,0.433233,-0.446933,0.354773,2.718490,9.091438
00067,24,0.594989,0.537540,0.439200,-0.405144,0.340251,2.730408,9.076448
00068,24,0.597148,0.562147,0.442197,-0.363135,0.325729,2.742326,9.061459
00069,24,0.597936,0.586317,0.442285,-0.321075,0.311207,2.754244,9.046470
00070,24,0.597363,0.609965,0.439535,-0.279122,0.296685,2.766162,9.031481
00071,24,0.595438,0.633016,0.434021,-0.237425,0.282163,2.778079,9.016492
00072,24,0.592165,0.655401,0.425821,-0.196127,0.267641,2.789997,9.001503
00073,24,0.587549,0.677061,0.415015,-0.155362,0.253119,2.801915,8.986513
00074,24,0.581589,0.697939,0.401682,-0.115263,0.238597,2.813833,8.971524
00075,24,0.574287,0.717987,0.385901,-0.075956,0.224075,2.825751,8.956535
00076,24,0.565640,0.737158,0.367748,-0.037569,0.209553,2.837668,8.941546
00077,24,0.555645,0.755407,0.347302,-0.000226,0.195031,2.849586,8.926557
00078,24,0.544302,0.772693,0.324636,0.035945,0.180509,2.861504,8.911568
00079,24,0.531611,0.788973,0.299826,0.070815,0.165987,2.873422,8.896579
00080,24,0.517575,0.804207,0.272946,0.104250,0.151465,2.885340,8.881589
00081,24,0.502200,0.818349,0.244074,0.136113,0.136943,2.897257,8.866600
00082,24,0.485501,0.831356,0.213288,0.166265,0.122420,2.909175,8.851611
00083,24,0.467496,0.843179,0.180674,0.194558,0.107898,2.921093,8.836622
00084,24,0.448215,0.853769,0.146320,0.220844,0.093376,2.933011,8.821633
00085,24,0.427698,0.863071,0.110326,0.244970,0.078854,2.944929,8.806644
00086,24,0.405996,0.871032,0.072799,0.266779,0.064332,2.956846,8.791654
00087,24,0.383174,0.877593,0.033860,0.286116,0.049810,2.968764,8.776665
00088,24,0.359313,0.882694,-0.006357,0.302828,0.035288,2.980682,8.761676
00089,24,0.334510,0.886277,-0.047703,0.316764,0.020766,2.992600,8.746687
00090,24,0.308881,0.888284,-0.090013,0.327783,0.006244,3.004518,8.731698
00091,24,0.282558,0.888658,-0.133104,0.335755,-0.008278,3.016435,8.716709
00092,24,0.255690,0.887350,-0.176775,0.340564,-0.022800,3.028353,8.701720
00093,24,0.228448,0.884315,-0.220810,0.342114,-0.037322,3.040271,8.686730
00094,24,0.201013,0.879519,-0.264977,0.340334,-0.051844,3.052189,8.671741
00095,24,0.173585,0.872940,-0.309030,0.335179,-0.066366,3.064107,8.656752
00096,24,0.146373,0.864568,-0.352715,0.326634,-0.080888,3.076025,8.641763
00097,24,0.119593,0.854409,-0.395771,0.314718,-0.095410,3.087942,8.626774
00098,24,0.093466,0.842488,-0.437933,0.299487,-0.109932,3.099860,8.611785
00099,24,0.068214,0.828844,-0.478944,0.281030,-0.124454,3.111778,8.596795
